1690137297539 0.6332010626792908 0
1690137297603 0.5355021953582764 1
1690137297619 0.497333288192749 2
1690137297643 0.4964582920074463 3
1690137297667 0.49555641412734985 4
1690137297683 0.49461716413497925 5
1690137297699 0.4936361312866211 6
1690137297707 0.4926115870475769 7
1690137297723 0.4915429353713989 8
1690137297739 0.4904296100139618 9
1690137297763 0.48926985263824463 10
1690137297771 0.488059937953949 11
1690137297796 0.4867934584617615 12
1690137297812 0.48546096682548523 13
1690137297828 0.48405009508132935 14
1690137297836 0.48254626989364624 15
1690137297852 0.4809338450431824 16
1690137297868 0.47919705510139465 17
1690137297964 0.4773205518722534 18
1690137297980 0.47528982162475586 19
1690137297988 0.47309112548828125 20
1690137298004 0.47071129083633423 21
1690137298020 0.46813738346099854 22
1690137298036 0.4653566777706146 23
1690137298052 0.4623562693595886 24
1690137298068 0.4591232240200043 25
1690137298084 0.4556446671485901 26
1690137298100 0.45190751552581787 27
1690137298116 0.4478987455368042 28
1690137298132 0.4436055123806 29
1690137298148 0.4390152096748352 30
1690137298164 0.43411552906036377 31
1690137298180 0.43150535225868225 32
1690137298196 0.42534977197647095 33
1690137298204 0.4214417338371277 34
1690137298220 0.4171603322029114 35
1690137298236 0.4133078455924988 36
1690137298252 0.4094208776950836 37
1690137298268 0.40589314699172974 38
1690137298284 0.4019002914428711 39
1690137298300 0.3974308669567108 40
1690137298316 0.39247363805770874 41
1690137298332 0.3870179057121277 42
1690137298348 0.3810538053512573 43
1690137298364 0.3745723366737366 44
1690137298380 0.36756545305252075 45
1690137298388 0.36002638936042786 46
1690137298404 0.3565828502178192 47
1690137298420 0.34598228335380554 48
1690137298436 0.3416314423084259 49
1690137298460 0.33654844760894775 50
1690137298492 0.3306398391723633 51
1690137298516 0.32390332221984863 52
1690137298540 0.3163403868675232 53
1690137298564 0.3186842203140259 54
1690137298584 0.3113827407360077 55
1690137298770 0.29163312911987305 56
1690137298798 0.3369047939777374 57
1690137298822 0.34320133924484253 58
1690137298838 0.3128598630428314 59
1690137298870 0.30070018768310547 60
1690137298894 0.3166670799255371 61
1690137298910 0.3219805359840393 62
1690137298926 0.31814044713974 63
1690137298950 0.30647802352905273 64
1690137298966 0.2881554961204529 65
1690137298984 0.29157891869544983 66
1690137298998 0.2973036468029022 67
1690137299014 0.28402212262153625 68
1690137299038 0.2860201895236969 69
1690137299046 0.286867618560791 70
1690137299062 0.2866612672805786 71
1690137299078 0.2864370048046112 72
1690137299094 0.2841646671295166 73
1690137299110 0.2819764018058777 74
1690137299126 0.2789754271507263 75
1690137299142 0.27521035075187683 76
1690137299158 0.27075809240341187 77
1690137299174 0.2834814190864563 78
1690137299190 0.2769494652748108 79
1690137299198 0.2753474712371826 80
1690137299214 0.2776457369327545 81
1690137299230 0.2731376886367798 82
1690137299246 0.27091437578201294 83
1690137299262 0.2684609591960907 84
1690137299270 0.26912403106689453 85
1690137299286 0.2699337601661682 86
1690137299302 0.2681778371334076 87
1690137299318 0.2679445743560791 88
1690137299342 0.2656095623970032 89
1690137299366 0.2655666470527649 90
1690137299385 0.2698051333427429 91
1690137299406 0.2686728835105896 92
1690137299422 0.26948919892311096 93
1690137299446 0.26540717482566833 94
1690137299454 0.2684982120990753 95
1690137299470 0.26618629693984985 96
1690137299486 0.266608327627182 97
1690137299502 0.267961710691452 98
1690137299518 0.2684984505176544 99
1690137299534 0.270500123500824 100
1690137299550 0.2689366638660431 101
1690137299566 0.2687990665435791 102
1690137299574 0.27058959007263184 103
1690137299590 0.2698753774166107 104
1690137299614 0.2653755843639374 105
1690137299639 0.2633126676082611 106
1690137299662 0.2741847634315491 107
1690137299687 0.26297086477279663 108
1690137299703 0.27482447028160095 109
1690137299735 0.28387048840522766 110
1690137299751 0.28649604320526123 111
1690137299775 0.2833722233772278 112
1690137299791 0.27510446310043335 113
1690137299807 0.2622372508049011 114
1690137299823 0.28380700945854187 115
1690137299839 0.2905625104904175 116
1690137299855 0.27497339248657227 117
1690137299871 0.2676297724246979 118
1690137299885 0.2761313319206238 119
1690137299895 0.28350016474723816 120
1690137299911 0.2850208282470703 121
