1689601840437 109.45957946777344 0
1689601840663 4.0813422203063965 1
1689601840882 3.935697078704834 2
1689601841085 3.852412223815918 3
1689601841299 3.737935781478882 4
1689601841513 3.6282854080200195 5
1689601841730 3.5243165493011475 6
1689601841953 3.467747449874878 7
1689601842230 3.2966246604919434 8
1689601842457 3.2013931274414062 9
1689601842674 3.0898525714874268 10
1689601842885 2.9852590560913086 11
1689601843090 2.8892853260040283 12
1689601843322 2.7658653259277344 13
1689601843550 2.65622615814209 14
1689601843781 2.578817844390869 15
1689601843990 2.49410080909729 16
1689601844212 2.391143560409546 17
1689601844438 2.3109512329101562 18
1689601844650 2.2639708518981934 19
1689601844872 2.185046911239624 20
1689601845085 2.113896608352661 21
1689601845298 2.0521023273468018 22
1689601845525 1.9829511642456055 23
1689601845750 1.9515177011489868 24
1689601845979 1.8821392059326172 25
1689601846186 1.8141463994979858 26
1689601846404 1.777197003364563 27
1689601846614 1.75833261013031 28
1689601846819 1.7397953271865845 29
1689601847046 1.6904571056365967 30
1689601847250 1.5986038446426392 31
1689601847460 1.6157915592193604 32
1689601847700 1.538735270500183 33
1689601847900 1.5907297134399414 34
1689601848108 1.5682547092437744 35
1689601848333 1.4901610612869263 36
1689601848542 1.489721417427063 37
1689601848764 1.4773725271224976 38
1689601848974 1.4867408275604248 39
1689601849209 1.4765841960906982 40
1689601849459 1.4520171880722046 41
1689601849692 1.447525143623352 42
1689601849896 1.4105851650238037 43
1689601850105 1.426822304725647 44
1689601850348 1.4160100221633911 45
1689601850564 1.4563984870910645 46
1689601850800 1.5383003950119019 47
1689601851010 1.4751533269882202 48
1689601851238 1.4940763711929321 49
1689601851463 1.5067131519317627 50
1689601851713 1.3818504810333252 51
1689601851935 1.4097542762756348 52
1689601852157 1.365774154663086 53
1689601852363 1.4657249450683594 54
