1689601840437 7.00923490524292 0
1689601840663 1.675575613975525 1
1689601840882 1.631949782371521 2
1689601841085 1.6143383979797363 3
1689601841299 1.588032841682434 4
1689601841513 1.5653762817382812 5
1689601841730 1.5402941703796387 6
1689601841953 1.5282366275787354 7
1689601842230 1.4858884811401367 8
1689601842457 1.461965799331665 9
1689601842674 1.440321445465088 10
1689601842885 1.4110463857650757 11
1689601843090 1.3877241611480713 12
1689601843322 1.3544608354568481 13
1689601843550 1.330957293510437 14
1689601843781 1.3112109899520874 15
1689601843990 1.2913552522659302 16
1689601844212 1.2659631967544556 17
1689601844438 1.2468664646148682 18
1689601844650 1.233381986618042 19
1689601844872 1.214345097541809 20
1689601845085 1.1954628229141235 21
1689601845298 1.1801704168319702 22
1689601845525 1.1680320501327515 23
1689601845750 1.1599572896957397 24
1689601845979 1.1327108144760132 25
1689601846186 1.1219083070755005 26
1689601846404 1.1120671033859253 27
1689601846614 1.1115813255310059 28
1689601846819 1.1023070812225342 29
1689601847046 1.095625877380371 30
1689601847250 1.0700504779815674 31
1689601847460 1.0715563297271729 32
1689601847700 1.0539860725402832 33
1689601847900 1.0638295412063599 34
1689601848108 1.061014175415039 35
1689601848333 1.0443466901779175 36
1689601848542 1.0390551090240479 37
1689601848764 1.0372545719146729 38
1689601848974 1.0398144721984863 39
1689601849209 1.0419586896896362 40
1689601849459 1.0322784185409546 41
1689601849692 1.0250816345214844 42
1689601849896 1.018601655960083 43
1689601850105 1.0259780883789062 44
1689601850348 1.0213091373443604 45
1689601850564 1.0358015298843384 46
1689601850800 1.0535814762115479 47
1689601851010 1.041641354560852 48
1689601851238 1.0468733310699463 49
1689601851463 1.044425129890442 50
1689601851713 1.009400486946106 51
1689601851935 1.01774263381958 52
1689601852157 1.012554407119751 53
1689601852363 1.0403618812561035 54
