1689326977650 3.3908510208129883 0
1689326977887 1.763765573501587 1
1689326978108 1.285038709640503 2
1689326978357 1.198299527168274 3
1689326978732 1.143072485923767 4
1689326979043 1.0854387283325195 5
1689326979280 1.0230827331542969 6
1689326979508 0.9585592746734619 7
1689326979725 0.8844389915466309 8
1689326979948 0.8076857328414917 9
1689326980161 0.7220850586891174 10
1689326980377 0.6340764164924622 11
1689326980602 0.5409845113754272 12
1689326980813 0.44960156083106995 13
1689326981027 0.36129507422447205 14
1689326981247 0.28080910444259644 15
1689326981465 0.21111862361431122 16
1689326981737 0.1553889513015747 17
1689326981958 0.11163852363824844 18
1689326982176 0.08049729466438293 19
1689326982402 0.05852812901139259 20
1689326982618 0.04350637272000313 21
1689326982833 0.03303954005241394 22
1689326983062 0.02581777796149254 23
1689326983324 0.020626144483685493 24
1689326983568 0.016505742445588112 25
1689326983887 0.01339668408036232 26
1689326984132 0.011023107916116714 27
1689326984375 0.009031267836689949 28
1689326984639 0.00744325015693903 29
1689326984889 0.006202002987265587 30
1689326985145 0.005202457774430513 31
1689326985392 0.004366297274827957 32
1689326985623 0.003691747086122632 33
1689326985854 0.0031306948512792587 34
1689326986150 0.002611581003293395 35
1689326986441 0.002236044965684414 36
1689326986732 0.0019132059533149004 37
1689326986959 0.0016102371737360954 38
1689326987187 0.0013849107781425118 39
1689326987421 0.0011816512560471892 40
1689326987646 0.00102285819593817 41
1689326987858 0.0008933870121836662 42
1689326988100 0.0007839571917429566 43
1689326988319 0.0006874690880067647 44
1689326988552 0.0006044725305400789 45
1689326988763 0.0005302515346556902 46
1689326988987 0.0004720170400105417 47
1689326989226 0.000414110254496336 48
1689326989443 0.000366951193427667 49
1689326989674 0.00032450517755933106 50
1689326989903 0.00028776266844943166 51
1689326990132 0.00025633772020228207 52
1689326990380 0.00022779883875045925 53
1689326990602 0.0002026774745900184 54
1689326990826 0.0001816190779209137 55
1689326991043 0.00016043789219111204 56
1689326991277 0.00014289050886873156 57
1689326991505 0.0001301393931498751 58
1689326991735 0.00011426366108935326 59
