1689326977650 1.503831148147583 0
1689326977887 1.1095647811889648 1
1689326978108 0.9728463292121887 2
1689326978357 0.9464588761329651 3
1689326978732 0.9249398708343506 4
1689326979043 0.9014829397201538 5
1689326979280 0.8745256662368774 6
1689326979508 0.8463150262832642 7
1689326979725 0.812683641910553 8
1689326979948 0.7744680643081665 9
1689326980161 0.7313165068626404 10
1689326980377 0.6828242540359497 11
1689326980602 0.6285219192504883 12
1689326980813 0.5693164467811584 13
1689326981027 0.5044785141944885 14
1689326981247 0.43649983406066895 15
1689326981465 0.3702182173728943 16
1689326981737 0.30737796425819397 17
1689326981958 0.24800603091716766 18
1689326982176 0.19573040306568146 19
1689326982402 0.1532755345106125 20
1689326982618 0.1195310428738594 21
1689326982833 0.09306323528289795 22
1689326983062 0.07547947019338608 23
1689326983324 0.06438525766134262 24
1689326983568 0.05628344416618347 25
1689326983887 0.04801679030060768 26
1689326984132 0.04144478589296341 27
1689326984375 0.03668194264173508 28
1689326984639 0.03264227882027626 29
1689326984889 0.027861155569553375 30
1689326985145 0.02574310638010502 31
1689326985392 0.02258305437862873 32
1689326985623 0.020288320258259773 33
1689326985854 0.018307168036699295 34
1689326986150 0.016513261944055557 35
1689326986441 0.015235473401844501 36
1689326986732 0.01363358087837696 37
1689326986959 0.012632843106985092 38
1689326987187 0.011261630803346634 39
1689326987421 0.010254030115902424 40
1689326987646 0.009336837567389011 41
1689326987858 0.008621150627732277 42
1689326988100 0.008125914260745049 43
1689326988319 0.007519858423620462 44
1689326988552 0.006671146489679813 45
1689326988763 0.006494677159935236 46
1689326988987 0.0063066198490560055 47
1689326989226 0.00542333722114563 48
1689326989443 0.004959999583661556 49
1689326989674 0.004771757405251265 50
1689326989903 0.004278338514268398 51
1689326990132 0.00401760870590806 52
1689326990380 0.0037988401018083096 53
1689326990602 0.0034937900491058826 54
1689326990826 0.0032259586732834578 55
1689326991043 0.003001834498718381 56
1689326991277 0.0027162982150912285 57
1689326991505 0.003216151148080826 58
1689326991735 0.0023557713720947504 59
