1689584271086 12.008545875549316 0
1689584271335 6.46386194229126 1
1689584271549 3.860698699951172 2
1689584271780 2.984412908554077 3
1689584272007 2.5912837982177734 4
1689584272236 2.288567543029785 5
1689584272465 2.1109511852264404 6
1689584272687 1.9658269882202148 7
1689584272946 1.8329905271530151 8
1689584273196 1.7127314805984497 9
1689584273468 1.6016137599945068 10
1689584273700 1.500808596611023 11
1689584273945 1.4093209505081177 12
1689584274194 1.324474573135376 13
1689584274427 1.2456361055374146 14
1689584274651 1.171203374862671 15
1689584274886 1.1022696495056152 16
1689584275131 1.0360203981399536 17
1689584275364 0.9728655815124512 18
1689584275593 0.9117987155914307 19
1689584275830 0.8519666790962219 20
1689584276079 0.7939896583557129 21
1689584276314 0.7357262372970581 22
1689584276542 0.6800694465637207 23
1689584276787 0.6253551244735718 24
1689584277024 0.5725683569908142 25
1689584277281 0.520817220211029 26
1689584277522 0.47282037138938904 27
1689584277757 0.4268941581249237 28
1689584277981 0.3845054805278778 29
1689584278217 0.3440546989440918 30
1689584278439 0.30790936946868896 31
1689584278649 0.2747117578983307 32
1689584278887 0.24600811302661896 33
1689584279110 0.21981821954250336 34
1689584279332 0.1964627355337143 35
1689584279545 0.17663359642028809 36
1689584279768 0.15875433385372162 37
1689584280000 0.1426682323217392 38
1689584280241 0.1291726976633072 39
1689584280480 0.11671744287014008 40
1689584280701 0.10554976016283035 41
1689584280932 0.09585855901241302 42
1689584281147 0.0871100202202797 43
1689584281373 0.07927483320236206 44
1689584281603 0.07210755348205566 45
1689584281812 0.06567277014255524 46
1689584282030 0.0597524531185627 47
1689584282255 0.054459020495414734 48
1689584282482 0.04949481040239334 49
1689584282705 0.04508151859045029 50
1689584282920 0.04110357537865639 51
1689584283152 0.03742365166544914 52
1689584283377 0.03409099206328392 53
1689584283588 0.031102648004889488 54
1689584283811 0.028324604034423828 55
1689584284027 0.025759363546967506 56
1689584284256 0.023472324013710022 57
1689584284516 0.021378353238105774 58
1689584284749 0.01950226165354252 59
