1689584271086 3.2709054946899414 0
1689584271335 2.297415018081665 1
1689584271549 1.6566975116729736 2
1689584271780 1.4052633047103882 3
1689584272007 1.3010843992233276 4
1689584272236 1.2184010744094849 5
1689584272465 1.1691210269927979 6
1689584272687 1.1289324760437012 7
1689584272946 1.0922907590866089 8
1689584273196 1.058300495147705 9
1689584273468 1.0259214639663696 10
1689584273700 0.9959172606468201 11
1689584273945 0.9681341052055359 12
1689584274194 0.9405099153518677 13
1689584274427 0.913273274898529 14
1689584274651 0.8871027231216431 15
1689584274886 0.8617254495620728 16
1689584275131 0.8354616761207581 17
1689584275364 0.8092169761657715 18
1689584275593 0.7826713919639587 19
1689584275830 0.7554609179496765 20
1689584276079 0.7279728651046753 21
1689584276314 0.6973928809165955 22
1689584276542 0.6672188639640808 23
1689584276787 0.6355565786361694 24
1689584277024 0.6035090088844299 25
1689584277281 0.5689953565597534 26
1689584277522 0.5347634553909302 27
1689584277757 0.5002284049987793 28
1689584277981 0.46564769744873047 29
1689584278217 0.4308614134788513 30
1689584278439 0.39658376574516296 31
1689584278649 0.3632180690765381 32
1689584278887 0.3333891034126282 33
1689584279110 0.302938848733902 34
1689584279332 0.27590668201446533 35
1689584279545 0.2507750689983368 36
1689584279768 0.22769218683242798 37
1689584280000 0.20761147141456604 38
1689584280241 0.18912449479103088 39
1689584280480 0.1738186776638031 40
1689584280701 0.16080093383789062 41
1689584280932 0.1505986899137497 42
1689584281147 0.13914179801940918 43
1689584281373 0.13116300106048584 44
1689584281603 0.12442133575677872 45
1689584281812 0.11587546020746231 46
1689584282030 0.10859425365924835 47
1689584282255 0.1023142859339714 48
1689584282482 0.09632565826177597 49
1689584282705 0.09058826416730881 50
1689584282920 0.0857289582490921 51
1689584283152 0.0804922878742218 52
1689584283377 0.07557471841573715 53
1689584283588 0.07154390215873718 54
1689584283811 0.06715252250432968 55
1689584284027 0.06325414776802063 56
1689584284256 0.059290800243616104 57
1689584284516 0.0554104745388031 58
1689584284749 0.05254778638482094 59
