1689865850858 0.7851924300193787 0
1689865851049 0.5910148024559021 1
1689865851243 0.5171811580657959 2
1689865851416 0.47851988673210144 3
1689865851593 0.4594850540161133 4
1689865851791 0.44153299927711487 5
1689865852004 0.42384204268455505 6
1689865852215 0.4050445556640625 7
1689865852384 0.380775511264801 8
1689865852554 0.3524622619152069 9
1689865852771 0.3211383521556854 10
1689865852960 0.29285117983818054 11
1689865853131 0.2677507698535919 12
1689865853302 0.24685944616794586 13
1689865853477 0.2408745288848877 14
1689865853712 0.23359280824661255 15
1689865853882 0.22611874341964722 16
1689865854054 0.21872258186340332 17
1689865854247 0.21423108875751495 18
1689865854414 0.2107846736907959 19
1689865854583 0.19329284131526947 20
1689865854755 0.20665405690670013 21
1689865854926 0.1992640644311905 22
1689865855096 0.19180971384048462 23
1689865855262 0.19031420350074768 24
1689865855439 0.19321762025356293 25
1689865855604 0.1871444433927536 26
1689865855774 0.18924075365066528 27
1689865855943 0.18521344661712646 28
1689865856112 0.17948086559772491 29
1689865856281 0.1751876026391983 30
1689865856458 0.1782042384147644 31
1689865856623 0.1777685582637787 32
1689865856792 0.174337238073349 33
1689865856963 0.16599714756011963 34
1689865857128 0.17757943272590637 35
1689865857297 0.1706395149230957 36
1689865857468 0.16838927567005157 37
1689865857633 0.16704389452934265 38
1689865857801 0.1625097692012787 39
1689865857977 0.16609925031661987 40
1689865858138 0.16388718783855438 41
1689865858309 0.16517750918865204 42
1689865858483 0.16050656139850616 43
1689865858654 0.15993890166282654 44
1689865858823 0.15731029212474823 45
1689865858996 0.15757383406162262 46
1689865859169 0.15565624833106995 47
1689865859336 0.1586267352104187 48
1689865859511 0.15639159083366394 49
1689865859679 0.15601663291454315 50
1689865859848 0.1510923057794571 51
1689865860023 0.15848875045776367 52
1689865860201 0.15286171436309814 53
1689865860369 0.1495831310749054 54
1689865860540 0.15129607915878296 55
1689865860715 0.15271301567554474 56
1689865860883 0.14561304450035095 57
1689865861051 0.14776204526424408 58
1689865861227 0.14495983719825745 59
1689865861399 0.14758847653865814 60
1689865861567 0.14812007546424866 61
1689865861739 0.14462116360664368 62
1689865861906 0.1480206996202469 63
1689865862075 0.1448449045419693 64
1689865862247 0.143037348985672 65
1689865862420 0.14784814417362213 66
1689865862587 0.13844738900661469 67
1689865862762 0.14275574684143066 68
1689865862931 0.13880957663059235 69
1689865863099 0.1394767314195633 70
1689865863270 0.13783977925777435 71
1689865863442 0.13688485324382782 72
1689865863611 0.1429269164800644 73
1689865863782 0.13558727502822876 74
1689865863958 0.1397775560617447 75
1689865864131 0.1387881487607956 76
1689865864304 0.13547588884830475 77
1689865864483 0.1397608518600464 78
1689865864712 0.13682109117507935 79
1689865864883 0.12469818443059921 80
1689865865051 0.14235997200012207 81
1689865865222 0.1338929533958435 82
1689865865393 0.1334255486726761 83
1689865865560 0.13507956266403198 84
1689865865735 0.13426730036735535 85
1689865865908 0.12683360278606415 86
1689865866077 0.1347169131040573 87
1689865866246 0.1282833218574524 88
1689865866418 0.13546934723854065 89
1689865866586 0.13356754183769226 90
1689865866758 0.1239725649356842 91
1689865866935 0.13089042901992798 92
1689865867105 0.13189199566841125 93
1689865867273 0.127522811293602 94
1689865867444 0.12505978345870972 95
1689865867619 0.13317890465259552 96
1689865867787 0.12481410801410675 97
1689865867960 0.12743283808231354 98
1689865868133 0.12558570504188538 99
1689865868302 0.12090367078781128 100
1689865868474 0.12527187168598175 101
1689865868650 0.12139811366796494 102
1689865868820 0.12177834659814835 103
1689865868989 0.12085960060358047 104
1689865869159 0.1279972344636917 105
1689865869324 0.1243257075548172 106
1689865869496 0.12461403757333755 107
1689865869665 0.12401708960533142 108
1689865869834 0.11975687742233276 109
1689865870002 0.12360051274299622 110
1689865870174 0.12213566899299622 111
1689865870344 0.12280486524105072 112
1689865870516 0.12245926260948181 113
1689865870692 0.12263399362564087 114
1689865870860 0.12312595546245575 115
1689865871027 0.12124000489711761 116
1689865871199 0.12028880417346954 117
1689865871368 0.12203853577375412 118
1689865871538 0.11863400787115097 119
1689865871710 0.1196887344121933 120
1689865871877 0.11572814732789993 121
1689865872043 0.11989104002714157 122
1689865872212 0.11484280228614807 123
1689865872389 0.11944317817687988 124
1689865872553 0.1191287413239479 125
1689865872727 0.11644794791936874 126
1689865872914 0.11494474112987518 127
1689865873091 0.1152242049574852 128
1689865873268 0.11009524762630463 129
1689865873452 0.12514857947826385 130
1689865873633 0.11409914493560791 131
1689865873809 0.11694005876779556 132
1689865873996 0.11559248715639114 133
1689865874169 0.1143975481390953 134
1689865874348 0.1153469905257225 135
1689865874531 0.11010777205228806 136
1689865874710 0.11369071155786514 137
1689865874879 0.11097153276205063 138
1689865875055 0.11511816084384918 139
1689865875230 0.11552471667528152 140
1689865875407 0.10758418589830399 141
1689865875585 0.11578591167926788 142
1689865875760 0.10785899311304092 143
1689865875936 0.11718696355819702 144
1689865876121 0.10794245451688766 145
1689865876293 0.1151864156126976 146
1689865876467 0.10963110625743866 147
1689865876720 0.1105625256896019 148
1689865876896 0.11412980407476425 149
1689865877074 0.10615815222263336 150
1689865877261 0.11008662730455399 151
1689865877436 0.10176216810941696 152
1689865877611 0.11116752028465271 153
1689865877780 0.10731150954961777 154
1689865877957 0.11324642598628998 155
1689865878135 0.10754843056201935 156
1689865878306 0.10664188116788864 157
1689865878477 0.11021067202091217 158
1689865878646 0.10889268666505814 159
1689865878821 0.10840045660734177 160
1689865879001 0.10371071845293045 161
1689865879175 0.10790199041366577 162
1689865879355 0.10530488193035126 163
1689865879527 0.10801494121551514 164
1689865879697 0.10187225788831711 165
1689865879874 0.10867194831371307 166
1689865880050 0.10463704913854599 167
1689865880223 0.10588905960321426 168
1689865880397 0.10843172669410706 169
1689865880569 0.10409343987703323 170
1689865880738 0.10533870756626129 171
1689865880913 0.10542083531618118 172
1689865881078 0.10686545073986053 173
1689865881250 0.10014478862285614 174
1689865881430 0.10617360472679138 175
1689865881607 0.10776975750923157 176
1689865881780 0.1024560034275055 177
1689865881960 0.10426566004753113 178
1689865882130 0.10277242958545685 179
1689865882302 0.09877373278141022 180
1689865882479 0.10521147400140762 181
