1690137949808 0.2907296419143677 0
1690137949872 0.27782750129699707 1
1690137949888 0.2810768187046051 2
1690137949912 0.27476486563682556 3
1690137949928 0.26347485184669495 4
1690137949944 0.25137805938720703 5
1690137949972 0.2614697813987732 6
1690137949984 0.25628069043159485 7
1690137950008 0.25264114141464233 8
1690137950024 0.2586402893066406 9
1690137950040 0.2603223919868469 10
1690137950056 0.2583846151828766 11
1690137950072 0.2533663511276245 12
1690137950096 0.2563869059085846 13
1690137950112 0.2592656910419464 14
1690137950128 0.25817257165908813 15
1690137950152 0.25383883714675903 16
1690137950232 0.2511735260486603 17
1690137950248 0.2533210217952728 18
1690137950264 0.2523575723171234 19
1690137950280 0.25 20
1690137950288 0.25 21
1690137950304 0.2524809241294861 22
1690137950320 0.25 23
1690137950336 0.2499999850988388 24
1690137950352 0.25 25
1690137950368 0.2519433796405792 26
1690137950384 0.250870019197464 27
1690137950400 0.25 28
1690137950408 0.2499999850988388 29
1690137950432 0.25 30
1690137950440 0.25 31
1690137950456 0.25 32
1690137950472 0.25 33
1690137950488 0.25058242678642273 34
1690137950504 0.25 35
1690137950528 0.2499999850988388 36
1690137950536 0.25 37
1690137950560 0.25 38
1690137950573 0.25 39
1690137950584 0.25 40
1690137950600 0.25 41
1690137950616 0.25 42
1690137950632 0.25 43
1690137950648 0.25 44
1690137950664 0.25 45
1690137950681 0.25 46
1690137950697 0.25 47
1690137950713 0.25 48
1690137950737 0.25 49
1690137950753 0.25 50
1690137950769 0.25 51
1690137950949 0.25 52
1690137950961 0.25 53
1690137950985 0.25 54
1690137950993 0.25 55
1690137951009 0.25 56
1690137951025 0.25 57
1690137951041 0.25 58
1690137951057 0.25 59
1690137951073 0.25 60
1690137951089 0.25 61
1690137951097 0.25 62
1690137951113 0.25 63
1690137951129 0.25 64
1690137951145 0.25 65
1690137951161 0.25 66
1690137951173 0.25 67
1690137951193 0.25 68
1690137951201 0.25 69
1690137951217 0.25 70
1690137951233 0.25 71
1690137951249 0.25 72
1690137951265 0.25 73
1690137951281 0.25 74
1690137951289 0.25 75
1690137951305 0.25 76
1690137951329 0.25 77
1690137951345 0.25 78
1690137951361 0.25 79
1690137951373 0.25 80
1690137951393 0.25 81
1690137951401 0.25 82
1690137951417 0.2499999850988388 83
1690137951433 0.25 84
1690137951449 0.2499999850988388 85
1690137951465 0.25 86
1690137951481 0.25 87
1690137951497 0.25 88
1690137951521 0.2499999850988388 89
1690137951545 0.2500000298023224 90
1690137951573 0.25 91
1690137951593 0.25 92
1690137951609 0.25 93
1690137951633 0.25 94
1690137951641 0.25 95
1690137951657 0.25 96
1690137951673 0.25 97
1690137951689 0.25 98
1690137951697 0.25 99
1690137951713 0.25 100
1690137951737 0.25 101
1690137951753 0.25 102
1690137951761 0.25 103
1690137951785 0.25 104
1690137951801 0.25 105
1690137951817 0.25 106
1690137951833 0.25 107
1690137951849 0.25 108
1690137951865 0.25 109
1690137951881 0.25 110
1690137951897 0.2500000298023224 111
1690137951913 0.25 112
1690137951929 0.25 113
1690137951937 0.25 114
1690137951953 0.25 115
1690137951973 0.25 116
1690137952230 0.2499999850988388 117
1690137952258 0.25 118
1690137952281 0.25 119
1690137952305 0.25 120
1690137952329 0.2499999850988388 121
1690137952345 0.2499999850988388 122
1690137952361 0.25 123
1690137952377 0.25 124
1690137952393 0.25 125
1690137952409 0.25 126
1690137952433 0.25 127
1690137952457 0.25 128
1690137952490 0.25 129
1690137952514 0.25 130
1690137952530 0.25 131
1690137952546 0.25 132
1690137952562 0.25 133
1690137952578 0.25 134
1690137952594 0.25 135
1690137952602 0.25 136
1690137952618 0.25 137
1690137952634 0.25 138
1690137952650 0.25 139
1690137952666 0.25 140
1690137952682 0.25 141
1690137952690 0.2499999850988388 142
1690137952706 0.25 143
1690137952722 0.25 144
1690137952738 0.25 145
1690137952754 0.25 146
1690137952774 0.25 147
1690137952786 0.25 148
1690137952802 0.2499999850988388 149
1690137952818 0.25 150
1690137952834 0.25 151
1690137952850 0.25 152
1690137952866 0.25 153
1690137952882 0.25 154
1690137952898 0.25 155
1690137952914 0.25 156
1690137952930 0.25 157
1690137952946 0.25 158
1690137952962 0.25 159
1690137952978 0.25 160
1690137952994 0.25 161
1690137953010 0.25 162
1690137953026 0.25 163
1690137953050 0.2499999850988388 164
1690137953074 0.25 165
1690137953090 0.25 166
1690137953106 0.25 167
1690137953122 0.2499999850988388 168
1690137953138 0.25 169
1690137953154 0.2499999850988388 170
1690137953170 0.25 171
1690137953178 0.25 172
1690137953202 0.25 173
1690137953210 0.25 174
1690137953234 0.25 175
1690137953250 0.25 176
1690137953274 0.25 177
1690137953290 0.25 178
1690137953314 0.25 179
1690137953338 0.2499999850988388 180
1690137953354 0.2499999850988388 181
1690137953370 0.2499999850988388 182
1690137953386 0.2499999850988388 183
1690137953402 0.2499999850988388 184
1690137953418 0.2499999850988388 185
1690137953426 0.2499999850988388 186
1690137953450 0.2499999850988388 187
1690137953466 0.25 188
1690137953482 0.25 189
1690137953498 0.2499999850988388 190
1690137953514 0.25 191
1690137953530 0.2499999850988388 192
1690137953546 0.2499999850988388 193
1690137953554 0.2499999850988388 194
1690137953570 0.25 195
1690137953586 0.2499999850988388 196
1690137953602 0.25 197
1690137953618 0.25 198
1690137953626 0.2499999850988388 199
