1690192305400 0.49830737709999084 0
1690192305441 0.49681416153907776 1
1690192305456 0.49486222863197327 2
1690192305471 0.4923461377620697 3
1690192305487 0.48919254541397095 4
1690192305503 0.4853474795818329 5
1690192305518 0.48076629638671875 6
1690192305533 0.4754106402397156 7
1690192305549 0.46924954652786255 8
1690192305565 0.462257981300354 9
1690192305581 0.4911736845970154 10
1690192305596 0.4510933458805084 11
1690192305609 0.44739919900894165 12
1690192305626 0.4432758092880249 13
1690192305641 0.4386790692806244 14
1690192305725 0.43356913328170776 15
1690192305740 0.4279095232486725 16
1690192305756 0.42166560888290405 17
1690192305773 0.41480356454849243 18
1690192305789 0.41729575395584106 19
1690192305806 0.4005607068538666 20
1690192305826 0.39333248138427734 21
1690192305843 0.38557595014572144 22
1690192305859 0.3772595524787903 23
1690192305873 0.3683491349220276 24
1690192305891 0.3644644618034363 25
1690192305907 0.3516251742839813 26
1690192305922 0.3436988592147827 27
1690192305937 0.3350081443786621 28
1690192305952 0.33580905199050903 29
1690192305967 0.33300963044166565 30
1690192305983 0.3433457016944885 31
1690192305997 0.33050182461738586 32
1690192306013 0.3289003074169159 33
1690192306028 0.3301942050457001 34
1690192306040 0.31576964259147644 35
1690192306056 0.30849578976631165 36
1690192306072 0.31189918518066406 37
1690192306088 0.3025442063808441 38
1690192306106 0.3034413456916809 39
1690192306125 0.30301737785339355 40
1690192306146 0.30300140380859375 41
1690192306168 0.29946476221084595 42
1690192306190 0.2964320182800293 43
1690192306212 0.3024040460586548 44
1690192306232 0.2949659824371338 45
1690192306253 0.2903316020965576 46
1690192306270 0.2926124930381775 47
1690192306286 0.2836025059223175 48
1690192306301 0.2887095808982849 49
1690192306448 0.283197283744812 50
1690192306474 0.2894973158836365 51
1690192306500 0.2909427881240845 52
1690192306527 0.27890506386756897 53
1690192306555 0.29379862546920776 54
1690192306583 0.30043816566467285 55
1690192306612 0.2934345006942749 56
1690192306637 0.27457600831985474 57
1690192306656 0.2970055937767029 58
1690192306675 0.30929481983184814 59
1690192306703 0.30827149748802185 60
1690192306719 0.2955585718154907 61
1690192306734 0.27252522110939026 62
1690192306751 0.2957111597061157 63
1690192306768 0.3118075132369995 64
1690192306787 0.3145677149295807 65
1690192306808 0.3055523633956909 66
1690192306831 0.2862159013748169 67
1690192306853 0.27541425824165344 68
1690192306873 0.2969006299972534 69
1690192306894 0.307525634765625 70
1690192306912 0.3061802387237549 71
1690192306931 0.29421067237854004 72
1690192306950 0.2739618122577667 73
1690192306968 0.2740362882614136 74
1690192306987 0.2806603014469147 75
1690192307003 0.27576225996017456 76
1690192307021 0.26947152614593506 77
1690192307043 0.2777155637741089 78
1690192307065 0.27851614356040955 79
1690192307083 0.2686043381690979 80
1690192307098 0.2753206491470337 81
1690192307112 0.2819291651248932 82
1690192307126 0.2772316634654999 83
1690192307141 0.26313966512680054 84
1690192307156 0.27423638105392456 85
1690192307174 0.2757738530635834 86
1690192307191 0.26679012179374695 87
1690192307207 0.2729116380214691 88
1690192307227 0.2786378264427185 89
1690192307247 0.27346211671829224 90
1690192307268 0.26632893085479736 91
1690192307288 0.2739018499851227 92
1690192307310 0.2750111222267151 93
1690192307330 0.2659018337726593 94
1690192307352 0.27127784490585327 95
1690192307370 0.277344673871994 96
1690192307388 0.2726801931858063 97
1690192307403 0.26428669691085815 98
1690192307417 0.27172982692718506 99
1690192307435 0.2726297378540039 100
1690192307452 0.26346591114997864 101
1690192307469 0.27218082547187805 102
1690192307483 0.2784082293510437 103
1690192307501 0.2739941477775574 104
1690192307517 0.26007792353630066 105
1690192307531 0.27887266874313354 106
1690192307546 0.288894385099411 107
1690192307557 0.2881340980529785 108
1690192307572 0.27772068977355957 109
1690192307588 0.25862517952919006 110
1690192307855 0.2839157283306122 111
1690192307869 0.29818442463874817 112
1690192307883 0.30118367075920105 113
1690192307898 0.29408320784568787 114
1690192307912 0.27798861265182495 115
1690192307925 0.26056522130966187 116
1690192307940 0.27233967185020447 117
1690192307955 0.2733980715274811 118
1690192307969 0.2648731470108032 119
1690192307983 0.2659740447998047 120
1690192307997 0.27171534299850464 121
1690192308012 0.2673824429512024 122
1690192308027 0.2615520656108856 123
1690192308040 0.27048027515411377 124
1690192308054 0.27132999897003174 125
1690192308069 0.2627076804637909 126
1690192308082 0.2672102451324463 127
1690192308097 0.27313679456710815 128
1690192308111 0.26902711391448975 129
1690192308125 0.25723958015441895 130
1690192308139 0.26772022247314453 131
1690192308154 0.26847177743911743 132
1690192308169 0.25977426767349243 133
1690192308184 0.26966291666030884 134
1690192308199 0.2756972312927246 135
1690192308214 0.2716812789440155 136
1690192308230 0.26255708932876587 137
1690192308245 0.26536646485328674 138
1690192308264 0.2668503522872925 139
1690192308281 0.25922852754592896 140
1690192308295 0.2591053247451782 141
1690192308309 0.25619232654571533 142
1690192308322 0.2578240931034088 143
1690192308338 0.25995057821273804 144
1690192308353 0.25734877586364746 145
1690192308368 0.2564643919467926 146
1690192308384 0.2574666738510132 147
1690192308400 0.2610434591770172 148
1690192308418 0.2603638768196106 149
1690192308435 0.2602919936180115 150
1690192308452 0.2586570680141449 151
1690192308468 0.2596067786216736 152
1690192308484 0.2570752501487732 153
1690192308499 0.25882968306541443 154
1690192308514 0.25956466794013977 155
1690192308528 0.2601727247238159 156
1690192308539 0.25775158405303955 157
1690192308555 0.2645268440246582 158
1690192308570 0.2618281841278076 159
1690192308587 0.25945523381233215 160
1690192308603 0.26070690155029297 161
1690192308624 0.2595091462135315 162
1690192308640 0.2638992965221405 163
1690192308658 0.2606721520423889 164
1690192308678 0.260724276304245 165
1690192308696 0.26231521368026733 166
1690192308715 0.25706470012664795 167
1690192308733 0.2610662579536438 168
1690192308749 0.25756505131721497 169
1690192308765 0.2633515000343323 170
1690192308782 0.2651340663433075 171
1690192308797 0.2594921290874481 172
1690192308810 0.25889503955841064 173
1690192308823 0.26510733366012573 174
1690192308864 0.2621384263038635 175
1690192308885 0.2579863369464874 176
1690192308900 0.25945866107940674 177
1690192308917 0.2565893530845642 178
1690192308934 0.25586795806884766 179
1690192308951 0.25596868991851807 180
1690192308970 0.2590688169002533 181
1690192308987 0.2561274468898773 182
1690192309006 0.2634730041027069 183
1690192309023 0.26485899090766907 184
1690192309041 0.2568739652633667 185
1690192309057 0.26698869466781616 186
1690192309074 0.2724364101886749 187
1690192309091 0.26807087659835815 188
1690192309106 0.25776877999305725 189
1690192309123 0.26359641551971436 190
1690192309138 0.26458728313446045 191
1690192309156 0.2562965750694275 192
1690192309173 0.26749444007873535 193
1690192309190 0.27325260639190674 194
1690192309206 0.26918259263038635 195
1690192309222 0.2563011348247528 196
1690192309238 0.2713833451271057 197
1690192309254 0.2808273136615753 198
1690192309271 0.280220627784729 199
1690192328993 0.2705838084220886 0
