1689601706163 2.363013982772827 0
1689601706403 1.843011498451233 1
1689601706644 1.5588469505310059 2
1689601706891 1.4259748458862305 3
1689601707133 1.374696969985962 4
1689601707372 1.3574645519256592 5
1689601707659 1.3497506380081177 6
1689601707942 1.343403697013855 7
1689601708176 1.3423669338226318 8
1689601708403 1.344415307044983 9
1689601708622 1.3418002128601074 10
1689601708855 1.3422335386276245 11
1689601709119 1.3488993644714355 12
1689601709449 1.3406636714935303 13
1689601709697 1.3414835929870605 14
1689601709940 1.3408315181732178 15
1689601710183 1.3406224250793457 16
1689601710417 1.3419898748397827 17
1689601710646 1.3438242673873901 18
1689601710879 1.3498166799545288 19
1689601711113 1.3424080610275269 20
1689601711329 1.341295838356018 21
1689601711556 1.3445192575454712 22
1689601711790 1.3393993377685547 23
1689601712020 1.3408175706863403 24
1689601712241 1.3414956331253052 25
1689601712462 1.3406074047088623 26
1689601712690 1.34048330783844 27
1689601712902 1.3415806293487549 28
1689601713148 1.3400465250015259 29
1689601713381 1.3399789333343506 30
1689601713604 1.3387843370437622 31
1689601713839 1.3414959907531738 32
1689601714058 1.3416461944580078 33
1689601714301 1.339117407798767 34
1689601714523 1.3402730226516724 35
1689601714761 1.338350772857666 36
1689601714989 1.3396543264389038 37
1689601715216 1.33867347240448 38
1689601715450 1.3403726816177368 39
1689601715671 1.3411840200424194 40
1689601715901 1.3392212390899658 41
1689601716128 1.3388131856918335 42
1689601716362 1.3388639688491821 43
1689601716573 1.3416997194290161 44
1689601716786 1.338442087173462 45
1689601717015 1.3404649496078491 46
1689601717234 1.339080810546875 47
1689601717468 1.3396393060684204 48
1689601717695 1.3384058475494385 49
1689601717926 1.3387459516525269 50
1689601718138 1.3388429880142212 51
1689601718364 1.3396903276443481 52
1689601718582 1.3398116827011108 53
1689601718792 1.3405373096466064 54
1689601719022 1.3396942615509033 55
1689601719238 1.3405011892318726 56
1689601719463 1.339734435081482 57
1689601719711 1.3394768238067627 58
1689601719941 1.3386425971984863 59
1689601720274 1.3391118049621582 60
1689601720549 1.3390438556671143 61
1689601720773 1.338387131690979 62
1689601720980 1.3384240865707397 63
1689601721204 1.3394149541854858 64
1689601721423 1.340686321258545 65
1689601721631 1.3432621955871582 66
1689601721859 1.3390902280807495 67
1689601722064 1.3388662338256836 68
1689601722286 1.3384555578231812 69
1689601722516 1.3398339748382568 70
1689601722752 1.3394540548324585 71
1689601722974 1.3392529487609863 72
1689601723201 1.3390146493911743 73
1689601723434 1.3388806581497192 74
1689601723682 1.3386890888214111 75
1689601723916 1.3418878316879272 76
1689601724153 1.3382428884506226 77
1689601724359 1.3384547233581543 78
