1689601706163 1.2556695938110352 0
1689601706403 1.1308764219284058 1
1689601706644 1.0566819906234741 2
1689601706891 1.0241392850875854 3
1689601707133 1.01143479347229 4
1689601707372 1.007021188735962 5
1689601707659 1.0045517683029175 6
1689601707942 1.0025612115859985 7
1689601708176 1.0035628080368042 8
1689601708403 1.003160834312439 9
1689601708622 1.0033576488494873 10
1689601708855 1.002954125404358 11
1689601709119 1.004273772239685 12
1689601709449 1.002181053161621 13
1689601709697 1.0028079748153687 14
1689601709940 1.0025970935821533 15
1689601710183 1.0018988847732544 16
1689601710417 1.0033906698226929 17
1689601710646 1.0030804872512817 18
1689601710879 1.0044373273849487 19
1689601711113 1.0024442672729492 20
1689601711329 1.0023022890090942 21
1689601711556 1.003683090209961 22
1689601711790 1.002010703086853 23
1689601712020 1.0023654699325562 24
1689601712241 1.0029023885726929 25
1689601712462 1.0030691623687744 26
1689601712690 1.002909779548645 27
1689601712902 1.0030779838562012 28
1689601713148 1.0023422241210938 29
1689601713381 1.002699851989746 30
1689601713604 1.0017943382263184 31
1689601713839 1.0019124746322632 32
1689601714058 1.002677321434021 33
1689601714301 1.0016660690307617 34
1689601714523 1.0022218227386475 35
1689601714761 1.0017211437225342 36
1689601714989 1.0028666257858276 37
1689601715216 1.0020865201950073 38
1689601715450 1.0026994943618774 39
1689601715671 1.0028159618377686 40
1689601715901 1.0022121667861938 41
1689601716128 1.0017236471176147 42
1689601716362 1.0020849704742432 43
1689601716573 1.0018444061279297 44
1689601716786 1.0016099214553833 45
1689601717015 1.001751184463501 46
1689601717234 1.0023820400238037 47
1689601717468 1.002049207687378 48
1689601717695 1.0017746686935425 49
1689601717926 1.0018491744995117 50
1689601718138 1.0019457340240479 51
1689601718364 1.0023458003997803 52
1689601718582 1.0025725364685059 53
1689601718792 1.0028769969940186 54
1689601719022 1.0030357837677002 55
1689601719238 1.0018664598464966 56
1689601719463 1.001509666442871 57
1689601719711 1.0018798112869263 58
1689601719941 1.001968264579773 59
1689601720274 1.0018818378448486 60
1689601720549 1.001815915107727 61
1689601720773 1.0016238689422607 62
1689601720980 1.0018483400344849 63
1689601721204 1.0017850399017334 64
1689601721423 1.0023094415664673 65
1689601721631 1.002899408340454 66
1689601721859 1.0024678707122803 67
1689601722064 1.002044439315796 68
1689601722286 1.0016666650772095 69
1689601722516 1.0031328201293945 70
1689601722752 1.0016427040100098 71
1689601722974 1.0020345449447632 72
1689601723201 1.0016474723815918 73
1689601723434 1.002084732055664 74
1689601723682 1.0023242235183716 75
1689601723916 1.0030521154403687 76
1689601724153 1.001869559288025 77
1689601724359 1.0014111995697021 78
