1690192221590 1.0866320133209229 0
1690192221622 1.0044138431549072 1
1690192221639 0.9248137474060059 2
1690192221653 0.8477058410644531 3
1690192221661 0.7729503512382507 4
1690192221682 0.7003958821296692 5
1690192221693 0.6298858523368835 6
1690192221709 0.5612627267837524 7
1690192221718 0.5314422845840454 8
1690192221735 0.5057622790336609 9
1690192221749 0.481382817029953 10
1690192221765 0.4580084979534149 11
1690192221778 0.43541401624679565 12
1690192221831 0.41342470049858093 13
1690192221853 0.3919041156768799 14
1690192221863 0.37074416875839233 15
1690192221883 0.3498586416244507 16
1690192221895 0.32917824387550354 17
1690192221909 0.3086467981338501 18
1690192221927 0.2882183790206909 19
1690192221940 0.2678552269935608 20
1690192221956 0.24752618372440338 21
1690192221970 0.22720523178577423 22
1690192221983 0.21994608640670776 23
1690192221992 0.25047290325164795 24
1690192222013 0.27392467856407166 25
1690192222023 0.2864226996898651 26
1690192222036 0.28950196504592896 27
1690192222052 0.2844316363334656 28
1690192222068 0.2722698748111725 29
1690192222083 0.25390374660491943 30
1690192222098 0.2300802618265152 31
1690192222108 0.20855070650577545 32
1690192222124 0.20657582581043243 33
1690192222131 0.20998403429985046 34
1690192222151 0.21551497280597687 35
1690192222162 0.21856416761875153 36
1690192222177 0.21934352815151215 37
1690192222193 0.2180444747209549 38
1690192222204 0.21484005451202393 39
1690192222311 0.2098865509033203 40
1690192222322 0.20332521200180054 41
1690192222343 0.19528339803218842 42
1690192222354 0.1858760267496109 43
1690192222369 0.18064779043197632 44
1690192222386 0.17770414054393768 45
1690192222401 0.1746276170015335 46
1690192222416 0.1714097559452057 47
1690192222429 0.1680416315793991 48
1690192222439 0.16703657805919647 49
1690192222450 0.16588370501995087 50
1690192222471 0.15743063390254974 51
1690192222483 0.15231285989284515 52
1690192222497 0.14781232178211212 53
1690192222512 0.1431276947259903 54
1690192222524 0.13824400305747986 55
1690192222536 0.13314665853977203 56
1690192222546 0.12782107293605804 57
1690192222560 0.1222531646490097 58
1690192222578 0.1164289116859436 59
1690192222592 0.11033472418785095 60
1690192222599 0.10395725071430206 61
1690192222610 0.09728348255157471 62
1690192222631 0.09030081331729889 63
1690192222642 0.08299717307090759 64
1690192222656 0.07536087930202484 65
1690192222674 0.06738093495368958 66
1690192222688 0.05904674530029297 67
1690192222704 0.06624743342399597 68
1690192222720 0.07073593139648438 69
1690192222732 0.06867380440235138 70
1690192222743 0.06096063554286957 71
1690192222759 0.04845993220806122 72
1690192222770 0.035522058606147766 73
1690192222791 0.03502514958381653 74
1690192222802 0.042511314153671265 75
1690192222815 0.04652544856071472 76
1690192222831 0.03860270977020264 77
1690192222847 0.02321542799472809 78
1690192222855 0.028916552662849426 79
1690192222866 0.029101893305778503 80
1690192222887 0.024435952305793762 81
1690192222911 0.027072757482528687 82
1690192222930 0.026664376258850098 83
1690192222951 0.0202244371175766 84
1690192222962 0.02084970474243164 85
1690192222974 0.022260770201683044 86
1690192222994 0.022733166813850403 87
1690192223006 0.022107258439064026 88
1690192223022 0.020475953817367554 89
1690192223038 0.01791723072528839 90
1690192223047 0.020677879452705383 91
1690192223058 0.019774600863456726 92
1690192223079 0.02162224054336548 93
1690192223090 0.020086586475372314 94
1690192223102 0.017937391996383667 95
1690192223118 0.01848939061164856 96
1690192223133 0.019207671284675598 97
1690192223148 0.020498305559158325 98
1690192223154 0.02203202247619629 99
1690192223175 0.022330716252326965 100
1690192223407 0.021512433886528015 101
1690192223420 0.01967543363571167 102
1690192223436 0.02058534324169159 103
1690192223442 0.019502654671669006 104
1690192223468 0.01614239811897278 105
1690192223474 0.01535680890083313 106
1690192223496 0.015564531087875366 107
1690192223511 0.0143757164478302 108
1690192223527 0.015048950910568237 109
1690192223538 0.014981329441070557 110
1690192223549 0.012752518057823181 111
1690192223563 0.014848649501800537 112
1690192223584 0.013763830065727234 113
1690192223595 0.013874039053916931 114
1690192223613 0.014440461993217468 115
1690192223624 0.014242857694625854 116
1690192223634 0.01510252058506012 117
1690192223645 0.013106390833854675 118
1690192223666 0.012126117944717407 119
1690192223677 0.012316301465034485 120
1690192223690 0.012213915586471558 121
1690192223706 0.011847198009490967 122
1690192223719 0.013043761253356934 123
1690192223730 0.010722935199737549 124
1690192223740 0.010728701949119568 125
1690192223762 0.011495545506477356 126
1690192223773 0.011029601097106934 127
1690192223786 0.011572659015655518 128
1690192223805 0.009682923555374146 129
1690192223818 0.015987694263458252 130
1690192223833 0.013518661260604858 131
1690192223849 0.01231357455253601 132
1690192223865 0.01484285295009613 133
1690192223869 0.013153597712516785 134
1690192223890 0.012936919927597046 135
1690192223901 0.014089509844779968 136
1690192223913 0.013983577489852905 137
1690192223933 0.01459309458732605 138
1690192223944 0.010284438729286194 139
1690192223964 0.01436123251914978 140
1690192223975 0.016377151012420654 141
1690192224001 0.014219671487808228 142
1690192224018 0.009691029787063599 143
1690192224039 0.01334640383720398 144
1690192224061 0.009202837944030762 145
1690192224087 0.009514421224594116 146
1690192224104 0.009512439370155334 147
1690192224119 0.009179428219795227 148
1690192224135 0.010086506605148315 149
1690192224150 0.010068953037261963 150
1690192224168 0.008288607001304626 151
1690192224182 0.009528666734695435 152
1690192224189 0.00943496823310852 153
1690192224210 0.008669272065162659 154
1690192224221 0.01027679443359375 155
1690192224231 0.007547453045845032 156
1690192224253 0.008418351411819458 157
1690192224263 0.008565396070480347 158
1690192224278 0.007545500993728638 159
1690192224295 0.007914066314697266 160
1690192224310 0.010387450456619263 161
1690192224317 0.009058788418769836 162
1690192224327 0.009872198104858398 163
1690192224349 0.00732991099357605 164
1690192224364 0.007304370403289795 165
1690192224374 0.007815316319465637 166
1690192224391 0.010066315531730652 167
1690192224406 0.009067028760910034 168
1690192224422 0.00970122218132019 169
1690192224438 0.01026374101638794 170
1690192224445 0.01300126314163208 171
1690192224466 0.007687732577323914 172
1690192224476 0.010683298110961914 173
1690192224488 0.012011796236038208 174
1690192224509 0.009338587522506714 175
1690192224519 0.010917425155639648 176
1690192224532 0.009700894355773926 177
1690192224548 0.010119929909706116 178
1690192224564 0.012185335159301758 179
1690192224578 0.010232537984848022 180
1690192224585 0.008065462112426758 181
1690192224605 0.009468957781791687 182
1690192224615 0.009071439504623413 183
1690192224628 0.007737264037132263 184
1690192224647 0.005802735686302185 185
1690192224660 0.007008790969848633 186
1690192224676 0.009425073862075806 187
1690192224685 0.010046243667602539 188
1690192224701 0.007991522550582886 189
1690192224711 0.005658149719238281 190
1690192224724 0.00764426589012146 191
1690192224743 0.009109273552894592 192
1690192224756 0.009249448776245117 193
1690192224771 0.009458541870117188 194
1690192224786 0.008549004793167114 195
1690192224797 0.008644714951515198 196
1690192224807 0.008205905556678772 197
1690192224819 0.0074924081563949585 198
1690192224839 0.007084906101226807 199
