1689084191118 0.41501864790916443 0
1689084191145 0.39617884159088135 1
1689084191158 0.38367825746536255 2
1689084191172 0.3738582730293274 3
1689084191187 0.3655937612056732 4
1689084191200 0.3583706021308899 5
1689084191214 0.35190534591674805 6
1689084191227 0.3460228443145752 7
1689084191262 0.34060660004615784 8
1689084191275 0.33557459712028503 9
1689084191288 0.33086684346199036 10
1689084191303 0.3264378309249878 11
1689084191315 0.32225215435028076 12
1689084191328 0.31828197836875916 13
1689084191343 0.31450456380844116 14
1689084191356 0.31090137362480164 15
1689084191369 0.3074570596218109 16
1689084191380 0.3041585683822632 17
1689084191394 0.3009948134422302 18
1689084191408 0.29795634746551514 19
1689084191421 0.29503512382507324 20
1689084191435 0.29222372174263 21
1689084191488 0.28951603174209595 22
1689084191502 0.28690648078918457 23
1689084191514 0.28439003229141235 24
1689084191529 0.28196215629577637 25
1689084191543 0.2796187996864319 26
1689084191556 0.27735635638237 27
1689084191569 0.27517154812812805 28
1689084191581 0.273061066865921 29
1689084191595 0.27102217078208923 30
1689084191609 0.26905202865600586 31
1689084191623 0.26714834570884705 32
1689084191636 0.26530858874320984 33
1689084191648 0.26353052258491516 34
1689084191661 0.2618120014667511 35
1689084191674 0.2601509094238281 36
1689084191687 0.2585453987121582 37
1689084191700 0.2569933533668518 38
1689084191713 0.2554929554462433 39
1689084191727 0.25404247641563416 40
1689084191740 0.25263991951942444 41
1689084191753 0.2512834966182709 42
1689084191766 0.24997147917747498 43
1689084191779 0.24870210886001587 44
1689084191792 0.24747362732887268 45
1689084191807 0.24628418684005737 46
1689084191880 0.2451319694519043 47
1689084191893 0.24401545524597168 48
1689084191907 0.24293252825737 49
1689084191921 0.2418815791606903 50
1689084191934 0.240860715508461 51
1689084191947 0.23986805975437164 52
1689084191961 0.2389020174741745 53
1689084191974 0.23796066641807556 54
1689084191987 0.2370421290397644 55
1689084191999 0.23614488542079926 56
1689084192013 0.23526714742183685 57
1689084192027 0.23440738022327423 58
1689084192041 0.23356394469738007 59
1689084192054 0.2327355444431305 60
1689084192069 0.23192082345485687 61
1689084192085 0.23111866414546967 62
1689084192100 0.23032794892787933 63
1689084192116 0.22954782843589783 64
1689084192130 0.22877740859985352 65
1689084192144 0.22801591455936432 66
1689084192158 0.22726278007030487 67
1689084192172 0.22651731967926025 68
1689084192185 0.22577908635139465 69
1689084192197 0.22504737973213196 70
1689084192210 0.2243219017982483 71
1689084192223 0.22360225021839142 72
1689084192236 0.22288796305656433 73
1689084192248 0.22217872738838196 74
1689084192261 0.22147433459758759 75
1689084192275 0.220774307847023 76
1689084192289 0.22007861733436584 77
1689084192302 0.21938687562942505 78
1689084192315 0.21869903802871704 79
1689084192329 0.2180149257183075 80
1689084192343 0.21733450889587402 81
1689084192359 0.2166576087474823 82
1689084192371 0.2159842848777771 83
1689084192385 0.21531453728675842 84
1689084192400 0.2146482914686203 85
1689084192497 0.21398566663265228 86
1689084192510 0.21332663297653198 87
1689084192523 0.21267125010490417 88
1689084192537 0.2120196521282196 89
1689084192550 0.21137173473834991 90
1689084192564 0.2107277363538742 91
1689084192580 0.21008765697479248 92
1689084192597 0.20945149660110474 93
1689084192610 0.2088194042444229 94
1689084192625 0.20819143950939178 95
1689084192641 0.20756752789020538 96
1689084192659 0.2069479078054428 97
1689084192682 0.20633241534233093 98
1689084192707 0.20572122931480408 99
1689084192740 0.20511434972286224 100
1689084192760 0.20451171696186066 101
1689084192781 0.20391350984573364 102
1689084192795 0.20331959426403046 103
1689084192811 0.20273002982139587 104
1689084192826 0.20214487612247467 105
1689084192839 0.20156405866146088 106
1689084192853 0.20098766684532166 107
1689084192865 0.20041564106941223 108
1689084192878 0.19984792172908783 109
1689084192891 0.19928455352783203 110
1689084192905 0.1987256109714508 111
1689084192919 0.19817091524600983 112
1689084192931 0.19762058556079865 113
1689084192944 0.1970745325088501 114
1689084192958 0.19653277099132538 115
1689084192972 0.1959953010082245 116
1689084192986 0.19546206295490265 117
1689084192998 0.19493308663368225 118
1689084193011 0.19440823793411255 119
1689084193025 0.1938876360654831 120
1689084193038 0.19337117671966553 121
1689084193050 0.19285887479782104 122
1689084193062 0.19235065579414368 123
1689084193076 0.19184648990631104 124
1689084193089 0.19134648144245148 125
1689084193103 0.19085043668746948 126
1689084193115 0.1903584897518158 127
1689084193128 0.18987050652503967 128
1689084193142 0.1893865168094635 129
1689084193155 0.1889064759016037 130
1689084193168 0.1884303092956543 131
1689084193180 0.18795806169509888 132
1689084193202 0.18748967349529266 133
1689084193227 0.18702521920204163 134
1689084193353 0.18656453490257263 135
1689084193366 0.18610762059688568 136
1689084193379 0.18565455079078674 137
1689084193393 0.18520520627498627 138
1689084193406 0.18475958704948425 139
1689084193420 0.18431773781776428 140
1689084193432 0.18387950956821442 141
1689084193447 0.18344497680664062 142
1689084193460 0.18301409482955933 143
1689084193474 0.18258681893348694 144
1689084193489 0.18216335773468018 145
1689084193503 0.18174518644809723 146
1689084193515 0.18134188652038574 147
1689084193528 0.1809341013431549 148
1689084193542 0.18051379919052124 149
1689084193556 0.18010155856609344 150
1689084193569 0.17969736456871033 151
1689084193582 0.17929783463478088 152
1689084193595 0.1789020597934723 153
1689084193609 0.17850986123085022 154
1689084193622 0.17812098562717438 155
1689084193634 0.17773549258708954 156
1689084193646 0.17735330760478973 157
1689084193660 0.17697447538375854 158
1689084193674 0.17659896612167358 159
1689084193688 0.17622682452201843 160
1689084193701 0.17585815489292145 161
1689084193715 0.17549318075180054 162
1689084193727 0.17513257265090942 163
1689084193742 0.17477603256702423 164
1689084193755 0.17442157864570618 165
1689084193768 0.17406676709651947 166
1689084193781 0.17371465265750885 167
1689084193794 0.17336615920066833 168
1689084193807 0.17302162945270538 169
1689084193820 0.17268060147762299 170
1689084193835 0.17234282195568085 171
1689084193852 0.17200824618339539 172
1689084193868 0.17167676985263824 173
1689084193884 0.171348437666893 174
1689084193899 0.1710231751203537 175
1689084193914 0.17070111632347107 176
1689084193929 0.1703823208808899 177
1689084193946 0.17006662487983704 178
1689084193962 0.1697538048028946 179
1689084193978 0.16944333910942078 180
1689084193993 0.16913510859012604 181
1689084194009 0.1688293218612671 182
1689084194025 0.16852647066116333 183
1689084194040 0.16822656989097595 184
1689084194054 0.16792961955070496 185
1689084194067 0.1676357090473175 186
1689084194081 0.16734467446804047 187
1689084194095 0.16705653071403503 188
1689084194110 0.16677126288414001 189
1689084194123 0.16648879647254944 190
1689084194136 0.16620919108390808 191
1689084194149 0.16593226790428162 192
1689084194162 0.165658101439476 193
1689084194175 0.1653863787651062 194
1689084194189 0.16511715948581696 195
1689084194202 0.16485033929347992 196
1689084194216 0.16458606719970703 197
1689084194228 0.16432428359985352 198
1689084194242 0.16406525671482086 199
1689084194259 0.16380886733531952 200
1689084194274 0.1635550558567047 201
1689084194291 0.16330388188362122 202
1689084194306 0.16305528581142426 203
1689084194321 0.16280928254127502 204
1689084194337 0.16256579756736755 205
1689084194498 0.16232483088970184 206
1689084194511 0.16208627820014954 207
1689084194524 0.1618501842021942 208
1689084194538 0.16161635518074036 209
1689084194552 0.16138491034507751 210
1689084194564 0.16115574538707733 211
1689084194577 0.16092899441719055 212
1689084194591 0.16070452332496643 213
1689084194605 0.16048245131969452 214
1689084194619 0.16026270389556885 215
1689084194632 0.1600453108549118 216
1689084194646 0.1598302721977234 217
1689084194661 0.15961752831935883 218
1689084194678 0.15940700471401215 219
1689084194690 0.1591988056898117 220
1689084194704 0.15899276733398438 221
1689084194718 0.15878894925117493 222
1689084194730 0.15858721733093262 223
1689084194744 0.1583876609802246 224
1689084194760 0.15819016098976135 225
1689084194776 0.15799477696418762 226
1689084194794 0.15780146420001984 227
1689084194809 0.1576102077960968 228
1689084194822 0.15742099285125732 229
1689084194835 0.1572338491678238 230
1689084194847 0.15704873204231262 231
1689084194861 0.15686562657356262 232
1689084194875 0.15668441355228424 233
1689084194890 0.15650521218776703 234
1689084194904 0.15632790327072144 235
1689084194918 0.15615245699882507 236
1689084194934 0.15597879886627197 237
1689084194950 0.15580697357654572 238
1689084194965 0.1556369811296463 239
1689084194981 0.1554686576128006 240
1689084194995 0.1553020179271698 241
1689084195010 0.1551370620727539 242
1689084195025 0.1549738049507141 243
1689084195038 0.15481214225292206 244
1689084195052 0.15465208888053894 245
1689084195064 0.15449345111846924 246
1689084195077 0.15433639287948608 247
1689084195091 0.15418075025081635 248
1689084195104 0.1540265679359436 249
1689084195118 0.15387360751628876 250
1689084195129 0.15372197329998016 251
1689084195143 0.15357141196727753 252
1689084195157 0.1534220278263092 253
1689084195170 0.1532735973596573 254
1689084195184 0.15312623977661133 255
1689084195196 0.15297944843769073 256
1689084195210 0.15283361077308655 257
1689084195224 0.15268805623054504 258
1689084195237 0.15254303812980652 259
1689084195251 0.15239791572093964 260
1689084195263 0.1522529125213623 261
1689084195278 0.1521070897579193 262
1689084195292 0.15196068584918976 263
1689084195305 0.15181252360343933 264
1689084195319 0.15166275203227997 265
1689084195332 0.15151000022888184 266
1689084195345 0.15135428309440613 267
1689084195360 0.15119419991970062 268
1689084195374 0.15102964639663696 269
1689084195387 0.15085949003696442 270
1689084195399 0.15068374574184418 271
1689084195411 0.15050160884857178 272
1689084195427 0.15031328797340393 273
1689084195440 0.1501184105873108 274
1689084195453 0.14991743862628937 275
1689084195467 0.14971007406711578 276
1689084195481 0.1494971364736557 277
1689084195494 0.14927810430526733 278
1689084195508 0.14905419945716858 279
1689084195522 0.14882460236549377 280
1689084195535 0.14859066903591156 281
1689084195548 0.14835141599178314 282
1689084195561 0.1481083184480667 283
1689084195576 0.14786027371883392 284
1689084195589 0.14760875701904297 285
1689084195601 0.14735254645347595 286
1689084195615 0.14709320664405823 287
1689084195629 0.14682942628860474 288
1689084195643 0.14656277000904083 289
1689084195656 0.14629191160202026 290
1689084195670 0.14601829648017883 291
1689084195683 0.14574076235294342 292
1689084195695 0.14546066522598267 293
1689084195710 0.14517666399478912 294
1689084195723 0.14489026367664337 295
1689084195737 0.1446000635623932 296
1689084195750 0.14430762827396393 297
1689084195763 0.144011452794075 298
1689084195777 0.143713116645813 299
1689084195791 0.14341112971305847 300
1689084195804 0.14310705661773682 301
1689084196006 0.1427994817495346 302
1689084196017 0.14248980581760406 303
1689084196028 0.14217674732208252 304
1689084196042 0.1418616771697998 305
1689084196057 0.1415432095527649 306
1689084196070 0.14122293889522552 307
1689084196083 0.14089930057525635 308
1689084196095 0.14057385921478271 309
1689084196109 0.14024513959884644 310
1689084196123 0.13991457223892212 311
1689084196136 0.1395808458328247 312
1689084196148 0.1392454355955124 313
1689084196161 0.138906791806221 314
1689084196175 0.1385665237903595 315
1689084196215 0.13822311162948608 316
1689084196233 0.13787810504436493 317
1689084196250 0.13752999901771545 318
1689084196264 0.1371804028749466 319
1689084196278 0.1368277668952942 320
1689084196291 0.13647359609603882 321
1689084196304 0.13611653447151184 322
1689084196318 0.13575801253318787 323
1689084196330 0.1353965401649475 324
1689084196342 0.1350337564945221 325
1689084196356 0.1346680223941803 326
1689084196371 0.13430099189281464 327
1689084196384 0.13393111526966095 328
1689084196397 0.13356000185012817 329
1689084196410 0.13318605720996857 330
1689084196424 0.13281095027923584 331
1689084196437 0.13243308663368225 332
1689084196452 0.13205409049987793 333
1689084196465 0.13167238235473633 334
1689084196478 0.13128966093063354 335
1689084196492 0.13090425729751587 336
1689084196506 0.1305178552865982 337
1689084196520 0.13012883067131042 338
1689084196533 0.12973885238170624 339
1689084196546 0.12934638559818268 340
1689084196560 0.12895295023918152 341
1689084196575 0.12855705618858337 342
1689084196588 0.12816034257411957 343
1689084196601 0.12776117026805878 344
1689084196613 0.1273612529039383 345
1689084196626 0.1269589215517044 346
1689084196639 0.1265559196472168 347
1689084196654 0.12615054845809937 348
1689084196668 0.1257445514202118 349
1689084196680 0.12533627450466156 350
1689084196693 0.12492742389440536 351
1689084196707 0.12451638281345367 352
1689084196721 0.124104805290699 353
1689084196735 0.12369106709957123 354
1689084196748 0.12327688932418823 355
1689084196760 0.12286058813333511 356
1689084196775 0.12244389951229095 357
1689084196789 0.12202520668506622 358
1689084196804 0.12160619348287582 359
1689084196817 0.12118513882160187 360
1689084196832 0.12076390534639359 361
1689084196850 0.1203407347202301 362
1689084196869 0.1199173629283905 363
1689084196886 0.11949212104082108 364
1689084196903 0.1190667673945427 365
1689084196919 0.11863963305950165 366
1689084196933 0.11821246892213821 367
1689084196948 0.11778353154659271 368
1689084196964 0.1173546314239502 369
1689084196978 0.11692406237125397 370
1689084196995 0.11649361997842789 371
1689084197010 0.11606152355670929 372
1689084197024 0.1156296357512474 373
1689084197037 0.11519619077444077 374
1689084197051 0.11476297676563263 375
1689084197065 0.1143282800912857 376
1689084197078 0.11389395594596863 377
1689084197094 0.11345811933279037 378
1689084197108 0.11302272230386734 379
1689084197121 0.11258596926927567 380
1689084197135 0.11214971542358398 381
1689084197147 0.11171212792396545 382
1689084197160 0.11127512902021408 383
1689084197174 0.11083688586950302 384
1689084197187 0.1103992909193039 385
1689084197201 0.10996051132678986 386
1689084197215 0.10952245444059372 387
1689084197227 0.10908329486846924 388
1689084197240 0.10864494740962982 389
1689084197254 0.10820552706718445 390
1689084197268 0.1077670007944107 391
1689084197280 0.10732752829790115 392
1689084197294 0.10688897967338562 393
1689084197308 0.10644958168268204 394
1689084197320 0.10601119697093964 395
1689084197333 0.10557197779417038 396
1689084197345 0.10513388365507126 397
1689084197359 0.10469500720500946 398
1689084197375 0.10425737500190735 399
1689084197388 0.10381905734539032 400
1689084197402 0.10338196158409119 401
1689084197414 0.10294432193040848 402
1689084197427 0.10250800102949142 403
1689084197442 0.10207116603851318 404
1689084197454 0.10163573920726776 405
1689084197468 0.1011999100446701 406
1689084197480 0.10076552629470825 407
1689084197493 0.10033081471920013 408
1689084197507 0.09989768266677856 409
1689084197521 0.09946423768997192 410
1689084197534 0.09903247654438019 411
1689084197546 0.09860049188137054 412
1689084197560 0.09817028045654297 413
1689084197573 0.09773990511894226 414
1689084197587 0.09731138497591019 415
1689084197601 0.09688277542591095 416
1689084197613 0.09645608067512512 417
1689084197626 0.09602943062782288 418
1689084197640 0.09560473263263702 419
1689084197654 0.09518018364906311 420
1689084197667 0.09475764632225037 421
1689084197679 0.09433531761169434 422
1689084197694 0.0939151868224144 423
1689084197958 0.09349524974822998 424
1689084197972 0.09307757019996643 425
1689084197989 0.09266026318073273 426
1689084198002 0.09224526584148407 427
1689084198015 0.09183067828416824 428
1689084198029 0.09141848236322403 429
1689084198046 0.0910068079829216 430
1689084198060 0.09059761464595795 431
1689084198074 0.09018900245428085 432
1689084198087 0.08978297561407089 433
1689084198101 0.08937759697437286 434
1689084198112 0.08897486329078674 435
1689084198125 0.08857288211584091 436
1689084198138 0.08817361295223236 437
1689084198153 0.08777521550655365 438
1689084198166 0.08737960457801819 439
1689084198180 0.08698488771915436 440
1689084198193 0.08659310638904572 441
1689084198208 0.08620231598615646 442
1689084198222 0.08581448346376419 443
1689084198236 0.08542774617671967 444
1689084198249 0.08504404127597809 445
1689084198261 0.08466154336929321 446
1689084198275 0.08428215235471725 447
1689084198287 0.08390399813652039 448
1689084198301 0.0835290476679802 449
1689084198313 0.08315548300743103 450
1689084198326 0.08278518170118332 451
1689084198340 0.08241629600524902 452
1689084198354 0.08205078542232513 453
1689084198368 0.08168675750494003 454
1689084198379 0.0813262015581131 455
1689084198393 0.08096721768379211 456
1689084198406 0.08061177283525467 457
1689084198420 0.08025794476270676 458
1689084198434 0.07990777492523193 459
1689084198447 0.0795593187212944 460
1689084198460 0.07921458035707474 461
1689084198474 0.07887160778045654 462
1689084198488 0.07853244245052338 463
1689084198501 0.07819516956806183 464
1689084198513 0.0778617188334465 465
1689084198527 0.07753025740385056 466
1689084198542 0.0772026926279068 467
1689084198556 0.07687720656394958 468
1689084198569 0.07655570656061172 469
1689084198582 0.07623632252216339 470
1689084198595 0.07592101395130157 471
1689084198608 0.07560786604881287 472
1689084198622 0.07529887557029724 473
1689084198635 0.07499218732118607 474
1689084198647 0.07468970119953156 475
1689084198660 0.07438953220844269 476
1689084198673 0.07409365475177765 477
1689084198687 0.07380020618438721 478
1689084198701 0.07351108640432358 479
1689084198715 0.07322445511817932 480
1689084198729 0.07294220477342606 481
1689084198744 0.07266254723072052 482
1689084198759 0.07238734513521194 483
1689084198774 0.07211476564407349 484
1689084198787 0.07184672355651855 485
1689084198802 0.07158134877681732 486
1689084198837 0.0713205486536026 487
1689084198861 0.07106253504753113 488
1689084198882 0.07080911099910736 489
1689084198897 0.07055853307247162 490
1689084198913 0.07031261920928955 491
1689084198928 0.0700695663690567 492
1689084198942 0.06983125954866409 493
1689084198956 0.06959588825702667 494
1689084198970 0.06936527788639069 495
1689084198983 0.06913764774799347 496
1689084198995 0.06891480833292007 497
1689084199008 0.06869499385356903 498
1689084199022 0.06848004460334778 499
