1689084191118 0.4758218228816986 0
1689084191145 0.47232723236083984 1
1689084191158 0.4698500633239746 2
1689084191172 0.4678066372871399 3
1689084191187 0.46601375937461853 4
1689084191200 0.4643867611885071 5
1689084191214 0.4628788232803345 6
1689084191227 0.46146073937416077 7
1689084191262 0.46011316776275635 8
1689084191275 0.4588223695755005 9
1689084191288 0.4575783610343933 10
1689084191303 0.45637351274490356 11
1689084191315 0.4552018344402313 12
1689084191328 0.45405882596969604 13
1689084191343 0.45294052362442017 14
1689084191356 0.4518440365791321 15
1689084191369 0.45076674222946167 16
1689084191380 0.4497065544128418 17
1689084191394 0.44866156578063965 18
1689084191408 0.4476303458213806 19
1689084191421 0.44661158323287964 20
1689084191435 0.4456040859222412 21
1689084191488 0.4446069002151489 22
1689084191502 0.44361916184425354 23
1689084191514 0.44264018535614014 24
1689084191529 0.44166913628578186 25
1689084191543 0.4407055377960205 26
1689084191556 0.43974876403808594 27
1689084191569 0.4387984871864319 28
1689084191581 0.4378540813922882 29
1689084191595 0.4369152784347534 30
1689084191609 0.4359815716743469 31
1689084191623 0.435052752494812 32
1689084191636 0.43412840366363525 33
1689084191648 0.4332082271575928 34
1689084191661 0.4322919249534607 35
1689084191674 0.4313792288303375 36
1689084191687 0.4304698407649994 37
1689084191700 0.4295634925365448 38
1689084191713 0.4286597967147827 39
1689084191727 0.42775866389274597 40
1689084191740 0.42685967683792114 41
1689084191753 0.4259624779224396 42
1689084191766 0.42506682872772217 43
1689084191779 0.42417246103286743 44
1689084191792 0.42327895760536194 45
1689084191807 0.4223859906196594 46
1689084191880 0.42149314284324646 47
1689084191893 0.42060020565986633 48
1689084191907 0.4197065830230713 49
1689084191921 0.41881194710731506 50
1689084191934 0.4179159104824066 51
1689084191947 0.41701799631118774 52
1689084191961 0.41611793637275696 53
1689084191974 0.41521531343460083 54
1689084191987 0.4143097996711731 55
1689084191999 0.41340112686157227 56
1689084192013 0.4124892055988312 57
1689084192027 0.41157403588294983 58
1689084192041 0.41065549850463867 59
1689084192054 0.40973395109176636 60
1689084192069 0.408809632062912 61
1689084192085 0.4078829884529114 62
1689084192100 0.4069545567035675 63
1689084192116 0.4060249626636505 64
1689084192130 0.40509480237960815 65
1689084192144 0.4041646718978882 66
1689084192158 0.4032353162765503 67
1689084192172 0.4023071527481079 68
1689084192185 0.40138089656829834 69
1689084192197 0.40045684576034546 70
1689084192210 0.3995354473590851 71
1689084192223 0.3986172080039978 72
1689084192236 0.39770227670669556 73
1689084192248 0.3967909812927246 74
1689084192261 0.3958836495876312 75
1689084192275 0.39498019218444824 76
1689084192289 0.3940810561180115 77
1689084192302 0.39318615198135376 78
1689084192315 0.3922956585884094 79
1689084192329 0.39140963554382324 80
1689084192343 0.39052820205688477 81
1689084192359 0.38965126872062683 82
1689084192371 0.3887789845466614 83
1689084192385 0.3879113793373108 84
1689084192400 0.3870483636856079 85
1689084192497 0.3861900269985199 86
1689084192510 0.38533633947372437 87
1689084192523 0.38448721170425415 88
1689084192537 0.3836427628993988 89
1689084192550 0.3828027546405792 90
1689084192564 0.38196736574172974 91
1689084192580 0.3811364769935608 92
1689084192597 0.3803099989891052 93
1689084192610 0.3794879913330078 94
1689084192625 0.3786703944206238 95
1689084192641 0.3778570294380188 96
1689084192659 0.3770480453968048 97
1689084192682 0.3762432634830475 98
1689084192707 0.3754427433013916 99
1689084192740 0.3746464252471924 100
1689084192760 0.37385421991348267 101
1689084192781 0.3730661869049072 102
1689084192795 0.3722822368144989 103
1689084192811 0.3715023398399353 104
1689084192826 0.3707265257835388 105
1689084192839 0.36995476484298706 106
1689084192853 0.36918699741363525 107
1689084192865 0.3684232234954834 108
1689084192878 0.3676634430885315 109
1689084192891 0.36690753698349 110
1689084192905 0.3661556839942932 111
1689084192919 0.36540770530700684 112
1689084192931 0.3646637201309204 113
1689084192944 0.3639236092567444 114
1689084192958 0.36318737268447876 115
1689084192972 0.3624550700187683 116
1689084192986 0.36172664165496826 117
1689084192998 0.3610021770000458 118
1689084193011 0.36028146743774414 119
1689084193025 0.3595646917819977 120
1689084193038 0.35885176062583923 121
1689084193050 0.3581426441669464 122
1689084193062 0.3574373722076416 123
1689084193076 0.35673588514328003 124
1689084193089 0.35603827238082886 125
1689084193103 0.3553444445133209 126
1689084193115 0.3546544313430786 127
1689084193128 0.3539682626724243 128
1689084193142 0.3532857894897461 129
1689084193155 0.3526071310043335 130
1689084193168 0.35193222761154175 131
1689084193180 0.35126107931137085 132
1689084193202 0.350593626499176 133
1689084193227 0.3499299883842468 134
1689084193353 0.3492700457572937 135
1689084193366 0.3486137390136719 136
1689084193379 0.3479612171649933 137
1689084193393 0.347312331199646 138
1689084193406 0.3466671407222748 139
1689084193420 0.34602561593055725 140
1689084193432 0.3453878164291382 141
1689084193447 0.3447535037994385 142
1689084193460 0.34412309527397156 143
1689084193474 0.34349560737609863 144
1689084193489 0.34287363290786743 145
1689084193503 0.34224969148635864 146
1689084193515 0.34164607524871826 147
1689084193528 0.34099894762039185 148
1689084193542 0.34043094515800476 149
1689084193556 0.3397951126098633 150
1689084193569 0.3392089903354645 151
1689084193582 0.3385998606681824 152
1689084193595 0.33801090717315674 153
1689084193609 0.3374144434928894 154
1689084193622 0.3368300199508667 155
1689084193634 0.3362419605255127 156
1689084193646 0.33566415309906006 157
1689084193660 0.3350830078125 158
1689084193674 0.33451300859451294 159
1689084193688 0.3339371681213379 160
1689084193701 0.33337700366973877 161
1689084193715 0.3328028917312622 162
1689084193727 0.33225780725479126 163
1689084193742 0.33167704939842224 164
1689084193755 0.33115512132644653 165
1689084193768 0.3305668830871582 166
1689084193781 0.3300532102584839 167
1689084193794 0.3294808864593506 168
1689084193807 0.3289618492126465 169
1689084193820 0.32840657234191895 170
1689084193835 0.32788747549057007 171
1689084193852 0.3273429572582245 172
1689084193868 0.3268287777900696 173
1689084193884 0.3262907862663269 174
1689084193899 0.3257851004600525 175
1689084193914 0.32524964213371277 176
1689084193929 0.3247566223144531 177
1689084193946 0.3242187798023224 178
1689084193962 0.3237423896789551 179
1689084193978 0.3232001066207886 180
1689084193993 0.3227372169494629 181
1689084194009 0.3221990466117859 182
1689084194025 0.32173943519592285 183
1689084194040 0.32121360301971436 184
1689084194054 0.3207540810108185 185
1689084194067 0.3202396631240845 186
1689084194081 0.3197835385799408 187
1689084194095 0.31927645206451416 188
1689084194110 0.318827748298645 189
1689084194123 0.31832370162010193 190
1689084194136 0.3178862929344177 191
1689084194149 0.31738126277923584 192
1689084194162 0.31695806980133057 193
1689084194175 0.3164505362510681 194
1689084194189 0.3160402178764343 195
1689084194202 0.31553417444229126 196
1689084194216 0.3151313066482544 197
1689084194228 0.3146323561668396 198
1689084194242 0.3142331838607788 199
1689084194259 0.31374311447143555 200
1689084194274 0.3133482336997986 201
1689084194291 0.312864750623703 202
1689084194306 0.3124772310256958 203
1689084194321 0.3119966983795166 204
1689084194337 0.31161996722221375 205
1689084194498 0.31113895773887634 206
1689084194511 0.31077539920806885 207
1689084194524 0.3102925717830658 208
1689084194538 0.3099418580532074 209
1689084194552 0.30945903062820435 210
1689084194564 0.3091181516647339 211
1689084194577 0.3086391091346741 212
1689084194591 0.3083050847053528 213
1689084194605 0.30783185362815857 214
1689084194619 0.30781424045562744 215
1689084194632 0.30703598260879517 216
1689084194646 0.3076423108577728 217
1689084194661 0.30625078082084656 218
1689084194678 0.30749815702438354 219
1689084194690 0.3060102164745331 220
1689084194704 0.30736762285232544 221
1689084194718 0.305839478969574 222
1689084194730 0.30723312497138977 223
1689084194744 0.3056912422180176 224
1689084194760 0.3070859909057617 225
1689084194776 0.3055652976036072 226
1689084194794 0.3069317638874054 227
1689084194809 0.3054494261741638 228
1689084194822 0.30678272247314453 229
1689084194835 0.3053308427333832 230
1689084194847 0.306647390127182 231
1689084194861 0.30520394444465637 232
1689084194875 0.30652642250061035 233
1689084194890 0.3050712049007416 234
1689084194904 0.3064139485359192 235
1689084194918 0.3049398958683014 236
1689084194934 0.30630141496658325 237
1689084194950 0.30481672286987305 238
1689084194965 0.3061832785606384 239
1689084194981 0.30470314621925354 240
1689084194995 0.306059867143631 241
1689084195010 0.30459439754486084 242
1689084195025 0.3059360086917877 243
1689084195038 0.3044842481613159 244
1689084195052 0.3058164119720459 245
1689084195064 0.30436864495277405 246
1689084195077 0.30570244789123535 247
1689084195091 0.3042478561401367 248
1689084195104 0.30559229850769043 249
1689084195118 0.3041253089904785 250
1689084195129 0.30548205971717834 251
1689084195143 0.304004967212677 252
1689084195157 0.30536937713623047 253
1689084195170 0.3038891851902008 254
1689084195184 0.3052552044391632 255
1689084195196 0.3037783205509186 256
1689084195210 0.3051433563232422 257
1689084195224 0.30367234349250793 258
1689084195237 0.3050389587879181 259
1689084195251 0.30357298254966736 260
1689084195263 0.3049463629722595 261
1689084195278 0.3034847378730774 262
1689084195292 0.30486762523651123 263
1689084195305 0.30341318249702454 264
1689084195319 0.3048018217086792 265
1689084195332 0.30336055159568787 266
1689084195345 0.30474257469177246 267
1689084195360 0.3033193051815033 268
1689084195374 0.3046744167804718 269
1689084195387 0.30326879024505615 270
1689084195399 0.30457574129104614 271
1689084195411 0.30318158864974976 272
1689084195427 0.3044307827949524 273
1689084195440 0.3030373454093933 274
1689084195453 0.30423957109451294 275
1689084195467 0.3028304874897003 276
1689084195481 0.3040134310722351 277
1689084195494 0.30256742238998413 278
1689084195508 0.3037625551223755 279
1689084195522 0.30226120352745056 280
1689084195535 0.3034886419773102 281
1689084195548 0.30192679166793823 282
1689084195561 0.3031855523586273 283
1689084195576 0.3015769124031067 284
1689084195589 0.30284684896469116 285
1689084195601 0.3012164235115051 286
1689084195615 0.302473247051239 287
1689084195629 0.30084094405174255 288
1689084195643 0.3020728826522827 289
1689084195656 0.3004424571990967 290
1689084195670 0.30165478587150574 291
1689084195683 0.30001530051231384 292
1689084195695 0.30122339725494385 293
1689084195710 0.2995593547821045 294
1689084195723 0.300777405500412 295
1689084195737 0.2990790903568268 296
1689084195750 0.30031126737594604 297
1689084195763 0.29858070611953735 298
1689084195777 0.29981961846351624 299
1689084195791 0.2980678975582123 300
1689084195804 0.2993007302284241 301
1689084196006 0.2975400388240814 302
1689084196017 0.2987576723098755 303
1689084196028 0.2969931960105896 304
1689084196042 0.29819542169570923 305
1689084196057 0.29642385244369507 306
1689084196070 0.29761752486228943 307
1689084196083 0.2958310544490814 308
1689084196095 0.29702436923980713 309
1689084196109 0.2952166497707367 310
1689084196123 0.2964135706424713 311
1689084196136 0.29458367824554443 312
1689084196148 0.295782208442688 313
1689084196161 0.29393473267555237 314
1689084196175 0.29512888193130493 315
1689084196215 0.2932698726654053 316
1689084196233 0.294454425573349 317
1689084196250 0.2925876975059509 318
1689084196264 0.2937612235546112 319
1689084196278 0.29188627004623413 320
1689084196291 0.2930513620376587 321
1689084196304 0.2911646366119385 322
1689084196318 0.29232558608055115 323
1689084196330 0.29042354226112366 324
1689084196342 0.29158300161361694 325
1689084196356 0.2896644175052643 326
1689084196371 0.2908221483230591 327
1689084196384 0.2888886332511902 328
1689084196397 0.2900421619415283 329
1689084196410 0.2880966067314148 330
1689084196424 0.28924310207366943 331
1689084196437 0.2872878909111023 332
1689084196452 0.28842607140541077 333
1689084196465 0.2864615023136139 334
1689084196478 0.2875922918319702 335
1689084196492 0.285616934299469 336
1689084196506 0.28674232959747314 337
1689084196520 0.28475427627563477 338
1689084196533 0.2858758568763733 339
1689084196546 0.28387436270713806 340
1689084196560 0.2849922776222229 341
1689084196575 0.282977819442749 342
1689084196588 0.2840912640094757 343
1689084196601 0.2820650339126587 344
1689084196613 0.2831726670265198 345
1689084196626 0.28113600611686707 346
1689084196639 0.2822369635105133 347
1689084196654 0.28019022941589355 348
1689084196668 0.2812846004962921 349
1689084196680 0.2792275547981262 350
1689084196693 0.28031617403030396 351
1689084196707 0.2782478928565979 352
1689084196721 0.2793317437171936 353
1689084196735 0.27725163102149963 354
1689084196748 0.27833104133605957 355
1689084196760 0.2762390673160553 356
1689084196775 0.27731382846832275 357
1689084196789 0.2752106785774231 358
1689084196804 0.2762801945209503 359
1689084196817 0.2741663157939911 360
1689084196832 0.27523016929626465 361
1689084196850 0.2731061279773712 362
1689084196869 0.2741640508174896 363
1689084196886 0.272029846906662 364
1689084196903 0.2730821967124939 365
1689084196919 0.27093756198883057 366
1689084196933 0.271984726190567 367
1689084196948 0.26982927322387695 368
1689084196964 0.27087172865867615 369
1689084196978 0.2687053084373474 370
1689084196995 0.2697431147098541 371
1689084197010 0.26756587624549866 372
1689084197024 0.2685988247394562 373
1689084197037 0.2664111852645874 374
1689084197051 0.2674388885498047 375
1689084197065 0.26524117588996887 376
1689084197078 0.26626360416412354 377
1689084197094 0.26405590772628784 378
1689084197108 0.2650730311870575 379
1689084197121 0.2628553509712219 380
1689084197135 0.2638675570487976 381
1689084197147 0.26163962483406067 382
1689084197160 0.2626471519470215 383
1689084197174 0.260408878326416 384
1689084197187 0.2614118456840515 385
1689084197201 0.2591632902622223 386
1689084197215 0.2601616680622101 387
1689084197227 0.2579030394554138 388
1689084197240 0.2588966488838196 389
1689084197254 0.256628155708313 390
1689084197268 0.25761693716049194 391
1689084197280 0.2553388178348541 392
1689084197294 0.2563227415084839 393
1689084197308 0.25403496623039246 394
1689084197320 0.2550142705440521 395
1689084197333 0.2527167499065399 396
1689084197345 0.25369155406951904 397
1689084197359 0.2513841986656189 398
1689084197375 0.25235480070114136 399
1689084197388 0.2500375509262085 400
1689084197402 0.2510039806365967 401
1689084197414 0.25 402
1689084197427 0.2499999850988388 403
1689084197442 0.25 404
1689084197454 0.2499999850988388 405
1689084197468 0.2500000298023224 406
1689084197480 0.25 407
1689084197493 0.25 408
1689084197507 0.2500000298023224 409
1689084197521 0.25 410
1689084197534 0.25 411
1689084197546 0.2499999701976776 412
1689084197560 0.25 413
1689084197573 0.25 414
1689084197587 0.2500000298023224 415
1689084197601 0.25 416
1689084197613 0.25 417
1689084197626 0.2500000298023224 418
1689084197640 0.25 419
1689084197654 0.2500000298023224 420
1689084197667 0.25 421
1689084197679 0.2499999850988388 422
1689084197694 0.2500000298023224 423
1689084197958 0.2499999850988388 424
1689084197972 0.2499999701976776 425
1689084197989 0.25 426
1689084198002 0.25 427
1689084198015 0.25 428
1689084198029 0.2499999850988388 429
1689084198046 0.2499999850988388 430
1689084198060 0.25 431
1689084198074 0.25 432
1689084198087 0.2500000298023224 433
1689084198101 0.25 434
1689084198112 0.2500000298023224 435
1689084198125 0.25 436
1689084198138 0.2499999701976776 437
1689084198153 0.25 438
1689084198166 0.25 439
1689084198180 0.2499999701976776 440
1689084198193 0.25 441
1689084198208 0.25 442
1689084198222 0.25 443
1689084198236 0.25 444
1689084198249 0.2499999850988388 445
1689084198261 0.25 446
1689084198275 0.25 447
1689084198287 0.2499999850988388 448
1689084198301 0.2499999701976776 449
1689084198313 0.25 450
1689084198326 0.25 451
1689084198340 0.25 452
1689084198354 0.25 453
1689084198368 0.2499999850988388 454
1689084198379 0.25 455
1689084198393 0.25 456
1689084198406 0.2500000298023224 457
1689084198420 0.2499999850988388 458
1689084198434 0.25 459
1689084198447 0.2499999850988388 460
1689084198460 0.2500000298023224 461
1689084198474 0.2499999850988388 462
1689084198488 0.25 463
1689084198501 0.25 464
1689084198513 0.25 465
1689084198527 0.25 466
1689084198542 0.2499999850988388 467
1689084198556 0.25 468
1689084198569 0.25 469
1689084198582 0.2500000298023224 470
1689084198595 0.2500000298023224 471
1689084198608 0.2499999850988388 472
1689084198622 0.2499999701976776 473
1689084198635 0.25 474
1689084198647 0.25 475
1689084198660 0.25 476
1689084198673 0.25 477
1689084198687 0.25 478
1689084198701 0.25 479
1689084198715 0.25 480
1689084198729 0.2499999701976776 481
1689084198744 0.2499999850988388 482
1689084198759 0.2499999850988388 483
1689084198774 0.2499999850988388 484
1689084198787 0.25 485
1689084198802 0.25 486
1689084198837 0.2499999850988388 487
1689084198861 0.2500000298023224 488
1689084198882 0.25 489
1689084198897 0.25 490
1689084198913 0.25 491
1689084198928 0.2499999701976776 492
1689084198942 0.2499999701976776 493
1689084198956 0.25 494
1689084198970 0.25 495
1689084198983 0.25 496
1689084198995 0.25 497
1689084199008 0.2499999850988388 498
1689084199022 0.2499999850988388 499
