1689597398717 3.288156032562256 0
1689597398941 1.7230634689331055 1
1689597399158 1.2771368026733398 2
1689597399376 1.1544082164764404 3
1689597399631 1.0710614919662476 4
1689597399891 0.9842191934585571 5
1689597400113 0.8926312923431396 6
1689597400315 0.7974017858505249 7
1689597400522 0.6954726576805115 8
1689597400746 0.5903874635696411 9
1689597400979 0.48582133650779724 10
1689597401200 0.38416996598243713 11
1689597401406 0.28749752044677734 12
1689597401623 0.2017940729856491 13
1689597401852 0.13475629687309265 14
1689597402073 0.0874895304441452 15
1689597402294 0.055883366614580154 16
1689597402496 0.03595222160220146 17
1689597402723 0.024358995258808136 18
1689597402941 0.0174059197306633 19
1689597403151 0.0131114162504673 20
1689597403359 0.010194163769483566 21
1689597403568 0.008059361949563026 22
1689597403792 0.00633689109236002 23
1689597404015 0.005102272145450115 24
1689597404226 0.0040726871229708195 25
1689597404443 0.0033053795341402292 26
1689597404666 0.0027064469177275896 27
1689597404886 0.0022372740786522627 28
1689597405105 0.0018548551015555859 29
1689597405320 0.0015483491588383913 30
1689597405553 0.001308598555624485 31
1689597405758 0.0010707780020311475 32
1689597405966 0.0009105241624638438 33
1689597406187 0.0007758432766422629 34
1689597406397 0.0006705329287797213 35
1689597406633 0.0005736054154112935 36
1689597406843 0.0004988044966012239 37
1689597407065 0.00043347824248485267 38
1689597407293 0.0003792622883338481 39
1689597407511 0.000332388881361112 40
1689597407722 0.0002901906846091151 41
1689597407926 0.00025564958923496306 42
1689597408137 0.00022654820349998772 43
1689597408365 0.0002010647876886651 44
1689597408589 0.000176378118339926 45
1689597408820 0.00015642652579117566 46
1689597409032 0.00013684276200365275 47
1689597409238 0.00012098883598810062 48
1689597409474 0.00010727276821853593 49
1689597409690 9.51305846683681e-05 50
1689597409939 8.611984230810776e-05 51
1689597410151 7.635336805833504e-05 52
1689597410358 6.812133506173268e-05 53
1689597410584 6.0951588238822296e-05 54
1689597410791 5.5430100474040955e-05 55
1689597411025 4.983467806596309e-05 56
1689597411229 4.2965373722836375e-05 57
1689597411434 3.889684739988297e-05 58
1689597411670 3.479117731330916e-05 59
1689597411878 3.146086964989081e-05 60
1689597412105 2.804008727252949e-05 61
1689597412315 2.5525923774694093e-05 62
1689597412519 2.3191661966848187e-05 63
1689597412758 2.0510266040218994e-05 64
1689597412967 1.901189716591034e-05 65
1689597413197 1.7164307791972533e-05 66
1689597413416 1.5462515875697136e-05 67
1689597413635 1.4202194506651722e-05 68
1689597413860 1.2519219126261305e-05 69
1689597414070 1.1575750249903649e-05 70
1689597414295 1.0415011274744757e-05 71
1689597414511 9.4911893029348e-06 72
1689597414740 8.452600923192222e-06 73
1689597414946 7.959075446706265e-06 74
1689597415167 6.835821750428295e-06 75
1689597415401 6.359701274050167e-06 76
1689597415627 5.971834980300628e-06 77
1689597415848 5.135779701959109e-06 78
1689597416078 4.520711172517622e-06 79
