1689597398717 1.4907896518707275 0
1689597398941 1.0966414213180542 1
1689597399158 0.9702014923095703 2
1689597399376 0.9292717576026917 3
1689597399631 0.8958184719085693 4
1689597399891 0.8585512638092041 5
1689597400113 0.8171852827072144 6
1689597400315 0.7732307314872742 7
1689597400522 0.7204338312149048 8
1689597400746 0.6622467637062073 9
1689597400979 0.5962488055229187 10
1689597401200 0.5275954008102417 11
1689597401406 0.4514331519603729 12
1689597401623 0.37227100133895874 13
1689597401852 0.29608407616615295 14
1689597402073 0.22870570421218872 15
1689597402294 0.16987863183021545 16
1689597402496 0.12131468951702118 17
1689597402723 0.08642584830522537 18
1689597402941 0.06249701976776123 19
1689597403151 0.048921823501586914 20
1689597403359 0.04112052544951439 21
1689597403568 0.03520425781607628 22
1689597403792 0.030726667493581772 23
1689597404015 0.026811225339770317 24
1689597404226 0.023261738941073418 25
1689597404443 0.020404856652021408 26
1689597404666 0.01763962395489216 27
1689597404886 0.01554346363991499 28
1689597405105 0.014032180421054363 29
1689597405320 0.012408495880663395 30
1689597405553 0.011788420379161835 31
1689597405758 0.010427428409457207 32
1689597405966 0.009439949877560139 33
1689597406187 0.008442649617791176 34
1689597406397 0.008419124409556389 35
1689597406633 0.007854565978050232 36
1689597406843 0.006851359736174345 37
1689597407065 0.006673821713775396 38
1689597407293 0.006119750905781984 39
1689597407511 0.00612862640991807 40
1689597407722 0.005460673943161964 41
1689597407926 0.005135607905685902 42
1689597408137 0.004880699794739485 43
1689597408365 0.004630673211067915 44
1689597408589 0.004385652951896191 45
1689597408820 0.004117696546018124 46
1689597409032 0.003909550607204437 47
1689597409238 0.0036390877794474363 48
1689597409474 0.003412064164876938 49
1689597409690 0.003071015700697899 50
1689597409939 0.003191218478605151 51
1689597410151 0.002833867445588112 52
1689597410358 0.00266957632265985 53
1689597410584 0.0026125649455934763 54
1689597410791 0.002618104685097933 55
1689597411025 0.002487644786015153 56
1689597411229 0.0021057447884231806 57
1689597411434 0.0020755468867719173 58
1689597411670 0.001980546396225691 59
1689597411878 0.001880805124528706 60
1689597412105 0.0016990508884191513 61
1689597412315 0.0016959876520559192 62
1689597412519 0.0016112111043184996 63
1689597412758 0.0014318993780761957 64
1689597412967 0.0014781398931518197 65
1689597413197 0.0013305963948369026 66
1689597413416 0.0012798868119716644 67
1689597413635 0.0013484543887898326 68
1689597413860 0.0010799953015521169 69
1689597414070 0.0011204543989151716 70
1689597414295 0.0010890710400417447 71
1689597414511 0.0010153737384825945 72
1689597414740 0.0008662467007525265 73
1689597414946 0.001044296775944531 74
1689597415167 0.0007973243482410908 75
1689597415401 0.0007908961270004511 76
1689597415627 0.000908396381419152 77
1689597415848 0.0007070471183396876 78
1689597416078 0.0006970308604650199 79
