1689861994159 0.7776727080345154 0
1689861994650 0.5955071449279785 1
1689861995126 0.5171876549720764 2
1689861995687 0.4739779233932495 3
1689861996173 0.44596046209335327 4
1689861996674 0.42314663529396057 5
1689861997162 0.40303778648376465 6
1689861997662 0.3848913311958313 7
1689861998166 0.3672585189342499 8
1689861998655 0.3507624864578247 9
1689861999140 0.3353477120399475 10
1689861999625 0.3214912414550781 11
1689862000097 0.30814382433891296 12
1689862000578 0.2970670163631439 13
1689862001052 0.2861853539943695 14
1689862001539 0.2769204080104828 15
1689862002019 0.2673191726207733 16
1689862002509 0.25889408588409424 17
1689862003003 0.24962255358695984 18
1689862003476 0.2404724508523941 19
1689862003963 0.230065256357193 20
1689862004442 0.217013418674469 21
1689862004927 0.2037370800971985 22
1689862005400 0.18889617919921875 23
1689862005877 0.1686655580997467 24
1689862006359 0.1432916820049286 25
1689862006841 0.11874168366193771 26
1689862007320 0.1057906523346901 27
1689862007807 0.10051555186510086 28
1689862008284 0.09734204411506653 29
1689862008774 0.09447304904460907 30
1689862009257 0.09192171692848206 31
1689862009742 0.08955574035644531 32
1689862010286 0.08756620436906815 33
1689862010772 0.08488857746124268 34
1689862011252 0.08241879940032959 35
1689862011735 0.08193884044885635 36
1689862012225 0.08036220818758011 37
1689862012721 0.07802816480398178 38
1689862013204 0.07689373195171356 39
1689862013697 0.07535088807344437 40
1689862014192 0.0729157030582428 41
1689862014746 0.0720893070101738 42
1689862015284 0.07193173468112946 43
1689862015787 0.06978365778923035 44
1689862016287 0.0691690519452095 45
1689862016840 0.06805941462516785 46
1689862017370 0.06580039858818054 47
1689862017859 0.06654711812734604 48
1689862018370 0.0647386834025383 49
1689862018850 0.06535415351390839 50
1689862019341 0.0644112080335617 51
1689862019826 0.06259800493717194 52
1689862020305 0.06313411146402359 53
1689862020782 0.06295496970415115 54
1689862021260 0.0615963488817215 55
1689862021725 0.0611439049243927 56
1689862022216 0.06112455576658249 57
1689862022692 0.05977699160575867 58
1689862023171 0.05900173634290695 59
1689862023660 0.05831589922308922 60
1689862024148 0.05780201777815819 61
1689862024632 0.05834026262164116 62
1689862025105 0.057497620582580566 63
1689862025633 0.05702117457985878 64
1689862026103 0.056235965341329575 65
1689862026586 0.05602755397558212 66
1689862027058 0.05556706711649895 67
1689862027538 0.05510759726166725 68
1689862027998 0.055821068584918976 69
1689862028478 0.054382503032684326 70
1689862028962 0.054220959544181824 71
1689862029444 0.054616279900074005 72
1689862029915 0.05357053503394127 73
1689862030392 0.053581222891807556 74
1689862030875 0.05296386405825615 75
1689862031340 0.0528729110956192 76
1689862031820 0.052715688943862915 77
1689862032283 0.051986776292324066 78
1689862032758 0.05152725428342819 79
1689862033250 0.05179065838456154 80
1689862033721 0.05148185044527054 81
1689862034200 0.05040732026100159 82
1689862034680 0.05092117562890053 83
1689862035155 0.04982376471161842 84
1689862035638 0.049230147153139114 85
1689862036131 0.050220075994729996 86
1689862036603 0.05076969042420387 87
1689862037095 0.04925011843442917 88
1689862037572 0.048796508461236954 89
1689862038058 0.049457427114248276 90
1689862038536 0.04887508228421211 91
1689862039022 0.049323488026857376 92
1689862039491 0.04820483922958374 93
1689862039966 0.04768236353993416 94
1689862040471 0.04871086776256561 95
1689862041102 0.04785972088575363 96
1689862041633 0.04785909876227379 97
1689862042132 0.04729502275586128 98
1689862042646 0.047019023448228836 99
1689862043142 0.047208018600940704 100
1689862043608 0.046930477023124695 101
1689862044124 0.04706034064292908 102
1689862044627 0.04631577804684639 103
1689862045109 0.04597867652773857 104
1689862045622 0.045273471623659134 105
1689862046114 0.04618062451481819 106
1689862046607 0.0459505170583725 107
1689862047123 0.04539779946208 108
1689862047619 0.04569290205836296 109
1689862048105 0.04557665064930916 110
1689862048625 0.04497607797384262 111
1689862049103 0.04539502412080765 112
1689862049582 0.044567007571458817 113
1689862050058 0.04484707862138748 114
1689862050540 0.044225141406059265 115
1689862051017 0.044162895530462265 116
1689862051501 0.04415631666779518 117
1689862051991 0.044542551040649414 118
1689862052482 0.04362330213189125 119
1689862052946 0.044614486396312714 120
1689862053428 0.04329158365726471 121
1689862053899 0.04239613190293312 122
1689862054377 0.043627649545669556 123
1689862054858 0.04327617213129997 124
1689862055338 0.04361151158809662 125
1689862055804 0.04379737004637718 126
1689862056323 0.043269794434309006 127
1689862056793 0.04258175194263458 128
1689862057266 0.04258648306131363 129
1689862057747 0.04230361431837082 130
1689862058218 0.04259944707155228 131
1689862058692 0.041825998574495316 132
1689862059173 0.04213036596775055 133
1689862059658 0.0414172038435936 134
1689862060150 0.04117409139871597 135
1689862060630 0.041801538318395615 136
1689862061115 0.04076448082923889 137
1689862061603 0.040690433233976364 138
1689862062086 0.03981809318065643 139
1689862062554 0.04053996503353119 140
1689862063035 0.04146074131131172 141
1689862063523 0.04151936620473862 142
1689862063991 0.04063345864415169 143
1689862064477 0.04100050404667854 144
1689862064965 0.041010674089193344 145
1689862065440 0.0405941978096962 146
1689862065904 0.04005245119333267 147
1689862066379 0.03898497298359871 148
1689862066864 0.04106348752975464 149
1689862067352 0.039806295186281204 150
1689862067834 0.03932945802807808 151
1689862068323 0.04069089889526367 152
1689862068845 0.03943365812301636 153
1689862069323 0.03962432220578194 154
1689862069815 0.04027806967496872 155
1689862070295 0.039219748228788376 156
1689862070770 0.039635494351387024 157
1689862071260 0.039138179272413254 158
1689862071730 0.038961492478847504 159
1689862072198 0.03885206580162048 160
1689862072679 0.039206620305776596 161
1689862073160 0.04010681435465813 162
1689862073637 0.038277801126241684 163
1689862074121 0.0390910729765892 164
1689862074597 0.038012631237506866 165
1689862075078 0.038980819284915924 166
1689862075552 0.03809278830885887 167
1689862076093 0.03771617263555527 168
1689862076565 0.037790894508361816 169
1689862077047 0.03790022432804108 170
1689862077531 0.0378674753010273 171
1689862078034 0.0369706004858017 172
1689862078518 0.03745341673493385 173
1689862079001 0.036678746342659 174
1689862079501 0.03730674088001251 175
1689862079994 0.03761952370405197 176
1689862080537 0.03716547042131424 177
1689862081042 0.03715110570192337 178
1689862081532 0.038162779062986374 179
1689862082023 0.037066083401441574 180
1689862082505 0.03720257058739662 181
1689862082988 0.037427231669425964 182
1689862083467 0.03719143569469452 183
1689862083940 0.036942675709724426 184
1689862084404 0.03702077642083168 185
1689862084891 0.03594594448804855 186
1689862085372 0.037316299974918365 187
1689862085845 0.03613879159092903 188
1689862086317 0.03662600368261337 189
1689862086800 0.03587573394179344 190
1689862087281 0.03632800281047821 191
1689862087752 0.036422375589609146 192
1689862088225 0.035121429711580276 193
1689862088719 0.03670889139175415 194
1689862089214 0.034553952515125275 195
1689862089703 0.036037854850292206 196
1689862090189 0.03561067208647728 197
1689862090670 0.035905227065086365 198
1689862091139 0.03476358950138092 199
1689862091623 0.035825006663799286 200
1689862092097 0.03523927927017212 201
1689862092568 0.03559760004281998 202
1689862093047 0.036289673298597336 203
1689862093525 0.0347854346036911 204
1689862093987 0.03574039414525032 205
1689862094469 0.034539807587862015 206
1689862094952 0.03447645157575607 207
1689862095423 0.03404764086008072 208
1689862095952 0.035385116934776306 209
1689862096437 0.03488370403647423 210
1689862096925 0.03448927402496338 211
1689862097407 0.03505359962582588 212
1689862097892 0.03409809246659279 213
1689862098377 0.03448835015296936 214
1689862098860 0.03499738126993179 215
1689862099327 0.03464255854487419 216
1689862099830 0.03385090455412865 217
1689862100308 0.03378133848309517 218
1689862100784 0.0334073081612587 219
1689862101262 0.03461068123579025 220
1689862101736 0.033564332872629166 221
1689862102210 0.03292718529701233 222
1689862102705 0.0337127149105072 223
1689862103188 0.03501398116350174 224
1689862103675 0.03470037505030632 225
1689862104153 0.03414943069219589 226
1689862104633 0.033548615872859955 227
1689862105109 0.033231329172849655 228
1689862105594 0.03320916369557381 229
1689862106066 0.03452196344733238 230
1689862106551 0.03340998664498329 231
1689862107037 0.032632291316986084 232
1689862107516 0.03303509205579758 233
1689862108001 0.03274119645357132 234
1689862108482 0.03355187177658081 235
1689862108963 0.03439938649535179 236
1689862109437 0.03289930522441864 237
1689862109919 0.03380129486322403 238
1689862110390 0.033330533653497696 239
1689862110874 0.033339355140924454 240
1689862111357 0.03240489214658737 241
1689862111834 0.032971516251564026 242
1689862112328 0.032389458268880844 243
1689862112865 0.032646749168634415 244
1689862113352 0.03214343264698982 245
1689862113835 0.03277222439646721 246
1689862114301 0.03196416422724724 247
1689862114781 0.03254058584570885 248
1689862115320 0.033277496695518494 249
1689862115795 0.032890114933252335 250
1689862116277 0.03211601451039314 251
1689862116755 0.032870110124349594 252
1689862117222 0.03189530968666077 253
1689862117696 0.0314757376909256 254
1689862118187 0.03262649476528168 255
1689862118667 0.03172669932246208 256
1689862119142 0.03257131576538086 257
1689862119626 0.03261210396885872 258
1689862120119 0.03062916174530983 259
1689862120587 0.03152480721473694 260
1689862121072 0.03138631954789162 261
1689862121551 0.031732503324747086 262
1689862122020 0.0320919044315815 263
1689862122500 0.03110935352742672 264
1689862122984 0.0319206565618515 265
1689862123465 0.03139007091522217 266
1689862123939 0.03200491517782211 267
1689862124422 0.031913287937641144 268
1689862124903 0.03325995057821274 269
1689862125374 0.03134853020310402 270
1689862125845 0.03167884424328804 271
1689862126318 0.032033830881118774 272
1689862126781 0.03146033361554146 273
1689862127262 0.03168176859617233 274
1689862127744 0.03155745938420296 275
1689862128226 0.03142177313566208 276
1689862128708 0.03151619806885719 277
1689862129196 0.031802453100681305 278
1689862129754 0.03188067302107811 279
1689862130231 0.03105880692601204 280
1689862130694 0.030832020565867424 281
1689862131179 0.03032732754945755 282
1689862131660 0.0314820259809494 283
1689862132133 0.030979134142398834 284
1689862132611 0.030937694013118744 285
1689862133100 0.030320020392537117 286
1689862133558 0.031041601672768593 287
1689862134054 0.03091909922659397 288
1689862134531 0.03128219395875931 289
1689862135013 0.030884208157658577 290
1689862135482 0.03106456622481346 291
1689862135957 0.03071674332022667 292
1689862136441 0.02964857406914234 293
1689862136918 0.031293392181396484 294
1689862137402 0.03029712848365307 295
1689862137892 0.03014327958226204 296
1689862138383 0.031322211027145386 297
1689862138851 0.030589569360017776 298
1689862139333 0.03041774220764637 299
1689862139821 0.03143846243619919 300
1689862140305 0.030137760564684868 301
1689862140794 0.03017784282565117 302
1689862141276 0.031102439388632774 303
1689862141753 0.03035840019583702 304
1689862142236 0.029286643490195274 305
1689862142721 0.030778037384152412 306
1689862143205 0.029522249475121498 307
1689862143698 0.0310465507209301 308
1689862144177 0.029744267463684082 309
1689862144653 0.02955658547580242 310
1689862145135 0.030299924314022064 311
1689862145626 0.030318742617964745 312
1689862146112 0.029628431424498558 313
1689862146593 0.02935742400586605 314
1689862147056 0.030322078615427017 315
1689862147537 0.03023040108382702 316
1689862148022 0.02972879633307457 317
1689862148498 0.029280969873070717 318
1689862148975 0.029647832736372948 319
1689862149463 0.029569115489721298 320
1689862149948 0.030251706019043922 321
1689862150512 0.03013758920133114 322
1689862151021 0.02942153811454773 323
1689862151547 0.02998638153076172 324
1689862152065 0.02932950295507908 325
1689862152575 0.02845681831240654 326
1689862153069 0.030064767226576805 327
1689862153568 0.029194053262472153 328
1689862154066 0.02938772365450859 329
1689862154610 0.029031654819846153 330
1689862155132 0.02945883944630623 331
1689862155659 0.029426654800772667 332
1689862156196 0.0287946704775095 333
1689862156731 0.029523825272917747 334
1689862157240 0.030042355880141258 335
1689862157745 0.02895953319966793 336
1689862158241 0.029650269076228142 337
1689862158818 0.028324656188488007 338
1689862159343 0.029324883595108986 339
1689862159843 0.02969181165099144 340
1689862160335 0.029864782467484474 341
1689862160899 0.030129920691251755 342
1689862161402 0.029477400705218315 343
1689862161942 0.028506457805633545 344
1689862162485 0.029066015034914017 345
1689862162997 0.029046235606074333 346
1689862163505 0.028818154707551003 347
1689862164038 0.02967061847448349 348
1689862164535 0.02983861044049263 349
1689862165055 0.028927728533744812 350
1689862165548 0.029093746095895767 351
1689862166055 0.028841815888881683 352
1689862166556 0.029497157782316208 353
1689862167060 0.029352888464927673 354
1689862167566 0.028339635580778122 355
1689862168158 0.029425159096717834 356
1689862168693 0.028343018144369125 357
1689862169235 0.02898344397544861 358
1689862169738 0.028506023809313774 359
1689862170233 0.02834225632250309 360
1689862170737 0.028181808069348335 361
1689862171233 0.02852926217019558 362
1689862171719 0.028432661667466164 363
1689862172224 0.02847626619040966 364
1689862172784 0.02951568178832531 365
1689862173289 0.028233254328370094 366
1689862173798 0.02907266840338707 367
1689862174285 0.02785811945796013 368
1689862174784 0.02887778729200363 369
1689862175283 0.02823919616639614 370
1689862175769 0.027575498446822166 371
1689862176268 0.0284881629049778 372
1689862176770 0.029495088383555412 373
1689862177272 0.028497396036982536 374
1689862177799 0.02844022773206234 375
1689862178303 0.027799377217888832 376
1689862178817 0.028176894411444664 377
1689862179322 0.028435872867703438 378
1689862179817 0.028168078511953354 379
1689862180335 0.02866787649691105 380
1689862180829 0.028852498158812523 381
1689862181335 0.027529440820217133 382
1689862181835 0.028382182121276855 383
1689862182340 0.027527237311005592 384
1689862182832 0.028336478397250175 385
1689862183310 0.02901352196931839 386
1689862183801 0.028755782172083855 387
1689862184272 0.028135161846876144 388
1689862184750 0.028460737317800522 389
1689862185227 0.028190238401293755 390
1689862185711 0.028291868045926094 391
1689862186195 0.027602948248386383 392
1689862186659 0.027979552745819092 393
1689862187144 0.028254996985197067 394
1689862187636 0.027600903064012527 395
1689862188111 0.028813065961003304 396
1689862188588 0.027387041598558426 397
1689862189071 0.027102740481495857 398
1689862189553 0.027040164917707443 399
1689862190036 0.028340619057416916 400
1689862190515 0.028050139546394348 401
1689862190994 0.02758212201297283 402
1689862191470 0.027645334601402283 403
1689862192007 0.029025079682469368 404
1689862192505 0.028042461723089218 405
1689862192989 0.028356516733765602 406
1689862193472 0.027347184717655182 407
1689862193959 0.027636917307972908 408
1689862194444 0.027985628694295883 409
1689862194911 0.027330679818987846 410
1689862195381 0.026731224730610847 411
1689862195865 0.02775580622255802 412
1689862196359 0.027177337557077408 413
1689862196838 0.02773875556886196 414
1689862197317 0.027826586738228798 415
1689862197797 0.02731611579656601 416
1689862198267 0.02800089865922928 417
1689862198749 0.028456438332796097 418
1689862199235 0.027259375900030136 419
1689862199725 0.02822580374777317 420
1689862200199 0.028358060866594315 421
1689862200681 0.02710658498108387 422
1689862201162 0.027184883132576942 423
1689862201635 0.02749783545732498 424
1689862202126 0.0281541608273983 425
1689862202616 0.027709616348147392 426
1689862203094 0.027089465409517288 427
1689862203577 0.027231963351368904 428
1689862204058 0.026693738996982574 429
1689862204548 0.027887361124157906 430
1689862205039 0.0275838952511549 431
1689862205524 0.027694638818502426 432
1689862206015 0.027493849396705627 433
1689862206499 0.027048621326684952 434
1689862206976 0.02812913991510868 435
1689862207464 0.02655261568725109 436
1689862207964 0.02664886973798275 437
1689862208436 0.026811163872480392 438
1689862208924 0.02756224013864994 439
1689862209412 0.027179501950740814 440
1689862209895 0.027452221140265465 441
1689862210384 0.027042830362915993 442
1689862210867 0.027280209586024284 443
1689862211349 0.026601534336805344 444
1689862211880 0.026922384276986122 445
1689862212355 0.027019178494811058 446
1689862212843 0.026904664933681488 447
1689862213325 0.027340330183506012 448
1689862213805 0.026484522968530655 449
1689862214294 0.026693575084209442 450
1689862214777 0.026777680963277817 451
1689862215255 0.027074059471488 452
1689862215746 0.026292158290743828 453
1689862216235 0.026940124109387398 454
1689862216726 0.026938948780298233 455
1689862217207 0.027406619861721992 456
1689862217695 0.026558471843600273 457
1689862218169 0.02731410041451454 458
1689862218655 0.026104163378477097 459
1689862219145 0.027256807312369347 460
1689862219630 0.025977741926908493 461
1689862220117 0.026917921379208565 462
1689862220599 0.02622726932168007 463
1689862221092 0.02705940417945385 464
1689862221570 0.02645551785826683 465
1689862222050 0.026889335364103317 466
1689862222537 0.026431383565068245 467
1689862223015 0.026922935619950294 468
1689862223471 0.026301829144358635 469
1689862223957 0.026200395077466965 470
1689862224434 0.026287591084837914 471
1689862224932 0.026104141026735306 472
1689862225418 0.026769408956170082 473
1689862225903 0.026814546436071396 474
1689862226387 0.025956684723496437 475
1689862226864 0.02609230950474739 476
1689862227343 0.02727220579981804 477
1689862227825 0.026634978130459785 478
1689862228298 0.02660556323826313 479
1689862228779 0.026494815945625305 480
1689862229258 0.02664967067539692 481
1689862229744 0.026627950370311737 482
1689862230218 0.026843883097171783 483
1689862230704 0.027679257094860077 484
1689862231237 0.026120463386178017 485
1689862231713 0.026392048224806786 486
1689862232183 0.025678904727101326 487
1689862232666 0.026077747344970703 488
1689862233151 0.026939861476421356 489
1689862233630 0.02533293515443802 490
1689862234110 0.02633107639849186 491
1689862234588 0.0268033929169178 492
1689862235066 0.025903714820742607 493
1689862235565 0.025588499382138252 494
1689862236037 0.02597048506140709 495
1689862236516 0.02599157579243183 496
1689862236991 0.025974053889513016 497
1689862237472 0.02672005072236061 498
1689862237953 0.026319162920117378 499
