1689330744041 3.0231242179870605 0
1689330744304 1.674622654914856 1
1689330744531 1.2850860357284546 2
1689330744787 1.2020525932312012 3
1689330745062 1.1382288932800293 4
1689330745272 1.0733356475830078 5
1689330745518 1.0027918815612793 6
1689330745758 0.9284284114837646 7
1689330746001 0.845491886138916 8
1689330746271 0.7605757713317871 9
1689330746503 0.6698040962219238 10
1689330746728 0.5759073495864868 11
1689330746966 0.4850299060344696 12
1689330747229 0.3927534520626068 13
1689330747461 0.3024252951145172 14
1689330747685 0.2191748321056366 15
1689330747954 0.1493043303489685 16
1689330748181 0.09480059891939163 17
1689330748404 0.057648107409477234 18
1689330748628 0.034053608775138855 19
1689330748841 0.02081930637359619 20
1689330749060 0.013381960801780224 21
1689330749270 0.009308712556958199 22
1689330749494 0.006868991535156965 23
1689330749712 0.005270304158329964 24
1689330749970 0.00411096028983593 25
1689330750241 0.0032354616560041904 26
1689330750467 0.0025713671930134296 27
1689330750679 0.0020436299964785576 28
1689330750906 0.0016620897222310305 29
1689330751129 0.0013469734694808722 30
1689330751355 0.001111033488996327 31
1689330751575 0.0009214215679094195 32
1689330751792 0.0007747752242721617 33
1689330752013 0.0006515461718663573 34
1689330752243 0.0005506463930942118 35
1689330752452 0.00047302345046773553 36
1689330752669 0.0004054708406329155 37
1689330752888 0.0003477143181953579 38
1689330753113 0.0002992461668327451 39
1689330753334 0.0002595096593722701 40
1689330753555 0.00022305184393189847 41
1689330753770 0.00019489233091007918 42
1689330753980 0.00017014166223816574 43
1689330754212 0.00014846316480543464 44
1689330754440 0.00012844792217947543 45
1689330754676 0.00011031005124095827 46
1689330754901 9.624513768358156e-05 47
1689330755129 8.546854951418936e-05 48
1689330755356 7.4864445195999e-05 49
1689330755579 6.594556180061772e-05 50
1689330755809 5.894219066249207e-05 51
1689330756020 5.208438233239576e-05 52
1689330756285 4.59792026958894e-05 53
1689330756524 4.083481690031476e-05 54
1689330756755 3.58861725544557e-05 55
1689330757000 3.185642708558589e-05 56
1689330757233 2.871107790269889e-05 57
1689330757486 2.5319903215859085e-05 58
1689330757721 2.2731037461198866e-05 59
