1689330744041 1.412868857383728 0
1689330744304 1.0852441787719727 1
1689330744531 0.9783198833465576 2
1689330744787 0.9487019777297974 3
1689330745062 0.9235129952430725 4
1689330745272 0.8956350684165955 5
1689330745518 0.8656113147735596 6
1689330745758 0.8336960077285767 7
1689330746001 0.7948939204216003 8
1689330746271 0.7532002329826355 9
1689330746503 0.7045026421546936 10
1689330746728 0.6524089574813843 11
1689330746966 0.598292887210846 12
1689330747229 0.5351759791374207 13
1689330747461 0.4668538570404053 14
1689330747685 0.3949543237686157 15
1689330747954 0.3208310306072235 16
1689330748181 0.24981935322284698 17
1689330748404 0.18569570779800415 18
1689330748628 0.13189604878425598 19
1689330748841 0.09132742881774902 20
1689330749060 0.06231333687901497 21
1689330749270 0.04386642575263977 22
1689330749494 0.03313729166984558 23
1689330749712 0.02741212211549282 24
1689330749970 0.02263273485004902 25
1689330750241 0.019402651116251945 26
1689330750467 0.0176499392837286 27
1689330750679 0.014508487656712532 28
1689330750906 0.013098475523293018 29
1689330751129 0.011311372742056847 30
1689330751355 0.009952385909855366 31
1689330751575 0.00927814468741417 32
1689330751792 0.008325816132128239 33
1689330752013 0.007781429216265678 34
1689330752243 0.006767802406102419 35
1689330752452 0.006666684057563543 36
1689330752669 0.005979523994028568 37
1689330752888 0.005483828950673342 38
1689330753113 0.005018487107008696 39
1689330753334 0.004559794906526804 40
1689330753555 0.004205565433949232 41
1689330753770 0.004001658875495195 42
1689330753980 0.003636869601905346 43
1689330754212 0.0034483755007386208 44
1689330754440 0.003366952296346426 45
1689330754676 0.0029170596972107887 46
1689330754901 0.0026492278557270765 47
1689330755129 0.0025663748383522034 48
1689330755356 0.0022970589343458414 49
1689330755579 0.002143504563719034 50
1689330755809 0.0021023591980338097 51
1689330756020 0.0019911013077944517 52
1689330756285 0.001921780058182776 53
1689330756524 0.0017113221110776067 54
1689330756755 0.0014985483139753342 55
1689330757000 0.0014842039672657847 56
1689330757233 0.0015482688322663307 57
1689330757486 0.001289447769522667 58
1689330757721 0.0013622441329061985 59
