1689600861765 2.8826663494110107 0
1689600861994 2.028672218322754 1
1689600862205 1.5824897289276123 2
1689600862429 1.410285472869873 3
1689600862640 1.352637767791748 4
1689600862935 1.338614583015442 5
1689600863327 1.338071346282959 6
1689600863591 1.3367562294006348 7
1689600863835 1.3374899625778198 8
1689600864033 1.336866021156311 9
1689600864249 1.3365323543548584 10
1689600864458 1.3380742073059082 11
1689600864669 1.3370885848999023 12
1689600864903 1.3375014066696167 13
1689600865128 1.3401594161987305 14
1689600865352 1.337761402130127 15
1689600865552 1.337791085243225 16
1689600865772 1.3371740579605103 17
1689600866001 1.336746096611023 18
1689600866215 1.3381363153457642 19
1689600866444 1.3394520282745361 20
1689600866653 1.3363583087921143 21
1689600866871 1.34070885181427 22
1689600867085 1.339185357093811 23
1689600867303 1.338757038116455 24
1689600867536 1.3388539552688599 25
1689600867764 1.338644027709961 26
1689600867972 1.3366107940673828 27
1689600868179 1.3378524780273438 28
1689600868388 1.3376139402389526 29
1689600868620 1.336772084236145 30
1689600868845 1.3365849256515503 31
1689600869050 1.3360188007354736 32
1689600869279 1.3377608060836792 33
1689600869487 1.3377245664596558 34
1689600869709 1.3383095264434814 35
1689600869961 1.3378148078918457 36
1689600870174 1.3377994298934937 37
1689600870397 1.3377907276153564 38
1689600870628 1.33859121799469 39
1689600870882 1.337533712387085 40
1689600871088 1.3384594917297363 41
1689600871364 1.33793044090271 42
1689600871623 1.3405301570892334 43
1689600871854 1.3382538557052612 44
1689600872058 1.3388108015060425 45
1689600872283 1.3390594720840454 46
1689600872511 1.3375630378723145 47
1689600872737 1.3370840549468994 48
1689600872967 1.3361318111419678 49
1689600873188 1.3369308710098267 50
1689600873397 1.3384835720062256 51
1689600873630 1.3372563123703003 52
1689600873843 1.3362165689468384 53
1689600874082 1.3369865417480469 54
1689600874310 1.3365044593811035 55
1689600874519 1.3362314701080322 56
1689600874733 1.3372193574905396 57
1689600874946 1.3383750915527344 58
1689600875176 1.3385002613067627 59
1689600875390 1.3389488458633423 60
1689600875607 1.338158130645752 61
1689600875837 1.3375599384307861 62
1689600876062 1.3372302055358887 63
1689600876306 1.3369919061660767 64
1689600876527 1.3381425142288208 65
1689600876759 1.3373208045959473 66
1689600876972 1.3371306657791138 67
1689600877196 1.336705207824707 68
1689600877427 1.3380838632583618 69
1689600877632 1.33757483959198 70
1689600877873 1.3386223316192627 71
1689600878095 1.3371516466140747 72
1689600878322 1.342592477798462 73
1689600878549 1.3392151594161987 74
1689600878769 1.33668851852417 75
1689600879003 1.3362772464752197 76
1689600879224 1.3386017084121704 77
1689600879454 1.3379504680633545 78
1689600879679 1.3382071256637573 79
1689600879887 1.337881088256836 80
1689600880122 1.336900234222412 81
1689600880349 1.338555932044983 82
1689600880579 1.33932363986969 83
1689600880791 1.3365761041641235 84
1689600881011 1.3354898691177368 85
1689600881250 1.3363186120986938 86
1689600881459 1.3374470472335815 87
1689600881686 1.3400118350982666 88
1689600881898 1.338636040687561 89
1689600882115 1.34115731716156 90
1689600882343 1.3383042812347412 91
1689600882552 1.3370413780212402 92
1689600882785 1.337071418762207 93
1689600882999 1.3371844291687012 94
1689600883227 1.3369089365005493 95
1689600883445 1.3383992910385132 96
1689600883673 1.3365074396133423 97
1689600883931 1.3371444940567017 98
1689600884153 1.3378227949142456 99
1689600884376 1.337314486503601 100
1689600884657 1.3368123769760132 101
1689600884890 1.3377304077148438 102
1689600885117 1.338614583015442 103
1689600885333 1.338550090789795 104
1689600885557 1.338027000427246 105
1689600885763 1.3371614217758179 106
1689600885999 1.3372691869735718 107
1689600886201 1.3370593786239624 108
1689600886409 1.3384109735488892 109
1689600886633 1.3391640186309814 110
1689600886843 1.337374210357666 111
1689600887057 1.336322546005249 112
1689600887269 1.337799072265625 113
1689600887481 1.336806297302246 114
1689600887705 1.335432529449463 115
1689600887931 1.3371341228485107 116
1689600888158 1.3380883932113647 117
1689600888368 1.3391103744506836 118
1689600888566 1.335504174232483 119
1689600888797 1.3355956077575684 120
1689600889007 1.3373048305511475 121
1689600889231 1.3375508785247803 122
1689600889440 1.3357504606246948 123
1689600889645 1.3396726846694946 124
1689600889867 1.335996389389038 125
1689600890076 1.3394604921340942 126
1689600890308 1.340376853942871 127
1689600890513 1.3379747867584229 128
1689600890733 1.337328553199768 129
1689600890966 1.34006667137146 130
1689600891176 1.3385639190673828 131
1689600891401 1.3391170501708984 132
1689600891609 1.3365811109542847 133
1689600891826 1.3367412090301514 134
1689600892055 1.3368103504180908 135
1689600892264 1.337357759475708 136
1689600892486 1.337654948234558 137
1689600892708 1.3365296125411987 138
1689600892913 1.3361685276031494 139
1689600893136 1.3367836475372314 140
1689600893343 1.3378880023956299 141
1689600893568 1.3369420766830444 142
1689600893775 1.3362832069396973 143
1689600893979 1.3384233713150024 144
1689600894211 1.3371120691299438 145
1689600894413 1.3380496501922607 146
1689600894620 1.3371809720993042 147
1689600894832 1.3382983207702637 148
1689600895100 1.337278127670288 149
