1689600861765 1.3832136392593384 0
1689600861994 1.1759824752807617 1
1689600862205 1.0614910125732422 2
1689600862429 1.019808292388916 3
1689600862640 1.0042104721069336 4
1689600862935 1.0015614032745361 5
1689600863327 1.0017001628875732 6
1689600863591 1.0010217428207397 7
1689600863835 1.0018411874771118 8
1689600864033 1.0008916854858398 9
1689600864249 1.000847578048706 10
1689600864458 1.0015616416931152 11
1689600864669 1.0015052556991577 12
1689600864903 1.0010510683059692 13
1689600865128 1.0015597343444824 14
1689600865352 1.0015276670455933 15
1689600865552 1.0014177560806274 16
1689600865772 1.0012112855911255 17
1689600866001 1.0010849237442017 18
1689600866215 1.0013484954833984 19
1689600866444 1.0016143321990967 20
1689600866653 1.0008223056793213 21
1689600866871 1.0028272867202759 22
1689600867085 1.0017699003219604 23
1689600867303 1.0025511980056763 24
1689600867536 1.0019441843032837 25
1689600867764 1.0014798641204834 26
1689600867972 1.000510334968567 27
1689600868179 1.0014957189559937 28
1689600868388 1.001036286354065 29
1689600868620 1.0010772943496704 30
1689600868845 1.0009584426879883 31
1689600869050 1.000542402267456 32
1689600869279 1.000751256942749 33
1689600869487 1.0014307498931885 34
1689600869709 1.0016529560089111 35
1689600869961 1.0012298822402954 36
1689600870174 1.001339077949524 37
1689600870397 1.0010614395141602 38
1689600870628 1.0013351440429688 39
1689600870882 1.0007715225219727 40
1689600871088 1.0016076564788818 41
1689600871364 1.0011385679244995 42
1689600871623 1.0024030208587646 43
1689600871854 1.0010535717010498 44
1689600872058 1.0018391609191895 45
1689600872283 1.0019034147262573 46
1689600872511 1.0016980171203613 47
1689600872737 1.0009466409683228 48
1689600872967 1.0008150339126587 49
1689600873188 1.0007030963897705 50
1689600873397 1.0015019178390503 51
1689600873630 1.0016340017318726 52
1689600873843 1.0007482767105103 53
1689600874082 1.0012959241867065 54
1689600874310 1.0007156133651733 55
1689600874519 1.000802755355835 56
1689600874733 1.0009199380874634 57
1689600874946 1.0017839670181274 58
1689600875176 1.0018603801727295 59
1689600875390 1.0015904903411865 60
1689600875607 1.0019030570983887 61
1689600875837 1.0013445615768433 62
1689600876062 1.000999927520752 63
1689600876306 1.0006375312805176 64
1689600876527 1.001819372177124 65
1689600876759 1.0011065006256104 66
1689600876972 1.0011539459228516 67
1689600877196 1.0010788440704346 68
1689600877427 1.0015153884887695 69
1689600877632 1.0005269050598145 70
1689600877873 1.0015957355499268 71
1689600878095 1.001067876815796 72
1689600878322 1.003856897354126 73
1689600878549 1.0015177726745605 74
1689600878769 1.001107931137085 75
1689600879003 1.0011783838272095 76
1689600879224 1.0015568733215332 77
1689600879454 1.0019962787628174 78
1689600879679 1.0014841556549072 79
1689600879887 1.0011717081069946 80
1689600880122 1.0012158155441284 81
1689600880349 1.0013507604599 82
1689600880579 1.0015870332717896 83
1689600880791 1.0009084939956665 84
1689600881011 1.0007461309432983 85
1689600881250 1.0010106563568115 86
1689600881459 1.0011359453201294 87
1689600881686 1.0018699169158936 88
1689600881898 1.0014570951461792 89
1689600882115 1.0020850896835327 90
1689600882343 1.0012285709381104 91
1689600882552 1.001150369644165 92
1689600882785 1.0005393028259277 93
1689600882999 1.0015336275100708 94
1689600883227 1.0010966062545776 95
1689600883445 1.0021164417266846 96
1689600883673 1.000720500946045 97
1689600883931 1.000900387763977 98
1689600884153 1.0008293390274048 99
1689600884376 1.0009716749191284 100
1689600884657 1.0010212659835815 101
1689600884890 1.0012907981872559 102
1689600885117 1.000930666923523 103
1689600885333 1.0017645359039307 104
1689600885557 1.001328706741333 105
1689600885763 1.0009937286376953 106
1689600885999 1.0015102624893188 107
1689600886201 1.0011099576950073 108
1689600886409 1.001333236694336 109
1689600886633 1.0017647743225098 110
1689600886843 1.0009701251983643 111
1689600887057 1.0007935762405396 112
1689600887269 1.0015228986740112 113
1689600887481 1.0010043382644653 114
1689600887705 1.000351071357727 115
1689600887931 1.0012006759643555 116
1689600888158 1.0017064809799194 117
1689600888368 1.002299427986145 118
1689600888566 1.0005003213882446 119
1689600888797 1.0004135370254517 120
1689600889007 1.0006332397460938 121
1689600889231 1.0006428956985474 122
1689600889440 1.00027334690094 123
1689600889645 1.0020511150360107 124
1689600889867 1.000710129737854 125
1689600890076 1.0019985437393188 126
1689600890308 1.0008517503738403 127
1689600890513 1.0017049312591553 128
1689600890733 1.0010027885437012 129
1689600890966 1.0023767948150635 130
1689600891176 1.001760482788086 131
1689600891401 1.002025842666626 132
1689600891609 1.000869631767273 133
1689600891826 1.0008410215377808 134
1689600892055 1.001072645187378 135
1689600892264 1.0012729167938232 136
1689600892486 1.001473069190979 137
1689600892708 1.0008593797683716 138
1689600892913 1.0005494356155396 139
1689600893136 1.001084804534912 140
1689600893343 1.0016744136810303 141
1689600893568 1.0009441375732422 142
1689600893775 1.0009667873382568 143
1689600893979 1.0014441013336182 144
1689600894211 1.001068115234375 145
1689600894413 1.0014737844467163 146
1689600894620 1.0013916492462158 147
1689600894832 1.0016083717346191 148
1689600895100 1.0014039278030396 149
