1689089675342 0.24538607895374298 0
1689089675368 0.23825803399085999 1
1689089675382 0.2333603799343109 2
1689089675397 0.2294112741947174 3
1689089675412 0.22601155936717987 4
1689089675425 0.22297704219818115 5
1689089675438 0.22020494937896729 6
1689089675473 0.21763098239898682 7
1689089675486 0.21521171927452087 8
1689089675498 0.21291665732860565 9
1689089675511 0.21072380244731903 10
1689089675525 0.20861735939979553 11
1689089675539 0.2065858095884323 12
1689089675553 0.20462073385715485 13
1689089675565 0.2027156800031662 14
1689089675579 0.2008657455444336 15
1689089675592 0.19906696677207947 16
1689089675606 0.19731611013412476 17
1689089675619 0.19561055302619934 18
1689089675633 0.19394804537296295 19
1689089675648 0.1923268437385559 20
1689089675707 0.19074532389640808 21
1689089675721 0.18920208513736725 22
1689089675733 0.18769606947898865 23
1689089675746 0.18622632324695587 24
1689089675760 0.1847919225692749 25
1689089675773 0.18339215219020844 26
1689089675787 0.18202640116214752 27
1689089675799 0.1806941032409668 28
1689089675813 0.1793946921825409 29
1689089675827 0.17812776565551758 30
1689089675840 0.17689281702041626 31
1689089675853 0.17568957805633545 32
1689089675866 0.17451763153076172 33
1689089675883 0.17337657511234283 34
1689089675896 0.17226609587669373 35
1689089675911 0.17118585109710693 36
1689089675924 0.17013537883758545 37
1689089675939 0.16911444067955017 38
1689089675952 0.1681225746870041 39
1689089675964 0.16715934872627258 40
1689089675979 0.16622433066368103 41
1689089675993 0.16531699895858765 42
1689089676005 0.16443690657615662 43
1689089676019 0.1635833978652954 44
1689089676031 0.16275590658187866 45
1689089676045 0.16195371747016907 46
1689089676059 0.16117611527442932 47
1689089676136 0.16042225062847137 48
1689089676150 0.15969127416610718 49
1689089676162 0.15898218750953674 50
1689089676176 0.15829400718212128 51
1689089676190 0.15762558579444885 52
1689089676203 0.15697571635246277 53
1689089676215 0.15634307265281677 54
1689089676234 0.155726358294487 55
1689089676277 0.15512403845787048 56
1689089676294 0.15453457832336426 57
1689089676307 0.15395645797252655 58
1689089676322 0.15338796377182007 59
1689089676337 0.15282738208770752 60
1689089676349 0.152273029088974 61
1689089676362 0.15172326564788818 62
1689089676376 0.15117639303207397 63
1689089676390 0.1506308764219284 64
1689089676404 0.1500851958990097 65
1689089676420 0.1495380699634552 66
1689089676432 0.14898836612701416 67
1689089676445 0.1484350711107254 68
1689089676459 0.14787748456001282 69
1689089676473 0.14731498062610626 70
1689089676488 0.14674724638462067 71
1689089676500 0.14617404341697693 72
1689089676513 0.14559540152549744 73
1689089676527 0.14501136541366577 74
1689089676540 0.14442214369773865 75
1689089676553 0.14382800459861755 76
1689089676565 0.14322927594184875 77
1689089676580 0.14262627065181732 78
1689089676596 0.1420193314552307 79
1689089676613 0.14140884578227997 80
1689089676626 0.14079514145851135 81
1689089676640 0.14017851650714874 82
1689089676654 0.13955934345722198 83
1689089676667 0.13893790543079376 84
1689089676679 0.13831444084644318 85
1689089676695 0.1376892477273941 86
1689089676799 0.13706254959106445 87
1689089676812 0.13643454015254974 88
1689089676827 0.13580551743507385 89
1689089676840 0.13517554104328156 90
1689089676853 0.13454489409923553 91
1689089676865 0.13391368091106415 92
1689089676878 0.13328208029270172 93
1689089676893 0.1326501965522766 94
1689089676905 0.13201817870140076 95
1689089676921 0.1313861459493637 96
1689089676936 0.1307542324066162 97
1689089676948 0.13012254238128662 98
1689089676962 0.12949113547801971 99
1689089676975 0.12886010110378265 100
1689089676988 0.128229558467865 101
1689089677001 0.1275995671749115 102
1689089677016 0.12697021663188934 103
1689089677029 0.1263415515422821 104
1689089677043 0.12571366131305695 105
1689089677057 0.12508657574653625 106
1689089677070 0.12446040660142899 107
1689089677082 0.12383514642715454 108
1689089677096 0.12321090698242188 109
1689089677110 0.12258769571781158 110
1689089677123 0.12196560204029083 111
1689089677135 0.12134459614753723 112
1689089677148 0.12072475999593735 113
1689089677163 0.12010613828897476 114
1689089677179 0.11948869377374649 115
1689089677196 0.11887256056070328 116
1689089677216 0.11825763434171677 117
1689089677237 0.11764401197433472 118
1689089677260 0.11703166365623474 119
1689089677281 0.11642060428857803 120
1689089677302 0.11581079661846161 121
1689089677320 0.11520227044820786 122
1689089677335 0.114594966173172 123
1689089677348 0.11398889124393463 124
1689089677363 0.11338397860527039 125
1689089677378 0.11278023570775986 126
1689089677392 0.11217756569385529 127
1689089677405 0.11157603561878204 128
1689089677419 0.11097557842731476 129
1689089677432 0.1103762686252594 130
1689089677446 0.10977806895971298 131
1689089677460 0.10918103903532028 132
1689089677473 0.10858525335788727 133
1689089677487 0.1079908013343811 134
1689089677499 0.10739776492118835 135
1689089677513 0.1068062111735344 136
1689089677527 0.10621625930070877 137
1689089677541 0.10562797635793686 138
1689089677554 0.10504146665334702 139
1689089677567 0.10445686429738998 140
1689089677698 0.10387417674064636 141
1689089677712 0.10329356789588928 142
1689089677727 0.10271507501602173 143
1689089677743 0.10213879495859146 144
1689089677761 0.10156480967998505 145
1689089677778 0.10099323093891144 146
1689089677793 0.10042410343885422 147
1689089677809 0.09985755383968353 148
1689089677823 0.099293552339077 149
1689089677838 0.09873230010271072 150
1689089677852 0.09817379713058472 151
1689089677864 0.09761817753314972 152
1689089677877 0.09706560522317886 153
1689089677890 0.09651754796504974 154
1689089677905 0.09597905725240707 155
1689089677918 0.09546803683042526 156
1689089677931 0.09490712732076645 157
1689089677945 0.0943671315908432 158
1689089677958 0.09383350610733032 159
1689089677972 0.09330488741397858 160
1689089677985 0.09277946501970291 161
1689089677998 0.0922575369477272 162
1689089678012 0.09173884987831116 163
1689089678026 0.09122364223003387 164
1689089678040 0.09071186184883118 165
1689089678054 0.09020373225212097 166
1689089678066 0.08969922363758087 167
1689089678080 0.08919849991798401 168
1689089678093 0.08870157599449158 169
1689089678107 0.08820870518684387 170
1689089678121 0.08771973848342896 171
1689089678133 0.08723524212837219 172
1689089678146 0.0867551788687706 173
1689089678160 0.08628149330615997 174
1689089678173 0.08581297099590302 175
1689089678186 0.08535384386777878 176
1689089678198 0.08488799631595612 177
1689089678212 0.08442892879247665 178
1689089678226 0.08397210389375687 179
1689089678239 0.08352234959602356 180
1689089678252 0.08307694643735886 181
1689089678264 0.082636758685112 182
1689089678277 0.08220081031322479 183
1689089678291 0.08176974952220917 184
1689089678304 0.08134298771619797 185
1689089678317 0.08092116564512253 186
1689089678330 0.08050380647182465 187
1689089678344 0.08009165525436401 188
1689089678357 0.07968412339687347 189
1689089678371 0.07928265631198883 190
1689089678383 0.07888555526733398 191
1689089678396 0.07849553227424622 192
1689089678409 0.07810716331005096 193
1689089678423 0.07772524654865265 194
1689089678436 0.07734474539756775 195
1689089678448 0.07697087526321411 196
1689089678463 0.07660070061683655 197
1689089678476 0.07623656094074249 198
1689089678490 0.07587669044733047 199
1689089678504 0.07552226632833481 200
1689089678517 0.07517216354608536 201
1689089678530 0.07482746988534927 202
1689089678544 0.0744871273636818 203
1689089678558 0.07415241003036499 204
1689089678571 0.07382187247276306 205
1689089678583 0.07349742949008942 206
1689089678597 0.07317647337913513 207
1689089678610 0.07286185771226883 208
1689089678624 0.07254958897829056 209
1689089678637 0.07224352657794952 210
1689089678649 0.0719401091337204 211
1689089678662 0.07164288312196732 212
1689089678675 0.0713491439819336 213
1689089678689 0.07106134295463562 214
1689089678702 0.07077747583389282 215
1689089678715 0.07049938291311264 216
1689089678728 0.07022534310817719 217
1689089678742 0.06995711475610733 218
1689089678971 0.06969287246465683 219
1689089678989 0.0694347620010376 220
1689089679006 0.06918030977249146 221
1689089679023 0.0689321830868721 222
1689089679041 0.06868726015090942 223
1689089679059 0.0684487372636795 224
1689089679076 0.06821323931217194 225
1689089679089 0.06798414140939713 226
1689089679103 0.06775842607021332 227
1689089679116 0.06753909587860107 228
1689089679129 0.06732351332902908 229
1689089679143 0.06711425632238388 230
1689089679159 0.06690892577171326 231
1689089679175 0.06670992821455002 232
1689089679191 0.06651486456394196 233
1689089679206 0.06632618606090546 234
1689089679221 0.06614126265048981 235
1689089679236 0.06596285104751587 236
1689089679248 0.06578795611858368 237
1689089679261 0.06561954319477081 238
1689089679274 0.06545449048280716 239
1689089679288 0.06529591232538223 240
1689089679300 0.06514082849025726 241
1689089679314 0.06499211490154266 242
1689089679327 0.06484708935022354 243
1689089679341 0.064708411693573 244
1689089679355 0.0645735114812851 245
1689089679369 0.06444482505321503 246
1689089679381 0.06431995332241058 247
1689089679394 0.0642012432217598 248
1689089679409 0.0640861988067627 249
1689089679423 0.06397728621959686 250
1689089679435 0.0638718232512474 251
1689089679447 0.06377239525318146 252
1689089679461 0.06367626041173935 253
1689089679474 0.0635860338807106 254
1689089679487 0.06349904835224152 255
1689089679498 0.06341777741909027 256
1689089679512 0.06333974003791809 257
1689089679526 0.06326725333929062 258
1689089679539 0.06319795548915863 259
1689089679551 0.06313404440879822 260
1689089679565 0.06307317316532135 261
1689089679579 0.06301745027303696 262
1689089679593 0.06296458840370178 263
1689089679607 0.0629165843129158 264
1689089679620 0.06287122517824173 265
1689089679632 0.06283043324947357 266
1689089679645 0.06279201805591583 267
1689089679659 0.06275784969329834 268
1689089679672 0.06272584199905396 269
1689089679685 0.06269773095846176 270
1689089679699 0.06267158687114716 271
1689089679712 0.06264898180961609 272
1689089679727 0.06262816488742828 273
1689089679742 0.0626104474067688 274
1689089679756 0.06259427964687347 275
1689089679774 0.06258083879947662 276
1689089679793 0.06256864964962006 277
1689089679812 0.06255875527858734 278
1689089679828 0.06254982203245163 279
1689089679846 0.06254279613494873 280
1689089679867 0.06253647804260254 281
1689089679883 0.06253165006637573 282
1689089679897 0.06252733618021011 283
1689089679912 0.06252416968345642 284
1689089679927 0.06252138316631317 285
1689089679940 0.06251944601535797 286
1689089679955 0.06251776218414307 287
1689089679968 0.06251664459705353 288
1689089679980 0.06251571327447891 289
1689089679994 0.06251519918441772 290
1689089680007 0.0625147745013237 291
1689089680020 0.06251455843448639 292
1689089680033 0.06251443922519684 293
1689089680046 0.06251440197229385 294
1689089680059 0.06251442432403564 295
1689089680073 0.06251445412635803 296
1689089680086 0.06251455843448639 297
1689089680099 0.06251458823680878 298
1689089680112 0.06251474469900131 299
1689089680126 0.06251479685306549 300
1689089680140 0.06251499801874161 301
1689089680154 0.06251507997512817 302
1689089680166 0.06251531839370728 303
1689089680180 0.06251537054777145 304
1689089680193 0.06251559406518936 305
1689089680206 0.06251566112041473 306
1689089680220 0.06251587718725204 307
1689089680232 0.06251589208841324 308
1689089680245 0.06251610070466995 309
1689089680259 0.06251607090234756 310
1689089680272 0.06251625716686249 311
1689089680284 0.06251619756221771 312
1689089680297 0.06251635402441025 313
1689089680310 0.06251628696918488 314
1689089680324 0.06251642107963562 315
1689089680339 0.06251636892557144 316
1689089680352 0.0625164806842804 317
1689089680365 0.06251641362905502 318
1689089680378 0.06251656264066696 319
1689089680392 0.0625164806842804 320
1689089680405 0.06251660734415054 321
1689089680418 0.06251651793718338 322
1689089680430 0.06251660734415054 323
1689089680444 0.06251651048660278 324
1689089680457 0.06251661479473114 325
1689089680471 0.06251650303602219 326
1689089680483 0.06251661479473114 327
1689089680497 0.06251651048660278 328
1689089680512 0.06251662969589233 329
1689089680526 0.06251652538776398 330
1689089680540 0.06251664459705353 331
1689089680557 0.06251651793718338 332
1689089680574 0.06251664459705353 333
1689089680591 0.06251654028892517 334
1689089680607 0.06251665949821472 335
1689089680623 0.06251654773950577 336
1689089680639 0.06251664459705353 337
1689089680653 0.06251652538776398 338
1689089680665 0.06251664459705353 339
1689089680679 0.06251653283834457 340
1689089680693 0.06251662969589233 341
1689089680707 0.06251651048660278 342
1689089680719 0.06251662969589233 343
1689089680731 0.06251655519008636 344
1689089680745 0.06251663714647293 345
1689089681054 0.06251653283834457 346
1689089681068 0.06251663714647293 347
1689089681082 0.06251653283834457 348
1689089681096 0.06251664459705353 349
1689089681110 0.06251652538776398 350
1689089681124 0.06251664459705353 351
1689089681137 0.06251652538776398 352
1689089681150 0.06251662969589233 353
1689089681163 0.06251653283834457 354
1689089681177 0.06251664459705353 355
1689089681190 0.06251652538776398 356
1689089681203 0.06251662969589233 357
1689089681214 0.06251651793718338 358
1689089681228 0.06251665204763412 359
1689089681242 0.06251652538776398 360
1689089681255 0.06251665949821472 361
1689089681269 0.06251654028892517 362
1689089681282 0.06251664459705353 363
1689089681294 0.06251652538776398 364
1689089681309 0.06251663714647293 365
1689089681323 0.06251654028892517 366
1689089681336 0.06251663714647293 367
1689089681349 0.06251654028892517 368
1689089681362 0.06251661479473114 369
1689089681375 0.06251653283834457 370
1689089681388 0.06251661479473114 371
1689089681403 0.06251650303602219 372
1689089681415 0.06251662969589233 373
1689089681429 0.06251651793718338 374
1689089681443 0.06251662224531174 375
1689089681456 0.06251652538776398 376
1689089681470 0.06251663714647293 377
1689089681482 0.06251652538776398 378
1689089681495 0.06251662969589233 379
1689089681508 0.06251651793718338 380
1689089681522 0.06251661479473114 381
1689089681535 0.06251652538776398 382
1689089681549 0.06251663714647293 383
1689089681561 0.06251654028892517 384
1689089681575 0.06251662969589233 385
1689089681589 0.06251651048660278 386
1689089681603 0.06251664459705353 387
1689089681614 0.06251651048660278 388
1689089681629 0.06251662969589233 389
1689089681642 0.06251653283834457 390
1689089681656 0.06251662224531174 391
1689089681668 0.06251652538776398 392
1689089681681 0.06251662969589233 393
1689089681693 0.06251651793718338 394
1689089681707 0.06251661479473114 395
1689089681720 0.06251652538776398 396
1689089681732 0.06251662969589233 397
1689089681745 0.06251654028892517 398
1689089681758 0.06251663714647293 399
1689089681773 0.06251652538776398 400
1689089681790 0.06251664459705353 401
1689089681810 0.06251651793718338 402
1689089681861 0.06251660734415054 403
1689089681881 0.06251652538776398 404
1689089681900 0.06251662969589233 405
1689089681917 0.06251650303602219 406
1689089681931 0.06251662969589233 407
1689089681946 0.06251652538776398 408
1689089681962 0.06251661479473114 409
1689089681978 0.06251651048660278 410
1689089681993 0.06251662969589233 411
1689089682007 0.06251653283834457 412
1689089682021 0.06251662224531174 413
1689089682033 0.06251651048660278 414
1689089682046 0.06251664459705353 415
1689089682059 0.06251651048660278 416
1689089682072 0.06251661479473114 417
1689089682086 0.06251651048660278 418
1689089682098 0.06251662969589233 419
1689089682113 0.06251651048660278 420
1689089682126 0.06251662969589233 421
1689089682140 0.06251652538776398 422
1689089682153 0.06251664459705353 423
1689089682165 0.06251651048660278 424
1689089682178 0.06251661479473114 425
1689089682192 0.06251651048660278 426
1689089682205 0.06251661479473114 427
1689089682217 0.06251652538776398 428
1689089682230 0.06251661479473114 429
1689089682243 0.06251651048660278 430
1689089682257 0.06251662224531174 431
1689089682271 0.06251652538776398 432
1689089682284 0.06251663714647293 433
1689089682296 0.06251649558544159 434
1689089682309 0.06251662969589233 435
1689089682324 0.06251651048660278 436
1689089682340 0.06251662969589233 437
1689089682354 0.06251651048660278 438
1689089682367 0.06251661479473114 439
1689089682380 0.06251652538776398 440
1689089682395 0.06251661479473114 441
1689089682409 0.06251650303602219 442
1689089682422 0.06251662969589233 443
1689089682437 0.06251653283834457 444
1689089682450 0.06251661479473114 445
1689089682462 0.06251651048660278 446
1689089682476 0.06251661479473114 447
1689089682490 0.06251652538776398 448
1689089682503 0.06251661479473114 449
1689089682515 0.06251651048660278 450
1689089682528 0.06251662969589233 451
1689089682541 0.06251652538776398 452
1689089682555 0.06251662969589233 453
1689089682569 0.06251651048660278 454
1689089682580 0.06251661479473114 455
1689089682594 0.06251650303602219 456
1689089682608 0.06251661479473114 457
1689089682621 0.06251649558544159 458
1689089682634 0.06251659989356995 459
1689089682647 0.06251651048660278 460
1689089682660 0.06251662969589233 461
1689089682674 0.06251649558544159 462
1689089682687 0.06251661479473114 463
1689089682699 0.06251650303602219 464
1689089682711 0.06251662969589233 465
1689089682726 0.06251652538776398 466
1689089682738 0.06251662224531174 467
1689089682751 0.06251651048660278 468
1689089682763 0.06251662969589233 469
1689089682777 0.06251651048660278 470
1689089682790 0.06251662224531174 471
1689089682804 0.06251651048660278 472
1689089682818 0.06251659244298935 473
1689089682830 0.06251650303602219 474
1689089682844 0.06251660734415054 475
1689089682857 0.06251650303602219 476
1689089682870 0.06251661479473114 477
1689089682883 0.06251651793718338 478
1689089682897 0.06251661479473114 479
1689089682910 0.06251652538776398 480
1689089682925 0.06251660734415054 481
1689089682939 0.06251651793718338 482
1689089682953 0.06251662969589233 483
1689089682965 0.06251648813486099 484
1689089682978 0.06251662224531174 485
1689089682991 0.06251651048660278 486
1689089683005 0.06251659989356995 487
1689089683017 0.06251648813486099 488
1689089683029 0.06251662224531174 489
1689089683043 0.06251651048660278 490
1689089683057 0.06251659989356995 491
1689089683070 0.0625164806842804 492
1689089683082 0.06251659989356995 493
1689089683094 0.06251649558544159 494
1689089683108 0.06251661479473114 495
1689089683121 0.06251649558544159 496
1689089683135 0.06251660734415054 497
1689089683147 0.06251650303602219 498
1689089683160 0.06251662224531174 499
