1689089675342 0.29508116841316223 0
1689089675368 0.2900651693344116 1
1689089675382 0.28660064935684204 2
1689089675397 0.2838122844696045 3
1689089675412 0.2814362645149231 4
1689089675425 0.27935683727264404 5
1689089675438 0.27751362323760986 6
1689089675473 0.2758703827857971 7
1689089675486 0.27440062165260315 8
1689089675498 0.2738897204399109 9
1689089675511 0.27568477392196655 10
1689089675525 0.2774314880371094 11
1689089675539 0.2791370749473572 12
1689089675553 0.28080716729164124 13
1689089675565 0.28244611620903015 14
1689089675579 0.2840574085712433 15
1689089675592 0.28564390540122986 16
1689089675606 0.2872079014778137 17
1689089675619 0.28875136375427246 18
1689089675633 0.2902758717536926 19
1689089675648 0.29178279638290405 20
1689089675707 0.29327312111854553 21
1689089675721 0.29474782943725586 22
1689089675733 0.2962075173854828 23
1689089675746 0.29765284061431885 24
1689089675760 0.2990840673446655 25
1689089675773 0.3005014955997467 26
1689089675787 0.3019053041934967 27
1689089675799 0.3032955229282379 28
1689089675813 0.3046720325946808 29
1689089675827 0.30603474378585815 30
1689089675840 0.30738335847854614 31
1689089675853 0.3087174892425537 32
1689089675866 0.3100368082523346 33
1689089675883 0.31134068965911865 34
1689089675896 0.3126286268234253 35
1689089675911 0.31389981508255005 36
1689089675924 0.3151535093784332 37
1689089675939 0.3163888454437256 38
1689089675952 0.31760478019714355 39
1689089675964 0.31880027055740356 40
1689089675979 0.3199740946292877 41
1689089675993 0.32112494111061096 42
1689089676005 0.32225143909454346 43
1689089676019 0.3233519196510315 44
1689089676031 0.32442474365234375 45
1689089676045 0.32546812295913696 46
1689089676059 0.32648006081581116 47
1689089676136 0.32745835185050964 48
1689089676150 0.32840079069137573 49
1689089676162 0.3293048143386841 50
1689089676176 0.33016785979270935 51
1689089676190 0.3309871256351471 52
1689089676203 0.33175963163375854 53
1689089676215 0.3324822187423706 54
1689089676234 0.333151638507843 55
1689089676277 0.33376452326774597 56
1689089676294 0.3343173861503601 57
1689089676307 0.3348068594932556 58
1689089676322 0.33522939682006836 59
1689089676337 0.3355816900730133 60
1689089676349 0.3358606696128845 61
1689089676362 0.3360636532306671 62
1689089676376 0.33618831634521484 63
1689089676390 0.3362330198287964 64
1689089676404 0.33619678020477295 65
1689089676420 0.33607956767082214 66
1689089676432 0.3358822464942932 67
1689089676445 0.3356066346168518 68
1689089676459 0.33525562286376953 69
1689089676473 0.3348328471183777 70
1689089676488 0.3343428373336792 71
1689089676500 0.33379071950912476 72
1689089676513 0.33318203687667847 73
1689089676527 0.33252251148223877 74
1689089676540 0.3318179249763489 75
1689089676553 0.3310738205909729 76
1689089676565 0.3302955627441406 77
1689089676580 0.32948803901672363 78
1689089676596 0.3286556303501129 79
1689089676613 0.3278023600578308 80
1689089676626 0.3269316554069519 81
1689089676640 0.3260464370250702 82
1689089676654 0.3251492977142334 83
1689089676667 0.32424238324165344 84
1689089676679 0.32332736253738403 85
1689089676695 0.32240572571754456 86
1689089676799 0.3214786648750305 87
1689089676812 0.32054710388183594 88
1689089676827 0.3196117877960205 89
1689089676840 0.318673312664032 90
1689089676853 0.31773218512535095 91
1689089676865 0.3167886734008789 92
1689089676878 0.3158431053161621 93
1689089676893 0.3148956298828125 94
1689089676905 0.31394636631011963 95
1689089676921 0.3129955232143402 96
1689089676936 0.31204307079315186 97
1689089676948 0.31108909845352173 98
1689089676962 0.31013354659080505 99
1689089676975 0.3091764450073242 100
1689089676988 0.3082178235054016 101
1689089677001 0.30725759267807007 102
1689089677016 0.3062957525253296 103
1689089677029 0.3053322732448578 104
1689089677043 0.3043670952320099 105
1689089677057 0.3034001290798187 106
1689089677070 0.3024314045906067 107
1689089677082 0.3014608323574066 108
1689089677096 0.30048835277557373 109
1689089677110 0.29951393604278564 110
1689089677123 0.29853755235671997 111
1689089677135 0.29755911231040955 112
1689089677148 0.2965785264968872 113
1689089677163 0.29559585452079773 114
1689089677179 0.2946109175682068 115
1689089677196 0.29362380504608154 116
1689089677216 0.29263433814048767 117
1689089677237 0.29164254665374756 118
1689089677260 0.29064834117889404 119
1689089677281 0.28965163230895996 120
1689089677302 0.2886524200439453 121
1689089677320 0.2876506447792053 122
1689089677335 0.2866462171077728 123
1689089677348 0.2856389880180359 124
1689089677363 0.2846289277076721 125
1689089677378 0.28361591696739197 126
1689089677392 0.2825997471809387 127
1689089677405 0.2815803587436676 128
1689089677419 0.2805575132369995 129
1689089677432 0.27953121066093445 130
1689089677446 0.27850115299224854 131
1689089677460 0.277467280626297 132
1689089677473 0.2764294743537903 133
1689089677487 0.275387704372406 134
1689089677499 0.274341881275177 135
1689089677513 0.2732919752597809 136
1689089677527 0.2722379267215729 137
1689089677541 0.2711799144744873 138
1689089677554 0.2701175808906555 139
1689089677567 0.2690514922142029 140
1689089677698 0.26798105239868164 141
1689089677712 0.2669069468975067 142
1689089677727 0.26582837104797363 143
1689089677743 0.26474660634994507 144
1689089677761 0.26365968585014343 145
1689089677778 0.2625710070133209 146
1689089677793 0.2614747881889343 147
1689089677809 0.2603819668292999 148
1689089677823 0.25927069783210754 149
1689089677838 0.2581876218318939 150
1689089677852 0.25702792406082153 151
1689089677864 0.2560420632362366 152
1689089677877 0.254602313041687 153
1689089677890 0.2543845474720001 154
1689089677905 0.2510836124420166 155
1689089677918 0.2547703683376312 156
1689089677931 0.25 157
1689089677945 0.25060397386550903 158
1689089677958 0.2499999701976776 159
1689089677972 0.25 160
1689089677985 0.2499999850988388 161
1689089677998 0.25 162
1689089678012 0.25 163
1689089678026 0.2500000298023224 164
1689089678040 0.25 165
1689089678054 0.25 166
1689089678066 0.25 167
1689089678080 0.25 168
1689089678093 0.2499999701976776 169
1689089678107 0.2500000298023224 170
1689089678121 0.2499999701976776 171
1689089678133 0.25 172
1689089678146 0.25 173
1689089678160 0.2499999701976776 174
1689089678173 0.25 175
1689089678186 0.25 176
1689089678198 0.25 177
1689089678212 0.25 178
1689089678226 0.2499999850988388 179
1689089678239 0.25 180
1689089678252 0.25 181
1689089678264 0.2499999850988388 182
1689089678277 0.2499999850988388 183
1689089678291 0.25 184
1689089678304 0.2499999850988388 185
1689089678317 0.25 186
1689089678330 0.25 187
1689089678344 0.25 188
1689089678357 0.25 189
1689089678371 0.2500000298023224 190
1689089678383 0.2500000298023224 191
1689089678396 0.2500000298023224 192
1689089678409 0.25 193
1689089678423 0.25 194
1689089678436 0.2500000298023224 195
1689089678448 0.25 196
1689089678463 0.25 197
1689089678476 0.2499999850988388 198
1689089678490 0.2500000596046448 199
1689089678504 0.25 200
1689089678517 0.2499999701976776 201
1689089678530 0.2499999701976776 202
1689089678544 0.2499999850988388 203
1689089678558 0.25 204
1689089678571 0.2499999850988388 205
1689089678583 0.2499999850988388 206
1689089678597 0.2499999850988388 207
1689089678610 0.25 208
1689089678624 0.25 209
1689089678637 0.2499999850988388 210
1689089678649 0.25 211
1689089678662 0.25 212
1689089678675 0.25 213
1689089678689 0.2499999850988388 214
1689089678702 0.2499999850988388 215
1689089678715 0.2499999850988388 216
1689089678728 0.25 217
1689089678742 0.25 218
1689089678971 0.2499999701976776 219
1689089678989 0.25 220
1689089679006 0.25 221
1689089679023 0.25 222
1689089679041 0.25 223
1689089679059 0.25 224
1689089679076 0.25 225
1689089679089 0.2499999850988388 226
1689089679103 0.2499999850988388 227
1689089679116 0.2499999850988388 228
1689089679129 0.2499999850988388 229
1689089679143 0.2499999850988388 230
1689089679159 0.2499999701976776 231
1689089679175 0.25 232
1689089679191 0.2500000298023224 233
1689089679206 0.25 234
1689089679221 0.2499999701976776 235
1689089679236 0.25 236
1689089679248 0.25 237
1689089679261 0.25 238
1689089679274 0.2499999850988388 239
1689089679288 0.2499999701976776 240
1689089679300 0.25 241
1689089679314 0.2499999850988388 242
1689089679327 0.2499999850988388 243
1689089679341 0.25 244
1689089679355 0.2500000298023224 245
1689089679369 0.25 246
1689089679381 0.25 247
1689089679394 0.2499999850988388 248
1689089679409 0.2499999701976776 249
1689089679423 0.25 250
1689089679435 0.25 251
1689089679447 0.25 252
1689089679461 0.2499999850988388 253
1689089679474 0.25 254
1689089679487 0.2500000298023224 255
1689089679498 0.25 256
1689089679512 0.25 257
1689089679526 0.2499999701976776 258
1689089679539 0.24999995529651642 259
1689089679551 0.25 260
1689089679565 0.2499999850988388 261
1689089679579 0.25 262
1689089679593 0.25 263
1689089679607 0.25 264
1689089679620 0.25 265
1689089679632 0.25 266
1689089679645 0.25 267
1689089679659 0.25 268
1689089679672 0.25 269
1689089679685 0.2500000298023224 270
1689089679699 0.25 271
1689089679712 0.25 272
1689089679727 0.2500000298023224 273
1689089679742 0.2499999850988388 274
1689089679756 0.25 275
1689089679774 0.25 276
1689089679793 0.25 277
1689089679812 0.25 278
1689089679828 0.2499999701976776 279
1689089679846 0.25 280
1689089679867 0.25 281
1689089679883 0.2500000298023224 282
1689089679897 0.25 283
1689089679912 0.2499999850988388 284
1689089679927 0.25 285
1689089679940 0.2500000298023224 286
1689089679955 0.2500000298023224 287
1689089679968 0.25 288
1689089679980 0.24999995529651642 289
1689089679994 0.25 290
1689089680007 0.2499999850988388 291
1689089680020 0.2499999701976776 292
1689089680033 0.2499999701976776 293
1689089680046 0.25 294
1689089680059 0.2499999850988388 295
1689089680073 0.2500000298023224 296
1689089680086 0.2500000298023224 297
1689089680099 0.25 298
1689089680112 0.25 299
1689089680126 0.2499999850988388 300
1689089680140 0.25 301
1689089680154 0.25 302
1689089680166 0.2500000596046448 303
1689089680180 0.25 304
1689089680193 0.2499999850988388 305
1689089680206 0.25 306
1689089680220 0.25 307
1689089680232 0.2499999850988388 308
1689089680245 0.2500000298023224 309
1689089680259 0.25 310
1689089680272 0.2500000596046448 311
1689089680284 0.25 312
1689089680297 0.25 313
1689089680310 0.25 314
1689089680324 0.2499999701976776 315
1689089680339 0.25 316
1689089680352 0.2499999701976776 317
1689089680365 0.2499999701976776 318
1689089680378 0.25 319
1689089680392 0.25 320
1689089680405 0.25 321
1689089680418 0.25 322
1689089680430 0.2499999701976776 323
1689089680444 0.2499999701976776 324
1689089680457 0.25 325
1689089680471 0.2499999701976776 326
1689089680483 0.25 327
1689089680497 0.25 328
1689089680512 0.25 329
1689089680526 0.25 330
1689089680540 0.2500000298023224 331
1689089680557 0.2499999850988388 332
1689089680574 0.25 333
1689089680591 0.25 334
1689089680607 0.2500000298023224 335
1689089680623 0.2500000298023224 336
1689089680639 0.25 337
1689089680653 0.2499999850988388 338
1689089680665 0.25 339
1689089680679 0.25 340
1689089680693 0.25 341
1689089680707 0.2499999701976776 342
1689089680719 0.25 343
1689089680731 0.2500000596046448 344
1689089680745 0.25 345
1689089681054 0.25 346
1689089681068 0.25 347
1689089681082 0.25 348
1689089681096 0.25 349
1689089681110 0.2499999850988388 350
1689089681124 0.25 351
1689089681137 0.25 352
1689089681150 0.2499999850988388 353
1689089681163 0.25 354
1689089681177 0.25 355
1689089681190 0.25 356
1689089681203 0.25 357
1689089681214 0.2499999701976776 358
1689089681228 0.25 359
1689089681242 0.25 360
1689089681255 0.2500000298023224 361
1689089681269 0.25 362
1689089681282 0.25 363
1689089681294 0.25 364
1689089681309 0.25 365
1689089681323 0.2500000298023224 366
1689089681336 0.25 367
1689089681349 0.2500000298023224 368
1689089681362 0.2499999701976776 369
1689089681375 0.2500000298023224 370
1689089681388 0.2499999850988388 371
1689089681403 0.2499999701976776 372
1689089681415 0.25 373
1689089681429 0.25 374
1689089681443 0.2499999701976776 375
1689089681456 0.25 376
1689089681470 0.25 377
1689089681482 0.25 378
1689089681495 0.25 379
1689089681508 0.2499999850988388 380
1689089681522 0.24999995529651642 381
1689089681535 0.25 382
1689089681549 0.2500000298023224 383
1689089681561 0.2500000298023224 384
1689089681575 0.25 385
1689089681589 0.2499999701976776 386
1689089681603 0.2500000298023224 387
1689089681614 0.2499999701976776 388
1689089681629 0.25 389
1689089681642 0.25 390
1689089681656 0.2499999850988388 391
1689089681668 0.25 392
1689089681681 0.25 393
1689089681693 0.25 394
1689089681707 0.2499999701976776 395
1689089681720 0.25 396
1689089681732 0.25 397
1689089681745 0.2500000298023224 398
1689089681758 0.25 399
1689089681773 0.25 400
1689089681790 0.25 401
1689089681810 0.2499999850988388 402
1689089681861 0.24999995529651642 403
1689089681881 0.25 404
1689089681900 0.2500000298023224 405
1689089681917 0.2499999701976776 406
1689089681931 0.25 407
1689089681946 0.25 408
1689089681962 0.2499999701976776 409
1689089681978 0.25 410
1689089681993 0.25 411
1689089682007 0.2500000298023224 412
1689089682021 0.25 413
1689089682033 0.25 414
1689089682046 0.2500000298023224 415
1689089682059 0.25 416
1689089682072 0.2499999701976776 417
1689089682086 0.25 418
1689089682098 0.25 419
1689089682113 0.25 420
1689089682126 0.25 421
1689089682140 0.25 422
1689089682153 0.2500000298023224 423
1689089682165 0.2499999850988388 424
1689089682178 0.2499999701976776 425
1689089682192 0.25 426
1689089682205 0.2499999701976776 427
1689089682217 0.25 428
1689089682230 0.2499999850988388 429
1689089682243 0.25 430
1689089682257 0.25 431
1689089682271 0.2500000596046448 432
1689089682284 0.2500000298023224 433
1689089682296 0.2499999701976776 434
1689089682309 0.2500000298023224 435
1689089682324 0.25 436
1689089682340 0.25 437
1689089682354 0.25 438
1689089682367 0.2499999850988388 439
1689089682380 0.25 440
1689089682395 0.2499999850988388 441
1689089682409 0.2499999850988388 442
1689089682422 0.2500000298023224 443
1689089682437 0.2500000596046448 444
1689089682450 0.2499999850988388 445
1689089682462 0.25 446
1689089682476 0.25 447
1689089682490 0.2500000298023224 448
1689089682503 0.25 449
1689089682515 0.25 450
1689089682528 0.2500000298023224 451
1689089682541 0.2500000298023224 452
1689089682555 0.25 453
1689089682569 0.25 454
1689089682580 0.25 455
1689089682594 0.2499999850988388 456
1689089682608 0.25 457
1689089682621 0.2499999701976776 458
1689089682634 0.2499999850988388 459
1689089682647 0.25 460
1689089682660 0.2500000298023224 461
1689089682674 0.2499999850988388 462
1689089682687 0.25 463
1689089682699 0.25 464
1689089682711 0.2500000298023224 465
1689089682726 0.25 466
1689089682738 0.25 467
1689089682751 0.25 468
1689089682763 0.2500000298023224 469
1689089682777 0.25 470
1689089682790 0.25 471
1689089682804 0.25 472
1689089682818 0.24999995529651642 473
1689089682830 0.25 474
1689089682844 0.25 475
1689089682857 0.25 476
1689089682870 0.25 477
1689089682883 0.2500000298023224 478
1689089682897 0.25 479
1689089682910 0.2500000298023224 480
1689089682925 0.25 481
1689089682939 0.2500000298023224 482
1689089682953 0.2500000298023224 483
1689089682965 0.2499999701976776 484
1689089682978 0.2500000298023224 485
1689089682991 0.25 486
1689089683005 0.2499999850988388 487
1689089683017 0.2499999701976776 488
1689089683029 0.25 489
1689089683043 0.25 490
1689089683057 0.2499999850988388 491
1689089683070 0.2499999701976776 492
1689089683082 0.2499999701976776 493
1689089683094 0.2499999850988388 494
1689089683108 0.25 495
1689089683121 0.25 496
1689089683135 0.25 497
1689089683147 0.25 498
1689089683160 0.25 499
