1690132932369 0.4917029142379761 0
1690132932425 0.4907684326171875 1
1690132932449 0.49008846282958984 2
1690132932465 0.4895179867744446 3
1690132932489 0.4890107810497284 4
1690132932554 0.48854535818099976 5
1690132932578 0.4881097376346588 6
1690132932602 0.48769646883010864 7
1690132932618 0.48730048537254333 8
1690132932638 0.4869183301925659 9
1690132932658 0.4865473508834839 10
1690132932674 0.4861856698989868 11
1690132932690 0.485831618309021 12
1690132932714 0.4854840934276581 13
1690132932730 0.4851420819759369 14
1690132932746 0.48480480909347534 15
1690132932770 0.48447155952453613 16
1690132932866 0.4841417670249939 17
1690132932890 0.48381507396698 18
1690132932914 0.4834909737110138 19
1690132932938 0.48316916823387146 20
1690132932962 0.4828493595123291 21
1690132932986 0.48253133893013 22
1690132933010 0.4822148084640503 23
1690132933026 0.481899619102478 24
1690132933050 0.48158562183380127 25
1690132933066 0.4812726378440857 26
1690132933090 0.48096054792404175 27
1690132933114 0.4806492328643799 28
1690132933138 0.4803386330604553 29
1690132933162 0.48002856969833374 30
1690132933186 0.4797190725803375 31
1690132933210 0.47940999269485474 32
1690132933238 0.4791013300418854 33
1690132933266 0.4787929952144623 34
1690132933290 0.4784849286079407 35
1690132933314 0.47817713022232056 36
1690132933346 0.47786951065063477 37
1690132933362 0.4775620102882385 38
1690132933386 0.4772546589374542 39
1690132933402 0.4769474267959595 40
1690132933426 0.4766403138637543 41
1690132933450 0.47633323073387146 42
1690132933466 0.4760262072086334 43
1690132933490 0.4757191836833954 44
1690132933522 0.47541218996047974 45
1690132933747 0.4751051664352417 46
1690132933763 0.47479814291000366 47
1690132933787 0.47449105978012085 48
1690132933803 0.47418397665023804 49
1690132933827 0.47387683391571045 50
1690132933851 0.4735696315765381 51
1690132933867 0.47326236963272095 52
1690132933891 0.47295501828193665 53
1690132933907 0.47264760732650757 54
1690132933931 0.4723401367664337 55
1690132933947 0.4720325469970703 56
1690132933971 0.47172489762306213 57
1690132933988 0.4714171588420868 58
1690132934011 0.4711093306541443 59
1690132934028 0.47080138325691223 60
1690132934052 0.4704933762550354 61
1690132934068 0.470185250043869 62
1690132934084 0.4698770046234131 63
1690132934108 0.46956866979599 64
1690132934132 0.4692603051662445 65
1690132934148 0.4689517617225647 66
1690132934172 0.46864309906959534 67
1690132934188 0.4683343470096588 68
1690132934204 0.4680255055427551 69
1690132934228 0.4677165746688843 70
1690132934252 0.4674074947834015 71
1690132934268 0.46709832549095154 72
1690132934292 0.4667890667915344 73
1690132934316 0.46647971868515015 74
1690132934348 0.46617022156715393 75
1690132934372 0.46586066484451294 76
1690132934404 0.4655509889125824 77
1690132934428 0.4652411937713623 78
1690132934452 0.46493133902549744 79
1690132934468 0.464621365070343 80
1690132934492 0.46431124210357666 81
1690132934508 0.4640010595321655 82
1690132934532 0.46369075775146484 83
1690132934556 0.463380366563797 84
1690132934572 0.463069885969162 85
1690132934596 0.4627593159675598 86
1690132934620 0.4624485969543457 87
1690132934644 0.4621378183364868 88
1690132934668 0.46182695031166077 89
1690132934684 0.46151599287986755 90
1690132934708 0.4612049162387848 91
1690132934732 0.46089375019073486 92
1690132934756 0.4605824947357178 93
1690132934772 0.4602711796760559 94
1690132934796 0.4599597454071045 95
1690132934820 0.4596481919288635 96
1690132934839 0.45933660864830017 97
1690132934868 0.45902493596076965 98
1690132934884 0.4587131142616272 99
1690132934908 0.45840126276016235 100
1690132934939 0.45808929204940796 101
1690132934956 0.4577772617340088 102
1690132934980 0.45746511220932007 103
1690132935004 0.45715293288230896 104
1690132935028 0.4568406939506531 105
1690132935052 0.45652827620506287 106
1690132935068 0.45621585845947266 107
1690132935092 0.4559033513069153 108
1690132935116 0.45559072494506836 109
1690132935140 0.45527803897857666 110
1690132935164 0.4549652934074402 111
1690132935188 0.45465248823165894 112
1690132935212 0.4543395936489105 113
1690132935548 0.45402663946151733 114
1690132935572 0.4537135660648346 115
1690132935596 0.45340046286582947 116
1690132935620 0.45308732986450195 117
1690132935644 0.4527740478515625 118
1690132935668 0.4524606764316559 119
1690132935684 0.45214730501174927 120
1690132935708 0.45183390378952026 121
1690132935732 0.4515203833580017 122
1690132935756 0.45120683312416077 123
1690132935780 0.4508931636810303 124
1690132935804 0.450579434633255 125
1690132935828 0.45026570558547974 126
1690132935852 0.4499518871307373 127
1690132935868 0.4496380090713501 128
1690132935892 0.4493240714073181 129
1690132935916 0.44901007413864136 130
1690132935932 0.4486960470676422 131
1690132935956 0.4483819603919983 132
1690132935980 0.4480678141117096 133
1690132936004 0.4477536082267761 134
1690132936020 0.4474393427371979 135
1690132936044 0.44712507724761963 136
1690132936068 0.44681069254875183 137
1690132936092 0.44649630784988403 138
1690132936116 0.4461818337440491 139
1690132936140 0.4458673596382141 140
1690132936164 0.4455528259277344 141
1690132936188 0.44523823261260986 142
1690132936204 0.44492363929748535 143
1690132936236 0.4446089565753937 144
1690132936268 0.444294273853302 145
1690132936292 0.44397953152656555 146
1690132936332 0.4436647295951843 147
1690132936356 0.4433499276638031 148
1690132936388 0.4430350959300995 149
1690132936412 0.4427202045917511 150
1690132936440 0.44240522384643555 151
1690132936460 0.44209030270576477 152
1690132936484 0.4417753219604492 153
1690132936524 0.4414603114128113 154
1690132936548 0.44114524126052856 155
1690132936580 0.44083017110824585 156
1690132936604 0.44051507115364075 157
1690132936620 0.44019997119903564 158
1690132936644 0.43988481163978577 159
1690132936668 0.4395696222782135 160
1690132936692 0.43925443291664124 161
1690132936716 0.4389391839504242 162
1690132936732 0.43862393498420715 163
1690132936756 0.4383086562156677 164
1690132936772 0.4379933774471283 165
1690132936796 0.4376780688762665 166
1690132936820 0.43736276030540466 167
1690132936844 0.43704745173454285 168
1690132936876 0.43673208355903625 169
1690132936900 0.43641671538352966 170
1690132936924 0.43610134720802307 171
1690132936956 0.4357859492301941 172
1690132936980 0.4354705512523651 173
1690132937004 0.43515515327453613 174
1690132937028 0.43483972549438477 175
1690132937052 0.4345242977142334 176
1690132937076 0.43420886993408203 177
1690132937100 0.43389344215393066 178
1690132937116 0.4335779845714569 179
1690132937140 0.43326258659362793 180
1690132937164 0.4329470992088318 181
1690132937180 0.4326316714286804 182
1690132937204 0.43231621384620667 183
1690132937220 0.4320007860660553 184
1690132937244 0.43168532848358154 185
1690132937268 0.4313699007034302 186
1690132937284 0.4310544729232788 187
1690132937308 0.43073904514312744 188
1690132937325 0.4304236173629761 189
1690132937348 0.4301082491874695 190
1690132937380 0.4297928214073181 191
1690132937404 0.42947742342948914 192
1690132937420 0.42916205525398254 193
1690132937444 0.42884665727615356 194
1690132937468 0.42853134870529175 195
1690132937484 0.42821595072746277 196
1690132937500 0.42790067195892334 197
1690132937524 0.4275853633880615 198
1690132937540 0.4272700548171997 199
1690132937564 0.4269547760486603 200
1690132937588 0.42663952708244324 201
1690132937604 0.4263243079185486 202
1690132937628 0.42600908875465393 203
1690132937644 0.42569392919540405 204
1690132937668 0.4253787696361542 205
1690132937684 0.4250636100769043 206
1690132937708 0.4247485101222992 207
1690132937727 0.4244334399700165 208
1690132937741 0.42411839962005615 209
1690132937765 0.4238033592700958 210
1690132937789 0.4234883487224579 211
1690132937805 0.4231733977794647 212
1690132937829 0.42285847663879395 213
1690132937845 0.42254358530044556 214
1690132937869 0.42222872376441956 215
1690132937885 0.42191386222839355 216
1690132937917 0.4215990900993347 217
1690132937950 0.42128437757492065 218
1690132937974 0.4209696650505066 219
1690132937998 0.4206550121307373 220
1690132938504 0.4203404188156128 221
1690132938521 0.4200257956981659 222
1690132938543 0.41971123218536377 223
1690132938561 0.4193967580795288 224
1690132938585 0.4190823435783386 225
1690132938609 0.41876789927482605 226
1690132938633 0.418453574180603 227
1690132938649 0.4181392788887024 228
1690132938673 0.41782504320144653 229
1690132938689 0.41751086711883545 230
1690132938713 0.41719669103622437 231
1690132938737 0.41688260436058044 232
1690132938754 0.4165685772895813 233
1690132938778 0.41625460982322693 234
1690132938794 0.41594067215919495 235
1690132938818 0.41562679409980774 236
1690132938834 0.4153130054473877 237
1690132938858 0.4149992763996124 238
1690132938874 0.41468557715415955 239
1690132938898 0.41437196731567383 240
1690132938914 0.4140583872795105 241
1690132938938 0.4137449264526367 242
1690132938954 0.4134315252304077 243
1690132938970 0.4131181240081787 244
1690132938994 0.41280487179756165 245
1690132939010 0.4124916195869446 246
1690132939034 0.41217848658561707 247
1690132939066 0.41186538338661194 248
1690132939090 0.41155239939689636 249
1690132939114 0.41123947501182556 250
1690132939143 0.41092661023139954 251
1690132939162 0.4106138348579407 252
1690132939186 0.4103010892868042 253
1690132939210 0.4099884629249573 254
1690132939243 0.4096759259700775 255
1690132939258 0.40936344861984253 256
1690132939282 0.4090510904788971 257
1690132939306 0.40873876214027405 258
1690132939322 0.40842652320861816 259
1690132939343 0.40811437368392944 260
1690132939362 0.4078023433685303 261
1690132939378 0.4074903428554535 262
1690132939402 0.40717852115631104 263
1690132939434 0.4068666994571686 264
1690132939467 0.4065549969673157 265
1690132939491 0.40624338388442993 266
1690132939510 0.40593186020851135 267
1690132939535 0.4056204557418823 268
1690132939559 0.4053090810775757 269
1690132939583 0.40499788522720337 270
1690132939615 0.40468671917915344 271
1690132939639 0.40437567234039307 272
1690132939664 0.40406474471092224 273
1690132939688 0.4037538766860962 274
1690132939720 0.4034431278705597 275
1690132939744 0.40313243865966797 276
1690132939768 0.40282195806503296 277
1690132939786 0.40251150727272034 278
1690132939810 0.4022011160850525 279
1690132939826 0.40189090371131897 280
1690132939851 0.4015807807445526 281
1690132939867 0.4012707471847534 282
1690132939892 0.4009608328342438 283
1690132939908 0.4006510376930237 284
1690132939932 0.40034133195877075 285
1690132939948 0.4000317454338074 286
1690132939972 0.3997223377227783 287
1690132939988 0.39941293001174927 288
1690132940004 0.39910370111465454 289
1690132940028 0.39879459142684937 290
1690132940052 0.39848560094833374 291
1690132940076 0.3981766700744629 292
1690132940100 0.39786791801452637 293
1690132940116 0.3975592851638794 294
1690132940140 0.3972507417201996 295
1690132940156 0.3969423174858093 296
1690132940180 0.396634042263031 297
1690132940204 0.39632588624954224 298
1690132940220 0.396017849445343 299
1690132940236 0.39570990204811096 300
1690132940260 0.39540213346481323 301
1690132940276 0.39509445428848267 302
1690132940300 0.3947869539260864 303
1690132940316 0.39447954297065735 304
1690132940344 0.3941723108291626 305
1690132940364 0.3938651978969574 306
1690132940388 0.39355817437171936 307
1690132940420 0.39325129985809326 308
1690132940444 0.3929445445537567 309
1690132940468 0.3926379680633545 310
1690132940492 0.3923315405845642 311
1690132940516 0.3920252025127411 312
1690132940548 0.3917190134525299 313
1690132940580 0.39141297340393066 314
1690132940604 0.39110705256462097 315
1690132940636 0.3908012807369232 316
1690132940668 0.3904956877231598 317
1690132940700 0.3901902139186859 318
1690132940724 0.3898848593235016 319
1690132940748 0.389579713344574 320
1690132940772 0.3892746567726135 321
1690132940796 0.388969749212265 322
1690132940820 0.38866502046585083 323
1690132940836 0.3883604407310486 324
1690132940860 0.38805603981018066 325
1690132940884 0.3877516984939575 326
1690132940900 0.3874475955963135 327
1690132940932 0.387143611907959 328
1690132940972 0.3868398070335388 329
1690132940996 0.3865360915660858 330
1690132941020 0.3862326145172119 331
1690132941037 0.38592925667762756 332
1690132941061 0.3856259882450104 333
1690132941085 0.3853229880332947 334
1690132941109 0.38502007722854614 335
1690132941133 0.38471734523773193 336
1690132941165 0.38441482186317444 337
1690132941181 0.3841124176979065 338
1690132941205 0.3838101625442505 339
1690132941229 0.3835081160068512 340
1690132941253 0.38320618867874146 341
1690132941269 0.3829044699668884 342
1690132941293 0.38260290026664734 343
1690132941317 0.3823015093803406 344
1690132941333 0.38200023770332336 345
1690132941357 0.38169920444488525 346
1690132941381 0.3813982903957367 347
1690132941397 0.38109755516052246 348
1690132941421 0.38079699873924255 349
1690132941437 0.380496621131897 350
1690132941469 0.3801964223384857 351
1690132941493 0.3798964321613312 352
1690132941517 0.3795965313911438 353
1690132941545 0.3792968988418579 354
1690132941573 0.3789973855018616 355
1690132941597 0.37869805097579956 356
1690132941621 0.37839895486831665 357
1690132941637 0.3781000077724457 358
1690132941661 0.37780120968818665 359
1690132941677 0.3775026202201843 360
1690132941693 0.37720420956611633 361
1690132941717 0.37690597772598267 362
1690132941733 0.37660789489746094 363
1690132941757 0.3763100206851959 364
1690132941781 0.3760123550891876 365
1690132941797 0.37571489810943604 366
1690132941821 0.3754175901412964 367
1690132941837 0.37512046098709106 368
1690132941861 0.37482357025146484 369
1690132941885 0.37452685832977295 370
1690132941909 0.374230295419693 371
1690132941926 0.37393397092819214 372
1690132941949 0.3736377954483032 373
1690132941965 0.37334179878234863 374
1690132941981 0.37304604053497314 375
1690132942005 0.37275049090385437 376
1690132942021 0.37245506048202515 377
1690132942037 0.3721598982810974 378
1690132942062 0.371864914894104 379
1690132942078 0.3715701401233673 380
1690132942094 0.37127554416656494 381
1690132942118 0.3709810972213745 382
1690132942134 0.37068694829940796 383
1690132942150 0.37039297819137573 384
1690132942166 0.37009912729263306 385
1690132942190 0.36980557441711426 386
1690132942206 0.3695122003555298 387
1690132942222 0.36921897530555725 388
1690132942246 0.3689260184764862 389
1690132942262 0.3686332404613495 390
1690132942278 0.3683406710624695 391
1690132942302 0.3680483102798462 392
1690132942318 0.3677561581134796 393
1690132942342 0.36746421456336975 394
1690132942358 0.3671724796295166 395
1690132942382 0.3668809235095978 396
1690132942398 0.36658957600593567 397
1690132942422 0.36629849672317505 398
1690132942438 0.36600756645202637 399
1690132942462 0.365716814994812 400
1690132942478 0.3654263913631439 401
1690132942494 0.3651360869407654 402
1690132943258 0.36484605073928833 403
1690132943274 0.3645561933517456 404
1690132943298 0.3642665445804596 405
1690132943314 0.3639771044254303 406
1690132943338 0.3636879026889801 407
1690132943362 0.3633989095687866 408
1690132943386 0.36311012506484985 409
1690132943402 0.3628215789794922 410
1690132943418 0.36253321170806885 411
1690132943442 0.3622450828552246 412
1690132943458 0.3619571328163147 413
1690132943482 0.3616694211959839 414
1690132943498 0.36138197779655457 415
1690132943522 0.36109471321105957 416
1690132943548 0.3608076572418213 417
1690132943570 0.3605208098888397 418
1690132943594 0.36023420095443726 419
1690132943618 0.3599478006362915 420
1690132943634 0.35966160893440247 421
1690132943658 0.35937565565109253 422
1690132943674 0.3590899109840393 423
1690132943730 0.3588043749332428 424
1690132943755 0.3585190773010254 425
1690132943779 0.3582339882850647 426
1690132943811 0.3579491078853607 427
1690132943835 0.35766446590423584 428
1690132943867 0.3573800325393677 429
1690132943891 0.3570958077907562 430
1690132943915 0.3568118214607239 431
1690132943948 0.35652804374694824 432
1690132943972 0.35624444484710693 433
1690132943996 0.3559611141681671 434
1690132944020 0.3556779623031616 435
1690132944044 0.35539501905441284 436
1690132944068 0.35511231422424316 437
1690132944100 0.3548298180103302 438
1690132944140 0.35454756021499634 439
1690132944172 0.3542654514312744 440
1690132944212 0.353983610868454 441
1690132944292 0.3537019193172455 442
1690132944324 0.3534204959869385 443
1690132944348 0.353139191865921 444
1690132944380 0.35285812616348267 445
1690132944396 0.352577269077301 446
1690132944420 0.3522965908050537 447
1690132944444 0.3520161211490631 448
1690132944468 0.35173580050468445 449
1690132944492 0.3514556884765625 450
1690132944524 0.3511757552623749 451
1690132944548 0.3508960008621216 452
1690132944580 0.35061630606651306 453
1690132944604 0.35033684968948364 454
1690132944620 0.35005754232406616 455
1690132944648 0.34977835416793823 456
1690132944668 0.34949925541877747 457
1690132944684 0.34922030568122864 458
1690132944700 0.3489413857460022 459
1690132944724 0.3486625552177429 460
1690132944740 0.3483837842941284 461
1690132944764 0.3481050133705139 462
1690132944788 0.347826212644577 463
1690132944812 0.34754735231399536 464
1690132944836 0.34726837277412415 465
1690132944860 0.3469892740249634 466
1690132944892 0.3467099666595459 467
1690132944924 0.3464304506778717 468
1690132944948 0.34615063667297363 469
1690132944964 0.3458705246448517 470
1690132945013 0.3455900251865387 471
1690132945048 0.34530916810035706 472
1690132945069 0.34502801299095154 473
1690132945085 0.344746470451355 474
1690132945109 0.344464510679245 475
1690132945133 0.34418225288391113 476
1690132945149 0.3438996374607086 477
1690132945174 0.34361669421195984 478
1690132945197 0.3433333933353424 479
1690132945213 0.3430498242378235 480
1690132945229 0.3427659869194031 481
1690132945254 0.3424818217754364 482
1690132945270 0.34219735860824585 483
1690132945286 0.34191271662712097 484
1690132945310 0.3416277766227722 485
1690132945334 0.341342568397522 486
1690132945350 0.3410571813583374 487
1690132945382 0.34077155590057373 488
1690132945406 0.34048569202423096 489
1690132945430 0.3401995897293091 490
1690132945462 0.3399133086204529 491
1690132945494 0.3396267890930176 492
1690132945518 0.33934006094932556 493
1690132945550 0.33905312418937683 494
1690132945582 0.33876603841781616 495
1690132945606 0.3384787440299988 496
1690132945630 0.3381912112236023 497
1690132945654 0.3379034996032715 498
1690132945678 0.33761560916900635 499
1690132945702 0.3373274803161621 500
1690132945734 0.33703920245170593 501
1690132945750 0.33675074577331543 502
1690132945782 0.3364620804786682 503
1690132945798 0.33617323637008667 504
1690132945822 0.3358842134475708 505
1690132945854 0.3355950117111206 506
1690132945878 0.3353056013584137 507
1690132945902 0.33501607179641724 508
1690132945926 0.3347262740135193 509
1690132945950 0.3344363570213318 510
1690132945982 0.33414626121520996 511
1690132946006 0.3338559865951538 512
1690132946030 0.33356553316116333 513
1690132946049 0.3332749009132385 514
1690132946071 0.3329840898513794 515
1690132946086 0.33269309997558594 516
1690132946110 0.33240193128585815 517
1690132946134 0.33211058378219604 518
1690132946150 0.3318191170692444 519
1690132946167 0.3315274119377136 520
1690132946191 0.33123552799224854 521
1690132946207 0.3309435248374939 522
1690132946231 0.33065128326416016 523
1690132946255 0.33035892248153687 524
1690132946271 0.33006638288497925 525
1690132946295 0.3297736644744873 526
1690132946319 0.3294807970523834 527
1690132946351 0.3291877508163452 528
1690132946375 0.3288944959640503 529
1690132946399 0.32860109210014343 530
1690132946423 0.32830753922462463 531
1690132946447 0.3280138373374939 532
1690132946463 0.32771992683410645 533
1690132946487 0.32742583751678467 534
1690132946511 0.32713162899017334 535
1690132946527 0.3268372118473053 536
1690132946551 0.3265426456928253 537
1690132946583 0.326247900724411 538
1690132946599 0.32595300674438477 539
1690132946623 0.3256579637527466 540
1690132946650 0.3253627419471741 541
1690132946663 0.3250673711299896 542
1690132946687 0.32477179169654846 543
1690132946703 0.32447609305381775 544
1690132946727 0.3241802155971527 545
1690132946743 0.3238842189311981 546
1690132946767 0.32358798384666443 547
1690132946783 0.3232916593551636 548
1690132946807 0.322995126247406 549
1690132946823 0.3226984739303589 550
1690132946847 0.32240164279937744 551
1690132946872 0.32210469245910645 552
1690132946895 0.32180753350257874 553
1690132946919 0.3215102553367615 554
1690132946943 0.3212128281593323 555
1690132946968 0.32091522216796875 556
1690132946984 0.3206174671649933 557
1690132947008 0.3203195631504059 558
1690132947040 0.32002151012420654 559
1690132947096 0.31972330808639526 560
1690132947136 0.31942495703697205 561
1690132947160 0.3191264569759369 562
1690132947184 0.3188278079032898 563
1690132947216 0.31852900981903076 564
1690132947248 0.3182300627231598 565
1690132947272 0.31793099641799927 566
1690132947296 0.3176317512989044 567
1690132947312 0.31733235716819763 568
1690132947336 0.3170328736305237 569
1690132947352 0.316733181476593 570
1690132947368 0.3164333701133728 571
1690132947392 0.31613343954086304 572
1690132947408 0.31583335995674133 573
1690132947432 0.3155331313610077 574
1690132947448 0.3152327835559845 575
1690132947464 0.31493228673934937 576
1690132947480 0.3146316409111023 577
1690132947504 0.3143308758735657 578
1690132947520 0.3140300214290619 579
1690132947536 0.3137289881706238 580
1690132947552 0.3134278357028961 581
1690132947576 0.3131265640258789 582
1690132947592 0.31282514333724976 583
1690132947616 0.31252360343933105 584
1690132947632 0.3122219741344452 585
1690132947651 0.311920166015625 586
1690132947664 0.31161826848983765 587
1690132947688 0.31131625175476074 588
1690132947704 0.3110141158103943 589
1690132947720 0.3107118308544159 590
1690132947736 0.31040942668914795 591
1690132947752 0.31010693311691284 592
1690132947776 0.3098043203353882 593
1690132947793 0.309501588344574 594
1690132947809 0.3091987371444702 595
1690132947833 0.3088957965373993 596
1690132947849 0.30859270691871643 597
1690132947865 0.3082895576953888 598
1690132947881 0.3079862892627716 599
1690132947897 0.3076828718185425 600
1690132947921 0.3073793947696686 601
1690132947937 0.3070758283138275 602
1690132947953 0.3067721128463745 603
1690132947969 0.30646833777427673 604
1690132947993 0.3061644434928894 605
1690132948009 0.3058604598045349 606
1690132948025 0.30555641651153564 607
1690132948050 0.30525222420692444 608
1690132948066 0.30494797229766846 609
1690132948082 0.3046436309814453 610
1690132948106 0.304339200258255 611
1690132948122 0.30403468012809753 612
1690132948138 0.3037300705909729 613
1690132948162 0.3034253716468811 614
1690132948178 0.30312061309814453 615
1690132948194 0.3028157949447632 616
1690132948218 0.3025108873844147 617
1690132948234 0.3022058606147766 618
1690132948252 0.30190080404281616 619
1690132948282 0.30159568786621094 620
1690132948306 0.30129045248031616 621
1690132948338 0.300985187292099 622
1690132948362 0.30067989230155945 623
1690132948386 0.30037444829940796 624
1690132948410 0.30006900429725647 625
1690132948434 0.29976344108581543 626
1690132948458 0.299457848072052 627
1690132948482 0.2991522252559662 628
1690132948506 0.2988465428352356 629
1690132948530 0.29854077100753784 630
1690132948546 0.2982349991798401 631
1690132948571 0.29792916774749756 632
1690132948586 0.29762327671051025 633
1690132948602 0.29731738567352295 634
1690132948618 0.2970114052295685 635
1690132948642 0.2967054545879364 636
1690132948658 0.2963993549346924 637
1690132948674 0.2960933446884155 638
1690132948698 0.2957872152328491 639
1690132948714 0.2954810857772827 640
1690132948730 0.2951749265193939 641
1690132948755 0.29486873745918274 642
1690132948771 0.29456254839897156 643
1690132948787 0.294256329536438 644
1690132948803 0.29395008087158203 645
1690132948829 0.2936438322067261 646
1690132948843 0.2933375835418701 647
1690132948859 0.2930312752723694 648
1690132948883 0.29272496700286865 649
1690132948899 0.2924187183380127 650
1690132948915 0.29211243987083435 651
1690132948939 0.291806161403656 652
1690132948955 0.2914998531341553 653
1690132948971 0.29119357466697693 654
1690132948987 0.29088732600212097 655
1690132949011 0.2905810475349426 656
1690132949027 0.29027479887008667 657
1690132949043 0.2899685800075531 658
1690132949067 0.2896623909473419 659
1690132949083 0.28935620188713074 660
1690132949099 0.28905004262924194 661
1690132949123 0.28874388337135315 662
1690132949139 0.28843778371810913 663
1690132949155 0.2881317138671875 664
1690132949179 0.28782567381858826 665
1690132949195 0.2875196933746338 666
1690132949219 0.2872137427330017 667
1690132949235 0.286907821893692 668
1690132949259 0.2866019606590271 669
1690132949275 0.28629612922668457 670
1690132949291 0.2859903872013092 671
1690132949315 0.2856846749782562 672
1690132949331 0.285379022359848 673
1690132949353 0.285073459148407 674
1690132949371 0.2847679555416107 675
1690132949387 0.28446245193481445 676
1690132949403 0.2841570973396301 677
1690132949419 0.2838518023490906 678
1690132949443 0.2835465669631958 679
1690132949459 0.2832414209842682 680
1690132949483 0.28293633460998535 681
1690132949499 0.28263136744499207 682
1690132949515 0.28232645988464355 683
1690132949539 0.282021701335907 684
1690132949555 0.2817169725894928 685
1690132950845 0.28141239285469055 686
1690132950866 0.28110790252685547 687
1690132950890 0.28080350160598755 688
1690132950906 0.2804992198944092 689
1690132950930 0.28019505739212036 690
1690132950956 0.2798909544944763 691
1690132950979 0.2795870304107666 692
1690132950995 0.27928322553634644 693
1690132951019 0.27897951006889343 694
1690132951035 0.27867597341537476 695
1690132951059 0.27837252616882324 696
1690132951075 0.27806925773620605 697
1690132951099 0.27776607871055603 698
1690132951115 0.27746304869651794 699
1690132951139 0.2771601974964142 700
1690132951163 0.27685749530792236 701
1690132951187 0.2765549421310425 702
1690132951203 0.27625250816345215 703
1690132951227 0.27595028281211853 704
1690132951251 0.27564817667007446 705
1690132951275 0.2753462493419647 706
1690132951299 0.2750445008277893 707
1690132951323 0.2747429311275482 708
1690132951347 0.27444151043891907 709
1690132951371 0.27414029836654663 710
1690132951387 0.2738392651081085 711
1690132951411 0.27353841066360474 712
1690132951435 0.27323776483535767 713
1690132951459 0.2729372978210449 714
1690132951483 0.2726370394229889 715
1690132951558 0.2723369598388672 716
1690132951587 0.2720371186733246 717
1690132951628 0.2717374861240387 718
1690132951652 0.2714380621910095 719
1690132951676 0.27113884687423706 720
1690132951700 0.2708398699760437 721
1690132951724 0.27054107189178467 722
1690132951740 0.27024251222610474 723
1690132951757 0.2699441909790039 724
1690132951772 0.2696461081504822 725
1690132951796 0.26934826374053955 726
1690132951812 0.269050657749176 727
1690132951828 0.2687532901763916 728
1690132951852 0.26845622062683105 729
1690132951868 0.2681593596935272 730
1690132951892 0.2678627669811249 731
1690132951908 0.267566442489624 732
1690132951924 0.26727038621902466 733
1690132951948 0.2669745683670044 734
1690132951964 0.2666790187358856 735
1690132951980 0.2663837671279907 736
1690132951996 0.2660888135433197 737
1690132952020 0.26579412817955017 738
1690132952036 0.26549971103668213 739
1690132952057 0.26520562171936035 740
1690132952076 0.26491180062294006 741
1690132952092 0.26461827754974365 742
1690132952108 0.2643250524997711 743
1690132952132 0.26403212547302246 744
1690132952148 0.2637394964694977 745
1690132952164 0.26344722509384155 746
1690132952188 0.2631552517414093 747
1690132952204 0.2628635764122009 748
1690132952228 0.2625722587108612 749
1690132952246 0.26228123903274536 750
1690132952261 0.2619905471801758 751
1690132952277 0.26170021295547485 752
1690132952301 0.2614102065563202 753
1690132952317 0.2611204981803894 754
1690132952341 0.26083120703697205 755
1690132952358 0.26054221391677856 756
1690132952373 0.2602536082267761 757
1690132952389 0.25996533036231995 758
1690132952413 0.2596774101257324 759
1690132952429 0.25938984751701355 760
1690132952445 0.2591026723384857 761
1690132952469 0.25881585478782654 762
1690132952485 0.2585294246673584 763
1690132952501 0.2582433521747589 764
1690132952525 0.25795769691467285 765
1690132952541 0.25767239928245544 766
1690132952558 0.2573874890804291 767
1690132952581 0.25710296630859375 768
1690132952597 0.2568188011646271 769
1690132952613 0.2565350830554962 770
1690132952629 0.2562517523765564 771
1690132952653 0.2559688091278076 772
1690132952669 0.25568631291389465 773
1690132952685 0.25540417432785034 774
1690132952709 0.25512248277664185 775
1690132952725 0.2548411786556244 776
1690132952749 0.25456035137176514 777
1690132952766 0.25427988171577454 778
1690132952782 0.25399982929229736 779
1690132952798 0.253720223903656 780
1690132952822 0.2534410357475281 781
1690132952838 0.25316232442855835 782
1690132952858 0.25288403034210205 783
1690132952878 0.2526061236858368 784
1690132952894 0.25232869386672974 785
1690132952910 0.2520517110824585 786
1690132952934 0.2517751455307007 787
1690132952950 0.2514990568161011 788
1690132952966 0.2512233853340149 789
1690132952990 0.2509481906890869 790
1690132953006 0.25067347288131714 791
1690132953022 0.2503991723060608 792
1690132953046 0.25012534856796265 793
1690132953062 0.24985194206237793 794
1690132953078 0.24957901239395142 795
1690132953102 0.24930651485919952 796
1690132953118 0.24903453886508942 797
1690132953134 0.24876296520233154 798
1690132953158 0.24849188327789307 799
1690132953174 0.2482212781906128 800
1690132953190 0.24795112013816833 801
1690132953214 0.2476813942193985 802
1690132953230 0.24741213023662567 803
1690132953246 0.24714335799217224 804
1690132953270 0.24687501788139343 805
1690132953286 0.24660713970661163 806
1690132953302 0.24633973836898804 807
1690132953318 0.24607276916503906 808
1690132953342 0.2458062469959259 809
1690132953358 0.24554020166397095 810
1690132953374 0.24527457356452942 811
1690132953398 0.24500936269760132 812
1690132953414 0.24474462866783142 813
1690132953430 0.24448034167289734 814
1690132953454 0.2442164272069931 815
1690132953470 0.24395297467708588 816
1690132953495 0.2436898946762085 817
1690132953511 0.24342723190784454 818
1690132953535 0.24316494166851044 819
1690132953551 0.24290303885936737 820
1690132953575 0.24264150857925415 821
1690132953591 0.24238033592700958 822
1690132953607 0.24211949110031128 823
1690132953631 0.24185898900032043 824
1690132953647 0.24159878492355347 825
1690132953663 0.24133886396884918 826
1690132953687 0.2410792112350464 827
1690132953703 0.24081987142562866 828
1690132953719 0.24056069552898407 829
1690132953743 0.24030175805091858 830
1690132953767 0.2400430291891098 831
1690132953815 0.23978449404239655 832
1690132953831 0.23952606320381165 833
1690132953847 0.23926779627799988 834
1690132953864 0.23900966346263885 835
1690132953880 0.23875164985656738 836
1690132953904 0.23849371075630188 837
1690132953928 0.23823589086532593 838
1690132953944 0.23797814548015594 839
1690132953959 0.23772047460079193 840
1690132953983 0.23746290802955627 841
1690132953999 0.2372054159641266 842
1690132954015 0.23694801330566406 843
1690132954031 0.2366906851530075 844
1690132954047 0.2364334762096405 845
1690132954071 0.23617640137672424 846
1690132954087 0.23591937124729156 847
1690132954103 0.23566249012947083 848
1690132954127 0.23540571331977844 849
1690132954143 0.23514902591705322 850
1690132954159 0.23489247262477875 851
1690132954183 0.23463605344295502 852
1690132954199 0.23437973856925964 853
1690132954215 0.23412355780601501 854
1690132954231 0.23386752605438232 855
1690132954255 0.233611598610878 856
1690132954271 0.2333558052778244 857
1690132954295 0.23310017585754395 858
1690132954311 0.23284465074539185 859
1690132954327 0.23258927464485168 860
1690132954351 0.23233407735824585 861
1690132954367 0.23207896947860718 862
1690132954383 0.23182402551174164 863
1690132954399 0.23156921565532684 864
1690132954415 0.231314554810524 865
1690132954440 0.23106004297733307 866
1690132954455 0.23080569505691528 867
1690132954472 0.23055146634578705 868
1690132954488 0.23029738664627075 869
1690132954512 0.2300434708595276 870
1690132954528 0.22978967428207397 871
1690132954544 0.2295360565185547 872
1690132954568 0.22928255796432495 873
1690132954584 0.22902922332286835 874
1690132954600 0.22877605259418488 875
1690132954616 0.22852300107479095 876
1690132954640 0.22827009856700897 877
1690132954656 0.22801735997200012 878
1690132954672 0.22776475548744202 879
1690132954688 0.22751231491565704 880
1690132954712 0.22726000845432281 881
1690132954728 0.22700786590576172 882
1690132954744 0.22675582766532898 883
1690132954760 0.22650399804115295 884
1690132954784 0.2262522578239441 885
1690132954800 0.22600069642066956 886
1690132954824 0.22574928402900696 887
1690132954840 0.2254980355501175 888
1690132954864 0.22524690628051758 889
1690132954880 0.2249959260225296 890
1690132954896 0.22474509477615356 891
1690132954920 0.22449439764022827 892
1690132954936 0.2242439091205597 893
1690132954990 0.22399352490901947 894
1690132955014 0.22374330461025238 895
1690132955046 0.22349321842193604 896
1690132955062 0.22324328124523163 897
1690132955086 0.22299350798130035 898
1690132955102 0.22274386882781982 899
1690132955118 0.22249436378479004 900
1690132955135 0.22224503755569458 901
1690132955151 0.22199584543704987 902
1690132955175 0.2217467576265335 903
1690132955191 0.22149786353111267 904
1690132955207 0.22124913334846497 905
1690132955231 0.22100049257278442 906
1690132955247 0.2207520455121994 907
1690132955263 0.22050368785858154 908
1690132955279 0.2202555388212204 909
1690132955303 0.2200074940919876 910
1690132955319 0.21975961327552795 911
1690132955335 0.21951183676719666 912
1690132955351 0.21926423907279968 913
1690132955375 0.21901679039001465 914
1690132955391 0.21876947581768036 915
1690132955423 0.2185223251581192 916
1690132955455 0.2182752788066864 917
1690132955479 0.21802841126918793 918
1690132955495 0.2177816927433014 919
1690132955519 0.2175350934267044 920
1690132955535 0.21728864312171936 921
1690132955551 0.21704234182834625 922
1690132955567 0.2167961597442627 923
1690132955591 0.21655017137527466 924
1690132955607 0.21630427241325378 925
1690132955631 0.21605856716632843 926
1690132955648 0.21581296622753143 927
1690132955664 0.21556751430034637 928
1690132955680 0.21532219648361206 929
1690132955704 0.21507704257965088 930
1690132955720 0.21483205258846283 931
1690132955736 0.21458715200424194 932
1690132955761 0.2143424153327942 933
1690132955776 0.21409782767295837 934
1690132955792 0.2138533890247345 935
1690132955816 0.21360906958580017 936
1690132955832 0.2133648693561554 937
1690132955848 0.21312084794044495 938
1690132955864 0.21287697553634644 939
1690132955888 0.21263322234153748 940
1690132955904 0.21238961815834045 941
1690132955920 0.21214616298675537 942
1690132955944 0.21190282702445984 943
1690132955961 0.21165964007377625 944
1690132955984 0.2114166021347046 945
1690132956000 0.21117371320724487 946
1690132956016 0.2109309881925583 947
1690132956032 0.21068835258483887 948
1690132956056 0.21044588088989258 949
1690132956072 0.21020355820655823 950
1690132956096 0.20996138453483582 951
1690132956120 0.20971933007240295 952
1690132956152 0.20947742462158203 953
1690132956176 0.20923563838005066 954
1690132956192 0.2089940309524536 955
1690132956208 0.20875252783298492 956
1690132956239 0.20851120352745056 957
1690132956255 0.20826998353004456 958
1690132956271 0.2080289125442505 959
1690132956295 0.20778799057006836 960
1690132956311 0.2075471580028534 961
1690132956327 0.20730650424957275 962
1690132956343 0.20706599950790405 963
1690132956368 0.20682558417320251 964
1690132956384 0.2065853774547577 965
1690132956400 0.20634527504444122 966
1690132956424 0.2061052918434143 967
1690132956440 0.20586547255516052 968
1690132956462 0.20562578737735748 969
1690132956479 0.205386221408844 970
1690132956495 0.20514680445194244 971
1690132956511 0.20490753650665283 972
1690132956535 0.20466838777065277 973
1690132956552 0.20442941784858704 974
1690132956568 0.20419052243232727 975
1690132956592 0.20395182073116302 976
1690132956608 0.20371320843696594 977
1690132956624 0.203474760055542 978
1690132956648 0.2032364457845688 979
1690132956664 0.20299828052520752 980
1690132956680 0.202760249376297 981
1690132956704 0.20252233743667603 982
1690132956720 0.202284574508667 983
1690132956744 0.2020469307899475 984
1690132956762 0.20180946588516235 985
1690132956784 0.20157210528850555 986
1690132956800 0.2013348937034607 987
1690132956816 0.20109781622886658 988
1690132956840 0.2008608728647232 989
1690132956856 0.20062407851219177 990
1690132956872 0.20038741827011108 991
1690132956896 0.20015087723731995 992
1690132956912 0.19991448521614075 993
1690132956937 0.19967825710773468 994
1690132956962 0.19944211840629578 995
1690132956985 0.1992061287164688 996
1690132957009 0.19897028803825378 997
1690132957033 0.1987345963716507 998
1690132957049 0.19849900901317596 999
1690132957065 0.19826358556747437 1000
1690132957089 0.19802826642990112 1001
1690132957105 0.19779306650161743 1002
1690132957121 0.19755806028842926 1003
1690132957145 0.19732317328453064 1004
1690132957162 0.19708840548992157 1005
1690132957177 0.19685378670692444 1006
1690132957201 0.19661927223205566 1007
1690132957217 0.19638492166996002 1008
1690132957233 0.19615069031715393 1009
1690132957249 0.19591659307479858 1010
1690132957273 0.1956826150417328 1011
1690132957289 0.19544881582260132 1012
1690132957313 0.1952151358127594 1013
1690132957329 0.19498156011104584 1014
1690132957353 0.1947481483221054 1015
1690132957369 0.19451487064361572 1016
1690132957393 0.19428172707557678 1017
1690132957417 0.1940487027168274 1018
1690132957433 0.19381584227085114 1019
1690132957462 0.19358310103416443 1020
1690132957481 0.19335050880908966 1021
1690132957497 0.19311806559562683 1022
1690132957513 0.19288571178913116 1023
1690132957537 0.19265352189540863 1024
1690132957553 0.19242146611213684 1025
1690132957578 0.19218957424163818 1026
1690132957594 0.1919577419757843 1027
1690132957610 0.19172611832618713 1028
1690132957634 0.19149458408355713 1029
1690132957650 0.19126319885253906 1030
1690132957666 0.19103193283081055 1031
1690132957690 0.19080080091953278 1032
1690132957706 0.19056981801986694 1033
1690132957722 0.19033896923065186 1034
1690132957746 0.19010823965072632 1035
1690132957763 0.18987765908241272 1036
1690132957778 0.18964719772338867 1037
1690132957802 0.18941687047481537 1038
1690132957818 0.1891866773366928 1039
1690132957834 0.188956618309021 1040
1690132957850 0.18872672319412231 1041
1690132957874 0.18849694728851318 1042
1690132957890 0.18826726078987122 1043
1690132957914 0.18803776800632477 1044
1690132957930 0.18780839443206787 1045
1690132957946 0.18757909536361694 1046
1690132957970 0.18735000491142273 1047
1690132957986 0.18712100386619568 1048
1690132958002 0.18689218163490295 1049
1690132958026 0.1866634488105774 1050
1690132958042 0.18643489480018616 1051
1690132958064 0.18620643019676208 1052
1690132958082 0.18597814440727234 1053
1690132958091 0.18574996292591095 1054
1690132958114 0.1855219006538391 1055
1690132958138 0.1852940320968628 1056
1690132958154 0.18506623804569244 1057
1690132958170 0.18483859300613403 1058
1690132958194 0.18461108207702637 1059
1690132958210 0.18438369035720825 1060
1690132958226 0.18415647745132446 1061
1690132958250 0.18392935395240784 1062
1690132958290 0.18370236456394196 1063
1690132958322 0.1834755390882492 1064
1690132958356 0.18324880301952362 1065
1690132958379 0.18302223086357117 1066
1690132958403 0.18279580771923065 1067
1690132958419 0.1825694888830185 1068
1690132958443 0.18234330415725708 1069
1690132958459 0.1821172833442688 1070
1690132958475 0.18189135193824768 1071
1690132958499 0.1816655844449997 1072
1690132958515 0.18143993616104126 1073
1690132958531 0.18121440708637238 1074
1690132958555 0.18098902702331543 1075
1690132958572 0.18076376616954803 1076
1690132958596 0.18053865432739258 1077
1690132958612 0.18031369149684906 1078
1690132958636 0.1800888180732727 1079
1690132958652 0.17986412346363068 1080
1690132958668 0.1796395480632782 1081
1690132958692 0.17941510677337646 1082
1690132958708 0.17919079959392548 1083
1690132958724 0.17896662652492523 1084
1690132958748 0.17874260246753693 1085
1690132958764 0.17851868271827698 1086
1690132958780 0.17829492688179016 1087
1690132958796 0.1780712604522705 1088
1690132958812 0.177847757935524 1089
1690132958836 0.1776244044303894 1090
1690132958852 0.17740114033222198 1091
1690132958868 0.1771780252456665 1092
1690132958892 0.17695502936840057 1093
1690132958908 0.17673218250274658 1094
1690132958924 0.17650946974754333 1095
1690132958948 0.17628684639930725 1096
1690132958964 0.17606443166732788 1097
1690132958980 0.17584210634231567 1098
1690132959004 0.1756199300289154 1099
1690132959020 0.1753978729248047 1100
1690132959036 0.17517593502998352 1101
1690132959052 0.17495417594909668 1102
1690132959076 0.1747325360774994 1103
1690132959092 0.17451101541519165 1104
1690132959116 0.17428964376449585 1105
1690132959132 0.1740684062242508 1106
1690132959148 0.1738472878932953 1107
1690132959172 0.17362633347511292 1108
1690132959188 0.1734054982662201 1109
1690132959204 0.17318476736545563 1110
1690132959220 0.1729642003774643 1111
1690132959244 0.1727437525987625 1112
1690132959264 0.17252343893051147 1113
1690132959284 0.17230325937271118 1114
1690132959300 0.17208319902420044 1115
1690132959316 0.17186330258846283 1116
1690132959340 0.17164349555969238 1117
1690132959364 0.17142388224601746 1118
1690132959388 0.1712043732404709 1119
1690132959413 0.17098498344421387 1120
1690132959437 0.1707657426595688 1121
1690132959453 0.17054665088653564 1122
1690132959477 0.17032764852046967 1123
1690132959493 0.17010879516601562 1124
1690132959509 0.16989007592201233 1125
1690132959533 0.16967150568962097 1126
1690132959549 0.16945305466651917 1127
1690132959573 0.16923478245735168 1128
1690132959589 0.16901658475399017 1129
1690132959613 0.1687985509634018 1130
1690132959637 0.16858065128326416 1131
1690132959653 0.16836288571357727 1132
1690132959669 0.16814523935317993 1133
1690132959685 0.16792774200439453 1134
1690132959711 0.16771037876605988 1135
1690132959725 0.16749314963817596 1136
1690132959749 0.1672760546207428 1137
1690132959765 0.167059063911438 1138
1690132959781 0.1668422371149063 1139
1690132959797 0.16662557423114777 1140
1690132959821 0.1664089858531952 1141
1690132959837 0.16619256138801575 1142
1690132959853 0.16597627103328705 1143
1690132959877 0.1657600998878479 1144
1690132959893 0.1655440628528595 1145
1690132959909 0.16532820463180542 1146
1690132959933 0.1651124358177185 1147
1690132959950 0.16489681601524353 1148
1690132959975 0.1646813154220581 1149
1690132959992 0.16446593403816223 1150
1690132960014 0.16425073146820068 1151
1690132960034 0.1640356481075287 1152
1690132960055 0.16382068395614624 1153
1690132960071 0.16360586881637573 1154
1690132960088 0.16339120268821716 1155
1690132960111 0.16317667067050934 1156
1690132960130 0.16296225786209106 1157
1690132960152 0.16274800896644592 1158
1690132960173 0.16253384947776794 1159
1690132960189 0.1623198390007019 1160
1690132960209 0.1621060073375702 1161
1690132960227 0.16189226508140564 1162
1690132960250 0.16167864203453064 1163
1690132960267 0.16146518290042877 1164
1690132960283 0.16125185787677765 1165
1690132960307 0.16103866696357727 1166
1690132960333 0.16082561016082764 1167
1690132960355 0.16061268746852875 1168
1690132960376 0.1603998988866806 1169
1690132960397 0.1601872444152832 1170
1690132960419 0.15997470915317535 1171
1690132960452 0.15976232290267944 1172
1690132960476 0.15955010056495667 1173
1690132960504 0.15933798253536224 1174
1690132960526 0.15912601351737976 1175
1690132960550 0.15891417860984802 1176
1690132960590 0.15870249271392822 1177
1690132960623 0.15849094092845917 1178
1690132960656 0.15827952325344086 1179
1690132960688 0.1580682396888733 1180
1690132960712 0.15785707533359528 1181
1690132960739 0.1576460748910904 1182
1690132960761 0.15743522346019745 1183
1690132960786 0.15722447633743286 1184
1690132960811 0.15701384842395782 1185
1690132960836 0.15680336952209473 1186
1690132960860 0.15659302473068237 1187
1690132960885 0.15638282895088196 1188
1690132960910 0.15617278218269348 1189
1690132960926 0.15596282482147217 1190
1690132960966 0.15575307607650757 1191
1690132961012 0.15554340183734894 1192
1690132961056 0.15533387660980225 1193
1690132961097 0.1551245003938675 1194
1690132961129 0.15491527318954468 1195
1690132961170 0.1547061800956726 1196
1690132961202 0.1544972062110901 1197
1690132961234 0.1542884260416031 1198
1690132961267 0.15407970547676086 1199
1690132961308 0.15387116372585297 1200
1690132961341 0.153662770986557 1201
1690132961374 0.1534544825553894 1202
1690132961399 0.15324635803699493 1203
1690132961435 0.15303835272789001 1204
1690132961463 0.15283048152923584 1205
1690132961488 0.1526227444410324 1206
1690132961511 0.1524151861667633 1207
1690132961541 0.15220771729946136 1208
1690132961568 0.15200039744377136 1209
1690132961601 0.1517932116985321 1210
1690132961627 0.15158617496490479 1211
1690132961659 0.1513792723417282 1212
1690132961685 0.15117253363132477 1213
1690132961715 0.15096591413021088 1214
1690132965170 0.15075945854187012 1215
1690132965193 0.15055310726165771 1216
1690132965212 0.15034690499305725 1217
1690132965235 0.15014083683490753 1218
1690132965251 0.14993491768836975 1219
1690132965269 0.1497291624546051 1220
1690132965287 0.14952349662780762 1221
1690132965308 0.14931797981262207 1222
1690132965325 0.14911261200904846 1223
1690132965349 0.1489073932170868 1224
1690132965369 0.14870232343673706 1225
1690132965388 0.1484973281621933 1226
1690132965413 0.14829254150390625 1227
1690132965429 0.14808788895606995 1228
1690132965453 0.1478833258152008 1229
1690132965479 0.14767895638942719 1230
1690132965501 0.14747464656829834 1231
1690132965525 0.1472705453634262 1232
1690132965550 0.1470666080713272 1233
1690132965575 0.14686274528503418 1234
1690132965598 0.14665909111499786 1235
1690132965631 0.1464555561542511 1236
1690132965660 0.14625214040279388 1237
1690132965682 0.1460488736629486 1238
1690132965714 0.14584574103355408 1239
1690132965746 0.14564275741577148 1240
1690132965770 0.14543989300727844 1241
1690132965802 0.14523720741271973 1242
1690132965834 0.14503464102745056 1243
1690132965866 0.14483222365379333 1244
1690132965895 0.14462992548942566 1245
1690132965930 0.14442777633666992 1246
1690132965959 0.14422577619552612 1247
1690132965985 0.14402392506599426 1248
1690132966019 0.14382219314575195 1249
1690132966043 0.1436205953359604 1250
1690132966067 0.14341917634010315 1251
1690132966087 0.14321789145469666 1252
1690132966115 0.1430167257785797 1253
1690132966141 0.1428157240152359 1254
1690132966172 0.14261487126350403 1255
1690132966194 0.1424141228199005 1256
1690132966215 0.14221355319023132 1257
1690132966237 0.14201313257217407 1258
1690132966261 0.14181284606456757 1259
1690132966292 0.14161264896392822 1260
1690132966322 0.1414126455783844 1261
1690132966343 0.14121276140213013 1262
1690132966372 0.14101307094097137 1263
1690132966397 0.14081346988677979 1264
1690132966420 0.14061401784420013 1265
1690132966450 0.14041472971439362 1266
1690132966478 0.14021556079387665 1267
1690132966503 0.14001652598381042 1268
1690132966527 0.13981766998767853 1269
1690132966551 0.13961893320083618 1270
1690132966578 0.13942037522792816 1271
1690132966599 0.1392219513654709 1272
1690132966624 0.13902366161346436 1273
1690132966657 0.13882550597190857 1274
1690132966743 0.13862748444080353 1275
1690132966771 0.13842961192131042 1276
1690132966823 0.13823191821575165 1277
1690132966849 0.13803434371948242 1278
1690132966877 0.13783688843250275 1279
1690132966899 0.1376396119594574 1280
1690132966919 0.1374424695968628 1281
1690132966946 0.13724544644355774 1282
1690132966971 0.137048602104187 1283
1690132966994 0.13685190677642822 1284
1690132967018 0.1366553157567978 1285
1690132967042 0.13645890355110168 1286
1690132967070 0.13626262545585632 1287
1690132967097 0.1360664963722229 1288
1690132967122 0.13587050139904022 1289
1690132967143 0.13567468523979187 1290
1690132967176 0.13547895848751068 1291
1690132967197 0.1352834552526474 1292
1690132967218 0.13508807122707367 1293
1690132967242 0.1348927617073059 1294
1690132967268 0.13469764590263367 1295
1690132967293 0.13450272381305695 1296
1690132967316 0.134307861328125 1297
1690132967346 0.13411317765712738 1298
1690132967371 0.1339186578989029 1299
1690132967399 0.13372425734996796 1300
1690132967426 0.13353005051612854 1301
1690132967452 0.13333594799041748 1302
1690132967484 0.13314202427864075 1303
1690132967508 0.13294821977615356 1304
1690132967538 0.13275457918643951 1305
1690132967563 0.1325611174106598 1306
1690132967587 0.13236775994300842 1307
1690132967613 0.132174551486969 1308
1690132967649 0.13198144733905792 1309
1690132967687 0.13178855180740356 1310
1690132967773 0.13159579038619995 1311
1690132967826 0.13140319287776947 1312
1690132967858 0.13121071457862854 1313
1690132967901 0.13101838529109955 1314
1690132967946 0.1308261901140213 1315
1690132967991 0.13063417375087738 1316
1690132968041 0.1304422914981842 1317
1690132968074 0.13025054335594177 1318
1690132968118 0.13005894422531128 1319
1690132968164 0.1298675239086151 1320
1690132968196 0.1296762228012085 1321
1690132968235 0.12948507070541382 1322
1690132968274 0.12929409742355347 1323
1690132968301 0.12910330295562744 1324
1690132968341 0.12891259789466858 1325
1690132968371 0.12872205674648285 1326
1690132968398 0.12853169441223145 1327
1690132968414 0.1283414363861084 1328
1690132968445 0.1281513273715973 1329
1690132968466 0.1279613971710205 1330
1690132968478 0.12777158617973328 1331
1690132968512 0.12758192420005798 1332
1690132968535 0.12739242613315582 1333
1690132968559 0.1272030770778656 1334
1690132968576 0.12701387703418732 1335
1690132968600 0.12682482600212097 1336
1690132968626 0.12663593888282776 1337
1690132968648 0.1264471709728241 1338
1690132968672 0.12625858187675476 1339
1690132968701 0.12607015669345856 1340
1690132968722 0.1258818507194519 1341
1690132968745 0.12569370865821838 1342
1690132968772 0.1255057156085968 1343
1690132968794 0.12531787157058716 1344
1690132968818 0.12513017654418945 1345
1690132968859 0.12494261562824249 1346
1690132968935 0.12475521862506866 1347
1690132969044 0.12456798553466797 1348
1690132969133 0.12438090890645981 1349
1690132969159 0.1241939589381218 1350
1690132969205 0.12400718033313751 1351
1690132969234 0.12382054328918457 1352
1690132969266 0.12363407015800476 1353
1690132969298 0.1234477311372757 1354
1690132969326 0.12326154857873917 1355
1690132969362 0.12307553738355637 1356
1690132969394 0.1228896826505661 1357
1690132969426 0.1227039247751236 1358
1690132969464 0.12251836806535721 1359
1690132969497 0.12233294546604156 1360
1690132969562 0.12214766442775726 1361
1690132969597 0.12196255475282669 1362
1690132969629 0.12177756428718567 1363
1690132969660 0.12159278988838196 1364
1690132969693 0.12140810489654541 1365
1690132969730 0.12122359126806259 1366
1690132969767 0.1210392415523529 1367
1690132969799 0.12085510790348053 1368
1690132969846 0.12067104876041412 1369
1690132969870 0.12048713862895966 1370
1690132969886 0.1203034371137619 1371
1690132969917 0.1201198622584343 1372
1690132969938 0.11993642151355743 1373
1690132969976 0.1197531521320343 1374
1690132970002 0.11957000195980072 1375
1690132970032 0.11938703805208206 1376
1690132970056 0.11920423805713654 1377
1690132970081 0.11902156472206116 1378
1690132970113 0.1188390702009201 1379
1690132970146 0.11865673214197159 1380
1690132970218 0.11847452074289322 1381
1690132970282 0.11829246580600739 1382
1690132970323 0.11811061203479767 1383
1690132970354 0.1179288923740387 1384
1690132970381 0.11774732172489166 1385
1690132970407 0.11756588518619537 1386
1690132970434 0.11738461256027222 1387
1690132970460 0.11720352619886398 1388
1690132970493 0.1170225739479065 1389
1690132970534 0.11684176325798035 1390
1690132970559 0.11666111648082733 1391
1690132970592 0.11648062616586685 1392
1690132970616 0.11630028486251831 1393
1690132970642 0.1161201074719429 1394
1690132970679 0.11594010889530182 1395
1690132970711 0.11576021462678909 1396
1690132970729 0.11558051407337189 1397
1690132970762 0.11540094763040543 1398
1690132970786 0.11522156000137329 1399
1690132970813 0.1150423213839531 1400
1690132970851 0.11486323177814484 1401
1690132970876 0.1146843284368515 1402
1690132970919 0.1145055815577507 1403
1690132970940 0.11432695388793945 1404
1690132970972 0.11414851248264313 1405
1690132970994 0.11397019028663635 1406
1690132971015 0.1137920692563057 1407
1690132971037 0.11361407488584518 1408
1690132971061 0.1134362518787384 1409
1690132971093 0.11325857043266296 1410
1690132971126 0.11308106034994125 1411
1690132971151 0.11290369927883148 1412
1690132971182 0.11272652447223663 1413
1690132971199 0.11254951357841492 1414
1690132971224 0.11237262189388275 1415
1690132971257 0.11219590902328491 1416
1690132971274 0.11201933771371841 1417
1690132971303 0.11184296011924744 1418
1690132971324 0.11166668683290482 1419
1690132971346 0.11149058490991592 1420
1690132971378 0.11131464689970016 1421
1690132971395 0.11113887280225754 1422
1690132971420 0.11096327006816864 1423
1690132971445 0.11078780144453049 1424
1690132971463 0.11061249673366547 1425
1690132971486 0.11043734848499298 1426
1690132971519 0.11026240885257721 1427
1690132971538 0.11008758097887039 1428
1690132971560 0.1099129393696785 1429
1690132971584 0.10973842442035675 1430
1690132971612 0.10956411808729172 1431
1690132971735 0.10938990861177444 1432
1690132971762 0.10921589285135269 1433
1690132971794 0.10904204100370407 1434
1690132971815 0.10886833071708679 1435
1690132971847 0.10869476199150085 1436
1690132971875 0.10852141678333282 1437
1690132971906 0.10834819078445435 1438
1690132971938 0.10817509889602661 1439
1690132971965 0.10800223052501678 1440
1690132971997 0.10782946646213531 1441
1690132972018 0.10765688121318817 1442
1690132972039 0.10748448967933655 1443
1690132972060 0.10731224715709686 1444
1690132972083 0.10714013874530792 1445
1690132972135 0.10696820169687271 1446
1690132972156 0.10679643601179123 1447
1690132972189 0.10662481188774109 1448
1690132972214 0.10645338892936707 1449
1690132972242 0.1062820702791214 1450
1690132972275 0.10611094534397125 1451
1690132972306 0.10593999177217484 1452
1690132972328 0.10576917231082916 1453
1690132972361 0.10559851676225662 1454
1690132972394 0.10542801767587662 1455
1690132972426 0.10525770485401154 1456
1690132972458 0.1050875335931778 1457
1690132972490 0.10491755604743958 1458
1690132972519 0.1047477275133133 1459
1690132972551 0.10457804799079895 1460
1690132972583 0.10440853238105774 1461
1690132972610 0.10423918068408966 1462
1690132972643 0.10406999289989471 1463
1690132972675 0.10390093922615051 1464
1690132972699 0.10373206436634064 1465
1690132972731 0.10356336832046509 1466
1690132972763 0.10339483618736267 1467
1690132972795 0.10322646796703339 1468
1690132972827 0.10305823385715485 1469
1690132972851 0.10289017856121063 1470
1690132972875 0.10272228717803955 1471
1690132972899 0.1025545746088028 1472
1690132972931 0.10238703340291977 1473
1690132972955 0.10221962630748749 1474
1690132972979 0.10205239802598953 1475
1690132973011 0.10188531875610352 1476
1690132973043 0.10171842575073242 1477
1690132973067 0.10155166685581207 1478
1690132973091 0.10138510167598724 1479
1690132973107 0.10121867060661316 1480
1690132973131 0.1010524183511734 1481
1690132973163 0.10088630020618439 1482
1690132973219 0.10072039812803268 1483
1690132973259 0.10055464506149292 1484
1690132973291 0.10038904845714569 1485
1690132973323 0.1002235934138298 1486
1690132973347 0.10005834698677063 1487
1690132973379 0.0998932421207428 1488
1690132973395 0.0997283086180687 1489
1690132973411 0.09956354647874832 1490
1690132973443 0.09939892590045929 1491
1690132973459 0.09923447668552399 1492
1690132973491 0.09907020628452301 1493
1690132973523 0.09890609979629517 1494
1690132973547 0.09874214231967926 1495
1690132973579 0.09857835620641708 1496
1690132973595 0.09841474890708923 1497
1690132973628 0.09825126826763153 1498
1690132973644 0.09808798134326935 1499
1690132973676 0.09792488068342209 1500
1690132973700 0.09776191413402557 1501
1690132973724 0.09759911149740219 1502
1690132973756 0.09743648767471313 1503
1690132973780 0.09727402031421661 1504
1690132973804 0.09711170941591263 1505
1690132973828 0.09694957733154297 1506
1690132973860 0.09678760170936584 1507
1690132973876 0.09662578999996185 1508
1690132973908 0.09646415710449219 1509
1690132973940 0.09630268812179565 1510
1690132973979 0.09614136815071106 1511
1690132973996 0.09598024189472198 1512
1690132974020 0.09581927210092545 1513
1690132974044 0.09565846621990204 1514
1690132974076 0.09549781680107117 1515
1690132974100 0.09533736109733582 1516
1690132974132 0.095177061855793 1517
1690132974156 0.09501691162586212 1518
1690132974181 0.09485692530870438 1519
1690132974213 0.09469712525606155 1520
1690132974237 0.09453748911619186 1521
1690132974261 0.09437800943851471 1522
1690132974293 0.0942186638712883 1523
1690132974317 0.0940595418214798 1524
1690132974349 0.09390056133270264 1525
1690132974377 0.093741774559021 1526
1690132974405 0.0935831367969513 1527
1690132974429 0.09342466294765472 1528
1690132974461 0.09326637536287308 1529
1690132974485 0.09310823678970337 1530
1690132974509 0.0929502472281456 1531
1690132974541 0.09279245138168335 1532
1690132974565 0.09263482689857483 1533
1690132974597 0.09247736632823944 1534
1690132974621 0.09232006222009659 1535
1690132974645 0.09216292202472687 1536
1690132974669 0.09200593829154968 1537
1690132974701 0.09184916317462921 1538
1690132974725 0.09169253706932068 1539
1690132974749 0.09153604507446289 1540
1690132974777 0.09137977659702301 1541
1690132974797 0.09122363477945328 1542
1690132974821 0.09106770902872086 1543
1690132974845 0.09091190993785858 1544
1690132974877 0.09075629711151123 1545
1690132974901 0.09060084819793701 1546
1690132974933 0.09044556319713593 1547
1690132974957 0.09029041975736618 1548
1690132974981 0.09013547003269196 1549
1690132975013 0.08998069167137146 1550
1690132975037 0.08982610702514648 1551
1690132975061 0.08967166393995285 1552
1690132975085 0.08951736986637115 1553
1690132975109 0.08936326205730438 1554
1690132975141 0.08920935541391373 1555
1690132975165 0.08905557543039322 1556
1690132975189 0.08890199661254883 1557
1690132975213 0.08874852955341339 1558
1690132975245 0.08859530091285706 1559
1690132975261 0.08844219893217087 1560
1690132975293 0.088289275765419 1561
1690132975317 0.08813650906085968 1562
1690132975341 0.08798390626907349 1563
1690132975365 0.087831512093544 1564
1690132975397 0.08767925202846527 1565
1690132975429 0.08752717077732086 1566
1690132975461 0.08737526834011078 1567
1690132975485 0.08722351491451263 1568
1690132975517 0.08707194775342941 1569
1690132975549 0.08692054450511932 1570
1690132975577 0.08676931262016296 1571
1690132975597 0.08661825954914093 1572
1690132975629 0.08646736294031143 1573
1690132975645 0.08631663024425507 1574
1690132975677 0.08616606891155243 1575
1690132975701 0.08601570129394531 1576
1690132975725 0.08586545288562775 1577
1690132975741 0.0857153981924057 1578
1690132975766 0.08556552231311798 1579
1690132975790 0.0854158103466034 1580
1690132975806 0.08526627719402313 1581
1690132975830 0.085116907954216 1582
1690132975846 0.0849677175283432 1583
1690132975870 0.08481868356466293 1584
1690132975894 0.08466982841491699 1585
1690132975910 0.08452113717794418 1586
1690132975934 0.0843726247549057 1587
1690132975958 0.08422425389289856 1588
1690132975982 0.08407608419656754 1589
1690132975998 0.08392806351184845 1590
1690132976022 0.08378022909164429 1591
1690132976046 0.08363255858421326 1592
1690132976070 0.08348505198955536 1593
1690132976086 0.08333771675825119 1594
1690132976110 0.08319054543972015 1595
1690132976126 0.08304356038570404 1596
1690132976158 0.08289678394794464 1597
1690132976182 0.08275012671947479 1598
1690132976214 0.08260364830493927 1599
1690132976246 0.08245733380317688 1600
1690132976286 0.08231120556592941 1601
1690132976342 0.08216523379087448 1602
1690132976390 0.08201944828033447 1603
1690132976414 0.0818738043308258 1604
1690132976446 0.08172835409641266 1605
1690132976478 0.08158307522535324 1606
1690132976502 0.08143795281648636 1607
1690132976534 0.0812930092215538 1608
1690132976558 0.08114825189113617 1609
1690132976582 0.08100364357233047 1610
1690132976614 0.08085920661687851 1611
1690132976638 0.08071497082710266 1612
1690132976670 0.08057088404893875 1613
1690132976694 0.08042696118354797 1614
1690132976726 0.08028322458267212 1615
1690132976758 0.0801396444439888 1616
1690132976790 0.07999624311923981 1617
1690132976822 0.07985297590494156 1618
1690132976846 0.07970991730690002 1619
1690132976878 0.07956702262163162 1620
1690132976902 0.07942430675029755 1621
1690132976926 0.0792817547917366 1622
1690132976958 0.07913939654827118 1623
1690132976982 0.0789971649646759 1624
1690132977014 0.07885514199733734 1625
1690132977094 0.07871326804161072 1626
1690132977126 0.07857159525156021 1627
1690132977150 0.07843004912137985 1628
1690132977182 0.0782887190580368 1629
1690132977206 0.0781475380063057 1630
1690132977230 0.07800649106502533 1631
1690132977262 0.07786566019058228 1632
1690132977286 0.07772497832775116 1633
1690132977310 0.07758449018001556 1634
1690132977326 0.0774441510438919 1635
1690132977350 0.07730398327112198 1636
1690132977378 0.07716402411460876 1637
1690132977407 0.07702421396970749 1638
1690132977431 0.07688456773757935 1639
1690132977463 0.07674509286880493 1640
1690132977503 0.07660579681396484 1641
1690132977527 0.07646667212247849 1642
1690132977559 0.07632769644260406 1643
1690132977623 0.07618893682956696 1644
1690132977711 0.0760502964258194 1645
1690132977736 0.07591185718774796 1646
1690132977768 0.07577356696128845 1647
1690132977820 0.07563546299934387 1648
1690132977847 0.07549753785133362 1649
1690132977866 0.0753597766160965 1650
1690132977895 0.07522221654653549 1651
1690132977917 0.07508479058742523 1652
1690132977943 0.07494752109050751 1653
1690132977970 0.07481047511100769 1654
1690132977995 0.07467356324195862 1655
1690132978013 0.07453683018684387 1656
1690132978036 0.07440026104450226 1657
1690132978062 0.07426387816667557 1658
1690132978079 0.0741276741027832 1659
1690132978109 0.07399161159992218 1660
1690132978131 0.07385574281215668 1661
1690132978143 0.07372002303600311 1662
1690132978173 0.07358449697494507 1663
1690132978194 0.07344911992549896 1664
1690132978216 0.07331393659114838 1665
1690132978237 0.07317891716957092 1666
1690132978261 0.0730440765619278 1667
1690132978277 0.07290937751531601 1668
1690132978294 0.07277488708496094 1669
1690132978312 0.0726405531167984 1670
1690132978335 0.072506383061409 1671
1690132978355 0.07237237691879272 1672
1690132978376 0.07223853468894958 1673
1690132978392 0.07210488617420197 1674
1690132978408 0.07197143882513046 1675
1690132978429 0.07183809578418732 1676
1690132978448 0.07170497626066208 1677
1690132978464 0.07157203555107117 1678
1690132978483 0.071439228951931 1679
1690132978504 0.07130658626556396 1680
1690132978514 0.07117414474487305 1681
1690132978542 0.07104187458753586 1682
1690132978563 0.0709097683429718 1683
1690132978584 0.07077781856060028 1684
1690132978611 0.07064603269100189 1685
1690132978632 0.07051444798707962 1686
1690132978656 0.07038303464651108 1687
1690132978675 0.07025176286697388 1688
1690132978685 0.0701206624507904 1689
1690132978707 0.06998975574970245 1690
1690132978728 0.06985902041196823 1691
1690132978747 0.06972846388816833 1692
1690132978763 0.06959804147481918 1693
1690132978781 0.06946785002946854 1694
1690132978794 0.06933775544166565 1695
1690132978813 0.06920786201953888 1696
1690132978835 0.06907814741134644 1697
1690132978856 0.06894860416650772 1698
1690132978867 0.06881923228502274 1699
1690132978890 0.06869002431631088 1700
1690132978910 0.06856096535921097 1701
1690132978922 0.06843209266662598 1702
1690132978946 0.06830340623855591 1703
1690132978963 0.06817488372325897 1704
1690132978992 0.06804652512073517 1705
1690132979009 0.06791835278272629 1706
1690132979037 0.06779034435749054 1707
1690132979052 0.06766248494386673 1708
1690132979069 0.06753484159708023 1709
1690132979096 0.06740733981132507 1710
1690132979112 0.06728000938892365 1711
1690132979135 0.06715284287929535 1712
1690132979160 0.06702583283185959 1713
1690132979180 0.06689902395009995 1714
1690132979197 0.06677238643169403 1715
1690132979216 0.06664591282606125 1716
1690132979232 0.06651958078145981 1717
1690132979251 0.06639344990253448 1718
1690132979280 0.0662674754858017 1719
1690132979297 0.06614168733358383 1720
1690132979325 0.0660160705447197 1721
1690132979345 0.06589061766862869 1722
1690132979363 0.06576531380414963 1723
1690132979380 0.06564022600650787 1724
1690132979400 0.06551525741815567 1725
1690132979416 0.06539047509431839 1726
1690132979432 0.06526586413383484 1727
1690132979453 0.06514143943786621 1728
1690132979464 0.06501714885234833 1729
1690132979490 0.06489306688308716 1730
1690132979507 0.06476914882659912 1731
1690132979528 0.06464537978172302 1732
1690132979544 0.06452181190252304 1733
1690132979560 0.0643983781337738 1734
1690132979581 0.0642751157283783 1735
1690132979596 0.0641520544886589 1736
1690132979619 0.06402913480997086 1737
1690132979635 0.06390640139579773 1738
1690132979656 0.06378383189439774 1739
1690132979669 0.06366141885519028 1740
1690132979693 0.06353917717933655 1741
1690132979715 0.06341712176799774 1742
1690132979734 0.06329522281885147 1743
1690132979758 0.06317349523305893 1744
1690132979780 0.06305193901062012 1745
1690132979798 0.06293056905269623 1746
1690132979827 0.06280932575464249 1747
1690132979853 0.06268829852342606 1748
1690132979874 0.06256742775440216 1749
1690132979891 0.062446705996990204 1750
1690132979912 0.06232616677880287 1751
1690132979931 0.062205806374549866 1752
1690132979947 0.062085602432489395 1753
1690132979970 0.06196555122733116 1754
1690132979987 0.06184569001197815 1755
1690132980008 0.06172596663236618 1756
1690132980030 0.06160644441843033 1757
1690132980054 0.06148708984255791 1758
1690132980075 0.06136789172887802 1759
1690132980100 0.06124887242913246 1760
1690132980125 0.06113000959157944 1761
1690132980147 0.061011336743831635 1762
1690132980173 0.06089283525943756 1763
1690132980213 0.06077446788549423 1764
1690132980232 0.06065628305077553 1765
1690132980254 0.06053826957941055 1766
1690132980275 0.060420431196689606 1767
1690132980296 0.060302749276161194 1768
1690132980328 0.06018524616956711 1769
1690132980360 0.06006789207458496 1770
1690132980382 0.05995070934295654 1771
1690132980410 0.05983368679881096 1772
1690132980435 0.05971684679389 1773
1690132980458 0.05960019677877426 1774
1690132980491 0.05948369577527046 1775
1690132980531 0.05936736613512039 1776
1690132980563 0.05925120413303375 1777
1690132980595 0.05913517624139786 1778
1690132980616 0.059019360691308975 1779
1690132980637 0.058903686702251434 1780
1690132980666 0.05878818780183792 1781
1690132980691 0.05867285281419754 1782
1690132980718 0.05855768918991089 1783
1690132980743 0.05844268202781677 1784
1690132980765 0.05832785367965698 1785
1690132980787 0.05821320042014122 1786
1690132980809 0.0580986849963665 1787
1690132980832 0.057984352111816406 1788
1690132980856 0.05787019431591034 1789
1690132980883 0.0577562190592289 1790
1690132980904 0.0576423741877079 1791
1690132980930 0.057528719305992126 1792
1690132980958 0.057415224611759186 1793
1690132980981 0.05730189383029938 1794
1690132981011 0.057188719511032104 1795
1690132981034 0.057075731456279755 1796
1690132981054 0.05696289613842964 1797
1690132981085 0.05685023218393326 1798
1690132981107 0.05673772841691971 1799
1690132981131 0.056625381112098694 1800
1690132981155 0.056513234972953796 1801
1690132981180 0.05640121549367905 1802
1690132981206 0.05628937855362892 1803
1690132981224 0.056177712976932526 1804
1690132981252 0.056066226214170456 1805
1690132981271 0.05595488101243973 1806
1690132981296 0.055843692272901535 1807
1690132981331 0.055732689797878265 1808
1690132981352 0.055621854960918427 1809
1690132981374 0.05551118776202202 1810
1690132981395 0.05540065839886665 1811
1690132981416 0.05529031902551651 1812
1690132981438 0.0551801435649395 1813
1690132981462 0.055070117115974426 1814
1690132981481 0.054960280656814575 1815
1690132981509 0.05485057458281517 1816
1690132981525 0.05474106967449188 1817
1690132981557 0.054631710052490234 1818
1690132981576 0.05452251061797142 1819
1690132981602 0.054413504898548126 1820
1690132981619 0.05430461838841438 1821
1690132981651 0.05419593304395676 1822
1690132981681 0.05408739671111107 1823
1690132981704 0.05397903174161911 1824
1690132981736 0.05387082323431969 1825
1690132981761 0.053762782365083694 1826
1690132981782 0.053654883056879044 1827
1690132981811 0.05354718491435051 1828
1690132981824 0.053439632058143616 1829
1690132981855 0.05333224684000015 1830
1690132981875 0.05322503298521042 1831
1690132981885 0.05311797559261322 1832
1690132981912 0.05301108956336975 1833
1690132981939 0.05290434509515762 1834
1690132981960 0.05279776453971863 1835
1690132981982 0.05269136279821396 1836
1690132982008 0.052585113793611526 1837
1690132982043 0.05247902870178223 1838
1690132982078 0.052373118698596954 1839
1690132982108 0.05226734280586243 1840
1690132982131 0.05216176062822342 1841
1690132982155 0.05205633118748665 1842
1690132982182 0.05195105820894241 1843
1690132982206 0.0518459677696228 1844
1690132982243 0.05174102261662483 1845
1690132982280 0.0516362339258194 1846
1690132982318 0.05153162032365799 1847
1690132982344 0.05142716318368912 1848
1690132982376 0.05132286995649338 1849
1690132982409 0.051218751817941666 1850
1690132982440 0.051114775240421295 1851
1690132982472 0.05101095885038376 1852
1690132982509 0.05090731009840965 1853
1690132982536 0.05080382525920868 1854
1690132982559 0.05070047825574875 1855
1690132982589 0.050597332417964935 1856
1690132982620 0.050494320690631866 1857
1690132982643 0.05039147660136223 1858
1690132982676 0.050288811326026917 1859
1690132982701 0.05018630251288414 1860
1690132982728 0.05008392781019211 1861
1690132982757 0.049981728196144104 1862
1690132982783 0.04987969622015953 1863
1690132982810 0.049777835607528687 1864
1690132982835 0.049676112830638885 1865
1690132982858 0.04957454651594162 1866
1690132982885 0.04947314411401749 1867
1690132982910 0.04937191307544708 1868
1690132982931 0.04927083104848862 1869
1690132982956 0.04916992783546448 1870
1690132982974 0.049069151282310486 1871
1690132982995 0.048968564718961716 1872
1690132983018 0.04886813461780548 1873
1690132983040 0.04876784607768059 1874
1690132983066 0.04866773635149002 1875
1690132983091 0.04856777936220169 1876
1690132983112 0.04846799001097679 1877
1690132983140 0.048368342220783234 1878
1690132983157 0.048268869519233704 1879
1690132983187 0.04816954582929611 1880
1690132983208 0.048070356249809265 1881
1690132983229 0.047971367835998535 1882
1690132983241 0.047872528433799744 1883
1690132983266 0.0477738231420517 1884
1690132983285 0.04767528921365738 1885
1690132983306 0.04757693409919739 1886
1690132983326 0.04747872054576874 1887
1690132983352 0.04738064855337143 1888
1690132983374 0.04728277027606964 1889
1690132983391 0.04718503728508949 1890
1690132983421 0.047087449580430984 1891
1690132983443 0.04699001461267471 1892
1690132983457 0.046892739832401276 1893
1690132983475 0.046795643866062164 1894
1690132983498 0.04669869318604469 1895
1690132983518 0.04660191386938095 1896
1690132983539 0.046505264937877655 1897
1690132983560 0.046408794820308685 1898
1690132983583 0.046312473714351654 1899
1690132983607 0.04621629789471626 1900
1690132983632 0.046120308339595795 1901
1690132983652 0.046024441719055176 1902
1690132983673 0.04592875391244888 1903
1690132983690 0.04583321511745453 1904
1690132983710 0.045737847685813904 1905
1690132983734 0.045642610639333725 1906
1690132983756 0.04554753378033638 1907
1690132983795 0.045452624559402466 1908
1690132983829 0.04535786062479019 1909
1690132983862 0.04526325687766075 1910
1690132983903 0.04516880586743355 1911
1690132983944 0.04507450759410858 1912
1690132983976 0.04498038440942764 1913
1690132984000 0.04488638788461685 1914
1690132984019 0.04479256272315979 1915
1690132984040 0.04469888657331467 1916
1690132984051 0.044605378061532974 1917
1690132984077 0.04451201111078262 1918
1690132984105 0.044418804347515106 1919
1690132984143 0.044325754046440125 1920
1690132984168 0.04423283785581589 1921
1690132984191 0.04414011165499687 1922
1690132984216 0.04404750466346741 1923
1690132984232 0.04395506531000137 1924
1690132984243 0.04386278986930847 1925
1690132984270 0.04377066344022751 1926
1690132984290 0.04367867484688759 1927
1690132984310 0.0435868576169014 1928
1690132984328 0.04349518194794655 1929
1690132984349 0.04340365529060364 1930
1690132984371 0.04331228509545326 1931
1690132984392 0.043221086263656616 1932
1690132984406 0.04313002899289131 1933
1690132984424 0.04303912818431854 1934
1690132984446 0.04294837266206741 1935
1690132984467 0.042857758700847626 1936
1690132984486 0.042767319828271866 1937
1690132984502 0.04267702251672745 1938
1690132984520 0.04258688911795616 1939
1690132984542 0.04249688237905502 1940
1690132984563 0.042407043278217316 1941
1690132984574 0.04231734573841095 1942
1690132984597 0.04222782701253891 1943
1690132984616 0.04213840514421463 1944
1690132984638 0.04204917699098587 1945
1690132984659 0.04196011275053024 1946
1690132984677 0.04187117516994476 1947
1690132984693 0.041782379150390625 1948
1690132984712 0.041693758219480515 1949
1690132984741 0.04160528630018234 1950
1690132984757 0.041516952216625214 1951
1690132984776 0.04142878204584122 1952
1690132984808 0.04134073853492737 1953
1690132984840 0.04125287011265755 1954
1690132984872 0.04116513580083847 1955
1690132984894 0.041077546775341034 1956
1690132984915 0.040990136563777924 1957
1690132984947 0.04090283811092377 1958
1690132984975 0.04081571102142334 1959
1690132985000 0.04072871804237366 1960
1690132985025 0.040641900151968 1961
1690132985059 0.040555231273174286 1962
1690132985084 0.04046871140599251 1963
1690132985108 0.04038231447339058 1964
1690132985132 0.04029608890414238 1965
1690132985160 0.04021000862121582 1966
1690132985181 0.040124066174030304 1967
1690132985203 0.04003828018903732 1968
1690132985224 0.03995263949036598 1969
1690132985245 0.03986714035272598 1970
1690132985270 0.03978179395198822 1971
1690132985293 0.03969660773873329 1972
1690132985310 0.039611559361219406 1973
1690132985341 0.039526648819446564 1974
1690132985363 0.03944189101457596 1975
1690132985391 0.03935728594660759 1976
1690132985416 0.03927283361554146 1977
1690132985440 0.039188530296087265 1978
1690132985473 0.03910435736179352 1979
1690132985501 0.039020344614982605 1980
1690132985527 0.03893647342920303 1981
1690132985544 0.0388527549803257 1982
1690132985567 0.03876917064189911 1983
1690132985592 0.038685742765665054 1984
1690132985608 0.03860246390104294 1985
1690132985640 0.03851930424571037 1986
1690132985661 0.03843630477786064 1987
1690132985684 0.03835345804691315 1988
1690132985706 0.03827075660228729 1989
1690132985730 0.03818817809224129 1990
1690132985755 0.038105741143226624 1991
1690132985768 0.038023509085178375 1992
1690132985795 0.037941381335258484 1993
1690132985811 0.037859395146369934 1994
1690132985832 0.037777580320835114 1995
1690132985853 0.03769586980342865 1996
1690132985875 0.03761431947350502 1997
1690132985896 0.03753291070461273 1998
1690132985912 0.037451669573783875 1999
