1690137646834 0.899836540222168 0
1690137646890 0.861626386642456 1
1690137646914 0.8349196910858154 2
1690137646930 0.8131442666053772 3
1690137646954 0.7942360043525696 4
1690137646970 0.7772432565689087 5
1690137646986 0.7616373300552368 6
1690137647002 0.7470902800559998 7
1690137647018 0.7333835363388062 8
1690137647034 0.7203625440597534 9
1690137647050 0.7079147100448608 10
1690137647066 0.6959538459777832 11
1690137647082 0.6844138503074646 12
1690137647155 0.6732420921325684 13
1690137647170 0.6623963117599487 14
1690137647186 0.6518417000770569 15
1690137647202 0.641549825668335 16
1690137647218 0.6314968466758728 17
1690137647235 0.6216624975204468 18
1690137647251 0.6120296716690063 19
1690137647267 0.6025835275650024 20
1690137647291 0.5933118462562561 21
1690137647307 0.5842034220695496 22
1690137647323 0.5752490758895874 23
1690137647331 0.566440224647522 24
1690137647347 0.557769775390625 25
1690137647363 0.549231231212616 26
1690137647379 0.5408188104629517 27
1690137647395 0.5325275659561157 28
1690137647411 0.5243533253669739 29
1690137647431 0.516291618347168 30
1690137647443 0.5083392858505249 31
1690137647459 0.5004929304122925 32
1690137647475 0.4927496910095215 33
1690137647491 0.4851071238517761 34
1690137647507 0.4775627851486206 35
1690137647531 0.470114529132843 36
1690137647547 0.46276065707206726 37
1690137647563 0.45549917221069336 38
1690137647571 0.4483286142349243 39
1690137647587 0.44124746322631836 40
1690137647603 0.43425434827804565 41
1690137647619 0.42734813690185547 42
1690137647635 0.4205274283885956 43
1690137647755 0.4137915372848511 44
1690137647771 0.4071393609046936 45
1690137647787 0.4005697965621948 46
1690137647803 0.39408230781555176 47
1690137647819 0.387675940990448 48
1690137647831 0.38135001063346863 49
1690137647843 0.3751037120819092 50
1690137647867 0.3689364492893219 51
1690137647884 0.3628476858139038 52
1690137647907 0.35683658719062805 53
1690137647923 0.350902795791626 54
1690137647931 0.3450455963611603 55
1690137647947 0.33926457166671753 56
1690137647963 0.3335592746734619 57
1690137647979 0.32792916893959045 58
1690137647995 0.3223738372325897 59
1690137648012 0.31689268350601196 60
1690137648028 0.31148529052734375 61
1690137648036 0.3061513900756836 62
1690137648052 0.30089035630226135 63
1690137648068 0.29570189118385315 64
1690137648084 0.2905856966972351 65
1690137648108 0.28554123640060425 66
1690137648124 0.28056812286376953 67
1690137648148 0.2756659984588623 68
1690137648164 0.27083444595336914 69
1690137648188 0.2660731077194214 70
1690137648212 0.26138171553611755 71
1690137648232 0.25675976276397705 72
1690137648252 0.2522069215774536 73
1690137648268 0.24772274494171143 74
1690137648284 0.24330709874629974 75
1690137648300 0.23895950615406036 76
1690137648316 0.23467963933944702 77
1690137648332 0.23046700656414032 78
1690137648348 0.22632141411304474 79
1690137648356 0.2222423255443573 80
1690137648380 0.21822962164878845 81
1690137648396 0.21428275108337402 82
1690137648404 0.2104015052318573 83
1690137648420 0.2065853476524353 84
1690137648436 0.20283415913581848 85
1690137648452 0.19914735853672028 86
1690137648468 0.195524662733078 87
1690137648484 0.19196578860282898 88
1690137648500 0.18847030401229858 89
1690137648516 0.18503782153129578 90
1690137648532 0.1816680133342743 91
1690137648548 0.17836058139801025 92
1690137648564 0.17511510848999023 93
1690137648580 0.1719311624765396 94
1690137648596 0.1688084751367569 95
1690137648814 0.16574667394161224 96
1690137648838 0.16274525225162506 97
1690137648870 0.15980398654937744 98
1690137648894 0.15692239999771118 99
1690137648926 0.1541001945734024 100
1690137648958 0.1513368785381317 101
1690137648990 0.14863216876983643 102
1690137649014 0.14598558843135834 103
1690137649033 0.14339682459831238 104
1690137649046 0.14086537063121796 105
1690137649062 0.13839086890220642 106
1690137649078 0.1359729766845703 107
1690137649103 0.133611261844635 108
1690137649119 0.13130521774291992 109
1690137649135 0.12905451655387878 110
1690137649151 0.1268586814403534 111
1690137649167 0.1247173398733139 112
1690137649183 0.12263001501560211 113
1690137649199 0.12059622257947922 114
1690137649207 0.11861556768417358 115
1690137649233 0.11668753623962402 116
1690137649247 0.1148117333650589 117
1690137649271 0.11298763751983643 118
1690137649287 0.1112147867679596 119
1690137649303 0.1094926968216896 120
1690137649319 0.10782083868980408 121
1690137649335 0.1061987578868866 122
1690137649391 0.1046258807182312 123
1690137649415 0.1031017005443573 124
1690137649439 0.10162569582462311 125
1690137649455 0.10019729286432266 126
1690137649471 0.09881594032049179 127
1690137649487 0.09748105704784393 128
1690137649503 0.09619206190109253 129
1690137649519 0.09494834393262863 130
1690137649534 0.0937492623925209 131
1690137649543 0.0925941914319992 132
1690137649559 0.09148246049880981 133
1690137649575 0.0904134213924408 134
1690137649591 0.08938634395599365 135
1690137649607 0.08840049803256989 136
1690137649631 0.08745519071817398 137
1690137649647 0.08654963970184326 138
1690137649663 0.08568303287029266 139
1690137649687 0.08485458046197891 140
1690137649703 0.08406342566013336 141
1690137649719 0.08330865949392319 142
1690137649735 0.08258941769599915 143
1690137649751 0.08190474659204483 144
1690137649767 0.08125361800193787 145
1690137649783 0.08063510060310364 146
1690137649791 0.08004805445671082 147
1690137649807 0.07949142903089523 148
1690137649831 0.07896406948566437 149
1690137649839 0.0784648209810257 150
1690137649855 0.07799243181943893 151
1690137649871 0.07754559814929962 152
1690137649879 0.07712307572364807 153
1690137649895 0.07672344893217087 154
1690137649911 0.07634533941745758 155
1690137649934 0.0759873017668724 156
1690137649944 0.07564790546894073 157
1690137649960 0.07532557845115662 158
1690137649976 0.07501888275146484 159
1690137650000 0.07472622394561768 160
1690137650016 0.07444610446691513 161
1690137650034 0.07417705655097961 162
1690137650048 0.07391755282878876 163
1690137650072 0.07366623729467392 164
1690137650088 0.07342167943716049 165
1690137650104 0.07318273186683655 166
1690137650120 0.072948157787323 167
1690137650144 0.07271704077720642 168
1690137650160 0.07248841971158981 169
1690137650176 0.07226157933473587 170
1690137650192 0.07203596085309982 171
1690137650208 0.07181108742952347 172
1690137650224 0.07158668339252472 173
1690137650240 0.07136254012584686 174
1690137650256 0.07113861292600632 175
1690137650272 0.07091493159532547 176
1690137650288 0.07069158554077148 177
1690137650578 0.07046869397163391 178
1690137650601 0.07024648785591125 179
1690137650633 0.07002514600753784 180
1690137650649 0.06980489939451218 181
1690137650665 0.06958602368831635 182
1690137650681 0.06936872750520706 183
1690137650697 0.06915325671434402 184
1690137650713 0.06893987208604813 185
1690137650735 0.0687287300825119 186
1690137650745 0.06852005422115326 187
1690137650761 0.06831404566764832 188
1690137650785 0.0681108608841896 189
1690137650793 0.06791065633296967 190
1690137650809 0.06771360337734222 191
1690137650825 0.06751979887485504 192
1690137650841 0.06732940673828125 193
1690137650865 0.06714250147342682 194
1690137650881 0.06695917993783951 195
1690137650889 0.06677952408790588 196
1690137650913 0.06660360842943192 197
1690137650929 0.06643150001764297 198
1690137650945 0.06626325845718384 199
1690137650961 0.06609892100095749 200
1690137650977 0.06593850255012512 201
1690137650993 0.06578207015991211 202
1690137651009 0.06562964618206024 203
1690137651025 0.06548120081424713 204
1690137651042 0.06533677875995636 205
1690137651058 0.06519639492034912 206
1690137651074 0.06506004929542542 207
1690137651090 0.06492774188518524 208
1690137651106 0.0647994726896286 209
1690137651122 0.0646752193570137 210
1690137651138 0.06455498188734055 211
1690137651154 0.06443874537944794 212
1690137651170 0.06432650983333588 213
1690137651186 0.06421823054552078 214
1690137651202 0.06411390006542206 215
1690137651218 0.06401348114013672 216
1690137651236 0.06391698122024536 217
1690137651250 0.06382431834936142 218
1690137651266 0.06373549997806549 219
1690137651282 0.0636504665017128 220
1690137651298 0.06356917321681976 221
1690137651322 0.06349156051874161 222
1690137651338 0.06341761350631714 223
1690137651362 0.06334726512432098 224
1690137651378 0.06328045576810837 225
1690137651402 0.06321712583303452 226
1690137651418 0.06315722316503525 227
1690137651436 0.0631006509065628 228
1690137651450 0.0630473867058754 229
1690137651466 0.06299730390310287 230
1690137651482 0.06295037269592285 231
1690137651498 0.06290647387504578 232
1690137651514 0.06286554038524628 233
1690137651530 0.06282749772071838 234
1690137651546 0.06279224902391434 235
1690137651562 0.06275966763496399 236
1690137651570 0.06272967159748077 237
1690137651586 0.06270219385623932 238
1690137651602 0.06267710775136948 239
1690137651618 0.0626542866230011 240
1690137651634 0.06263363361358643 241
1690137651651 0.0626150593161583 242
1690137651659 0.06259839236736298 243
1690137651675 0.06258359551429749 244
1690137651691 0.0625704750418663 245
1690137651707 0.06255894899368286 246
1690137651715 0.0625489130616188 247
1690137651739 0.062540203332901 248
1690137651755 0.06253273785114288 249
1690137651763 0.06252637505531311 250
1690137651779 0.06252104043960571 251
1690137651795 0.06251658499240875 252
1690137651811 0.06251289695501328 253
1690137651827 0.06250990182161331 254
1690137651843 0.06250748038291931 255
1690137651859 0.0625055804848671 256
1690137651875 0.06250409036874771 257
1690137651891 0.06250295042991638 258
1690137651899 0.06250208616256714 259
1690137651915 0.0625014454126358 260
1690137651931 0.0625009760260582 261
1690137651947 0.06250066310167313 262
1690137651963 0.0625004768371582 263
1690137651987 0.06250090897083282 264
1690137652003 0.06250593811273575 265
1690137652019 0.0625278502702713 266
1690137652035 0.06252774596214294 267
1690137652051 0.06251339614391327 268
1690137652059 0.06250554323196411 269
1690137652075 0.06250254809856415 270
1690137652091 0.06250140815973282 271
1690137652107 0.06250091642141342 272
1690137652123 0.06250074505805969 273
1690137652139 0.0625007227063179 274
1690137652147 0.06250084936618805 275
1690137652163 0.06250116229057312 276
1690137652179 0.06250187754631042 277
1690137652195 0.06250334531068802 278
1690137652211 0.062506303191185 279
1690137652227 0.0625111311674118 280
1690137652251 0.06251588463783264 281
1690137652267 0.06251657009124756 282
1690137652283 0.06251316517591476 283
1690137652299 0.06250910460948944 284
1690137652315 0.06250618398189545 285
1690137652323 0.06250447034835815 286
1690137652339 0.06250355392694473 287
1690137652355 0.06250320374965668 288
1690137652371 0.06250323355197906 289
1690137652388 0.0625036358833313 290
1690137652395 0.06250448524951935 291
1690137652411 0.06250585615634918 292
1690137652460 0.06250770390033722 293
1690137652484 0.0625097006559372 294
1690137652508 0.06251106411218643 295
1690137652524 0.06251118332147598 296
1690137652540 0.06251007318496704 297
1690137652556 0.06250851601362228 298
1690137652572 0.06250704824924469 299
