1690145061167 1.1152311563491821 0
1690145061907 0.6616430878639221 1
1690145062523 0.4853944778442383 2
1690145063160 0.32460641860961914 3
1690145063887 0.25663286447525024 4
1690145064544 0.1473894715309143 5
1690145065137 0.1402592957019806 6
1690145065882 0.11266069114208221 7
1690145066610 0.1152377799153328 8
1690145067291 0.09721828252077103 9
1690145067928 0.09515521675348282 10
1690145068600 0.07554318755865097 11
1690145069325 0.07037391513586044 12
1690145070008 0.06795776635408401 13
1690145070649 0.06295868009328842 14
1690145071281 0.07333852350711823 15
1690145072017 0.06675753742456436 16
1690145072706 0.04707128554582596 17
1690145073347 0.054904427379369736 18
1690145074126 0.043897904455661774 19
1690145074840 0.059385355561971664 20
1690145075555 0.03885478526353836 21
1690145076205 0.04321916401386261 22
1690145077202 0.05042693391442299 23
1690145077807 0.029785314574837685 24
1690145078471 0.040572717785835266 25
1690145079099 0.04286949336528778 26
1690145079865 0.03613985329866409 27
1690145080568 0.03209830820560455 28
1690145081274 0.030646804720163345 29
1690145081944 0.035070907324552536 30
1690145082623 0.018297242000699043 31
1690145083309 0.03633788973093033 32
1690145084472 0.020318249240517616 33
1690145085383 0.02895168773829937 34
1690145086246 0.012050904333591461 35
1690145086829 0.035777024924755096 36
1690145087469 0.02055404521524906 37
1690145088100 0.018334753811359406 38
1690145088720 0.011667391285300255 39
1690145089432 0.02331240475177765 40
1690145090061 0.019521335139870644 41
1690145090691 0.022723902016878128 42
1690145091302 0.015139112249016762 43
1690145091995 0.014064192771911621 44
1690145092592 0.013881780207157135 45
1690145093208 0.019660424441099167 46
1690145093852 0.010499944910407066 47
1690145094477 0.014283043332397938 48
1690145095075 0.013696912676095963 49
1690145095768 0.014036926440894604 50
1690145096433 0.015331702306866646 51
1690145097018 0.003133233869448304 52
1690145097656 0.018894830718636513 53
1690145098630 0.0135358776897192 54
1690145099416 0.010429393500089645 55
1690145100045 0.01141426432877779 56
1690145100882 0.011583182960748672 57
1690145101443 0.01628083735704422 58
1690145102162 0.007517633959650993 59
1690145102851 0.011483934707939625 60
1690145103469 0.003635903587564826 61
1690145104168 0.01685798354446888 62
1690145104882 0.009633769281208515 63
1690145105564 0.007160838693380356 64
1690145106279 0.010916491039097309 65
1690145107058 0.008588687516748905 66
1690145107717 0.01843063160777092 67
1690145108548 0.002444787649437785 68
1690145109219 0.009829198941588402 69
1690145109914 0.011966066434979439 70
1690145110640 0.0058081443421542645 71
1690145111270 0.005804093088954687 72
1690145111952 0.006688185501843691 73
1690145112654 0.006500238087028265 74
1690145113475 0.008910281583666801 75
1690145114189 0.011244615539908409 76
1690145114802 0.005968605633825064 77
1690145115666 0.005850584711879492 78
1690145116323 0.01013487484306097 79
1690145117033 0.0016609809827059507 80
1690145117784 0.008698997087776661 81
1690145118435 0.006689528468996286 82
1690145119138 0.00873857457190752 83
1690145119754 0.0050060199573636055 84
1690145120627 0.00801822915673256 85
1690145121400 0.004910387564450502 86
1690145122130 0.005524660926312208 87
1690145122813 0.010897979140281677 88
1690145123440 0.0024866529274731874 89
1690145124270 0.008460909128189087 90
1690145124935 0.0015849487390369177 91
1690145125636 0.00888030044734478 92
1690145126315 0.0008559118141420186 93
1690145126994 0.006667885929346085 94
1690145127919 0.004485740792006254 95
1690145128600 0.011195933446288109 96
1690145129219 0.0048579988069832325 97
1690145129827 0.0036807521246373653 98
1690145130466 0.004889052826911211 99
1690145131437 0.006909583695232868 100
1690145132128 0.009296785108745098 101
1690145133037 0.002031916519626975 102
1690145133733 0.0029383182991296053 103
1690145134448 0.0063746171072125435 104
1690145135160 0.005287810228765011 105
1690145135853 0.001849040505476296 106
1690145136464 0.008329987525939941 107
1690145137091 0.0010393016273155808 108
1690145137763 0.01007047388702631 109
1690145138395 0.0009409437188878655 110
1690145139213 0.001274255570024252 111
1690145139848 0.0077532571740448475 112
1690145140493 0.009700920432806015 113
1690145141209 0.0028681838884949684 114
1690145141862 0.0029873077291995287 115
1690145142517 0.006290776655077934 116
1690145143092 0.002927197376266122 117
1690145143934 0.005711929872632027 118
1690145144738 0.0012967233778908849 119
1690145145394 0.006888603791594505 120
1690145146099 0.004309004172682762 121
1690145146786 0.0026704256888478994 122
1690145147465 0.0016519062919542193 123
1690145148048 0.006300806533545256 124
1690145148655 0.004141448996961117 125
1690145149315 0.003714828984811902 126
1690145149922 0.0016213699709624052 127
1690145150736 0.002458432223647833 128
1690145151536 0.0036127364728599787 129
1690145152270 0.00637301430106163 130
1690145152909 0.0009698040666989982 131
1690145153592 0.0011957783717662096 132
1690145154362 0.0068486700765788555 133
1690145155117 0.001552451285533607 134
1690145155760 0.004696376621723175 135
1690145156387 0.0006603063084185123 136
1690145157037 0.0010200059041380882 137
1690145158037 0.00944647565484047 138
1690145158939 0.005489756818860769 139
1690145159623 0.001054539461620152 140
1690145160326 0.0028979897033423185 141
1690145161048 0.004107154440134764 142
1690145161709 0.004695238545536995 143
1690145162424 0.0029915517661720514 144
1690145163096 0.001854219357483089 145
1690145163810 0.004584384150803089 146
1690145164477 0.0022977469488978386 147
1690145165134 0.005512355826795101 148
1690145165895 0.003570280969142914 149
1690145166563 0.0007826736546121538 150
1690145167235 0.003871195251122117 151
1690145167949 0.0007322330493479967 152
1690145168571 0.008895589038729668 153
1690145169517 0.0033601063769310713 154
1690145170085 0.0007947467383928597 155
1690145170744 0.0012374824145808816 156
1690145171736 0.005191419273614883 157
1690145172717 0.004728369880467653 158
1690145173317 0.0004939459031447768 159
1690145173987 0.004928043577820063 160
1690145174606 0.0016419065650552511 161
1690145175236 0.005608438979834318 162
1690145175896 0.0013070311397314072 163
1690145176515 0.001957009080797434 164
1690145177352 0.0015872595831751823 165
1690145178296 0.00266473600640893 166
1690145178953 0.008179046213626862 167
1690145179554 0.0013761958107352257 168
1690145180344 0.003620808944106102 169
1690145180996 0.0013605906860902905 170
1690145181731 0.002052510157227516 171
1690145182379 0.0019874288700520992 172
1690145183021 0.004053744021803141 173
1690145183657 0.0022022074554115534 174
1690145184248 0.001322680152952671 175
1690145185112 0.0033644093200564384 176
1690145185911 0.0024479657877236605 177
1690145186648 0.002853793790563941 178
1690145187238 0.0027078676503151655 179
1690145187936 0.002074330346658826 180
1690145188561 0.00158915133215487 181
1690145189445 0.004803328309208155 182
1690145190168 0.0009644408710300922 183
1690145191021 0.002766437130048871 184
1690145191662 0.0016623801784589887 185
1690145192312 0.002686138963326812 186
1690145192952 0.0005911786574870348 187
1690145193593 0.002608400769531727 188
1690145194242 0.0010211030021309853 189
1690145195133 0.006145088002085686 190
1690145195856 0.0013658460229635239 191
1690145196563 0.0006688856519758701 192
1690145197365 0.0035475105978548527 193
1690145198094 0.004829233977943659 194
1690145198765 0.0008166991756297648 195
1690145199822 0.0004702826263383031 196
1690145200482 0.003306247526779771 197
1690145201424 0.0019250721670687199 198
1690145202002 0.0017570938216522336 199
