1690136054488 0.25135648250579834 0
1690136054568 0.22867034375667572 1
1690136054600 0.22541463375091553 2
1690136054632 0.2702711820602417 3
1690136054664 0.2414350062608719 4
1690136054696 0.22382499277591705 5
1690136054720 0.2247697114944458 6
1690136054752 0.22534777224063873 7
1690136054776 0.22562940418720245 8
1690136054792 0.23456193506717682 9
1690136054824 0.23649238049983978 10
1690136054848 0.22865648567676544 11
1690136054872 0.22148869931697845 12
1690136054896 0.21947796642780304 13
1690136055048 0.217420756816864 14
1690136055080 0.21531511843204498 15
1690136055112 0.21316012740135193 16
1690136055152 0.21095530688762665 17
1690136055184 0.20870088040828705 18
1690136055214 0.20639759302139282 19
1690136055248 0.21623724699020386 20
1690136055280 0.20630818605422974 21
1690136055312 0.20242148637771606 22
1690136055344 0.20167700946331024 23
1690136055368 0.20077407360076904 24
1690136055400 0.19972330331802368 25
1690136055424 0.19853392243385315 26
1690136055456 0.19721463322639465 27
1690136055496 0.19577327370643616 28
1690136055515 0.1942170113325119 29
1690136055528 0.19255264103412628 30
1690136055544 0.19078613817691803 31
1690136055568 0.18892322480678558 32
1690136055584 0.1869688630104065 33
1690136055600 0.18492767214775085 34
1690136055615 0.18280363082885742 35
1690136055624 0.1806001365184784 36
1690136055640 0.17832012474536896 37
1690136055656 0.17596577107906342 38
1690136055672 0.17353874444961548 39
1690136055728 0.1710401177406311 40
1690136055744 0.16847014427185059 41
1690136055768 0.16582879424095154 42
1690136055776 0.16311509907245636 43
1690136055888 0.16032767295837402 44
1690136055904 0.15746459364891052 45
1690136055920 0.1545233279466629 46
1690136055937 0.15360435843467712 47
1690136055953 0.14926651120185852 48
1690136055969 0.14688575267791748 49
1690136055985 0.14436082541942596 50
1690136056001 0.14169344305992126 51
1690136056017 0.13888460397720337 52
1690136056025 0.13656790554523468 53
1690136056041 0.1347169578075409 54
1690136056057 0.13325552642345428 55
1690136056073 0.13156089186668396 56
1690136056089 0.1296425610780716 57
1690136056115 0.127508744597435 58
1690136056129 0.12516672909259796 59
1690136056145 0.12262279540300369 60
1690136056161 0.1198824867606163 61
1690136056177 0.11695070564746857 62
1690136056193 0.11383134126663208 63
1690136056209 0.11052804440259933 64
1690136056225 0.10704372078180313 65
1690136056241 0.10338090360164642 66
1690136056257 0.09954142570495605 67
1690136056273 0.09552694857120514 68
1690136056289 0.091338612139225 69
1690136056305 0.08697734028100967 70
1690136056321 0.08244355767965317 71
1690136056345 0.07773751765489578 72
1690136056361 0.07285936176776886 73
1690136056393 0.06780876964330673 74
1690136056417 0.07561256736516953 75
1690136056441 0.06000275909900665 76
1690136056465 0.057085126638412476 77
1690136056489 0.05384686589241028 78
1690136056505 0.050301022827625275 79
1690136056521 0.046459443867206573 80
1690136056537 0.04558578133583069 81
1690136056553 0.041272133588790894 82
1690136056569 0.039046913385391235 83
1690136056585 0.03440537303686142 84
1690136056601 0.03751490265130997 85
1690136056617 0.033737942576408386 86
1690136056633 0.034281834959983826 87
1690136056649 0.034460291266441345 88
1690136056665 0.031232528388500214 89
1690136056681 0.032510630786418915 90
1690136056697 0.030842773616313934 91
1690136056705 0.03202975541353226 92
1690136056721 0.03307268023490906 93
1690136056737 0.03249122202396393 94
1690136056996 0.031889237463474274 95
1690136057024 0.030747152864933014 96
1690136057056 0.02909521758556366 97
1690136057096 0.03160551190376282 98
1690136057128 0.02680450677871704 99
1690136057152 0.029811352491378784 100
1690136057176 0.030414894223213196 101
1690136057200 0.024313688278198242 102
1690136057216 0.030099943280220032 103
1690136057232 0.024904385209083557 104
1690136057240 0.022587493062019348 105
1690136057256 0.029178142547607422 106
1690136057272 0.02896152436733246 107
1690136057288 0.022464916110038757 108
1690136057304 0.026272445917129517 109
1690136057320 0.022335052490234375 110
1690136057336 0.022118553519248962 111
1690136057352 0.025411739945411682 112
1690136057368 0.024923890829086304 113
1690136057392 0.02203705906867981 114
1690136057408 0.021047383546829224 115
1690136057425 0.026808857917785645 116
1690136057449 0.019647419452667236 117
1690136057473 0.019126400351524353 118
1690136057489 0.023455873131752014 119
1690136057521 0.021798893809318542 120
1690136057537 0.015068456530570984 121
1690136057553 0.028426393866539 122
1690136057569 0.017553582787513733 123
1690136057585 0.023726940155029297 124
1690136057601 0.027808502316474915 125
1690136057617 0.02573166787624359 126
1690136057641 0.018127664923667908 127
1690136057665 0.022207751870155334 128
1690136057689 0.019089117646217346 129
1690136057717 0.020429909229278564 130
1690136057737 0.029434651136398315 131
1690136057753 0.026030436158180237 132
1690136057769 0.021275654435157776 133
1690136057777 0.024176403880119324 134
1690136057793 0.02345690131187439 135
1690136057809 0.02050437033176422 136
1690136057825 0.020824700593948364 137
1690136057841 0.03446343541145325 138
1690136057857 0.026959016919136047 139
1690136057873 0.016302630305290222 140
1690136057889 0.027631297707557678 141
1690136057905 0.02996540069580078 142
1690136057921 0.011647418141365051 143
1690136057937 0.01948593556880951 144
1690136057953 0.022126302123069763 145
1690136057969 0.019539818167686462 146
1690136057985 0.016641005873680115 147
1690136058001 0.016027703881263733 148
1690136058017 0.014566034078598022 149
1690136058025 0.013036459684371948 150
1690136058049 0.014162704348564148 151
1690136058057 0.02322116494178772 152
1690136058073 0.01665930449962616 153
1690136058089 0.017619922757148743 154
1690136058105 0.01784166693687439 155
1690136058129 0.017397165298461914 156
1690136058145 0.018188342452049255 157
1690136058153 0.01544177532196045 158
1690136058169 0.014037340879440308 159
1690136058185 0.023093104362487793 160
1690136058201 0.01603303849697113 161
1690136058217 0.017777159810066223 162
1690136058233 0.025037139654159546 163
1690136058249 0.021090969443321228 164
1690136058265 0.013169065117835999 165
1690136058281 0.0226576030254364 166
1690136058297 0.024155214428901672 167
1690136058313 0.01277121901512146 168
1690136058329 0.015795812010765076 169
1690136058353 0.017728641629219055 170
1690136058369 0.014765247702598572 171
1690136058385 0.014100894331932068 172
1690136058401 0.018650010228157043 173
1690136058417 0.014055460691452026 174
1690136058433 0.013897672295570374 175
1690136058441 0.01310393214225769 176
1690136058465 0.011735737323760986 177
1690136058481 0.012769073247909546 178
1690136058497 0.009549424052238464 179
1690136058513 0.02325698733329773 180
1690136058529 0.018642157316207886 181
1690136058545 0.01599578559398651 182
1690136058561 0.021726936101913452 183
1690136058577 0.022278115153312683 184
1690136058593 0.018169060349464417 185
1690136058609 0.009853094816207886 186
1690136058625 0.02912561595439911 187
1690136058641 0.030993729829788208 188
1690136058657 0.01340155303478241 189
1690136058681 0.02137807011604309 190
1690136058697 0.03350038826465607 191
1690136058721 0.025563150644302368 192
1690136058737 0.012549132108688354 193
1690136059142 0.024396240711212158 194
1690136059171 0.027467384934425354 195
1690136059195 0.011774078011512756 196
1690136059251 0.020519480109214783 197
1690136059275 0.031233087182044983 198
1690136059291 0.022813260555267334 199
