1689089613387 1.9415204524993896 0
1689089613415 1.8678399324417114 1
1689089613428 1.8168843984603882 2
1689089613442 1.7756470441818237 3
1689089613456 1.7400606870651245 4
1689089613469 1.7082548141479492 5
1689089613483 1.679189920425415 6
1689089613495 1.6522234678268433 7
1689089613530 1.6269257068634033 8
1689089613543 1.6029950380325317 9
1689089613557 1.5802093744277954 10
1689089613569 1.558400273323059 11
1689089613583 1.5374388694763184 12
1689089613595 1.517220139503479 13
1689089613608 1.4976634979248047 14
1689089613622 1.4786983728408813 15
1689089613636 1.4602710008621216 16
1689089613649 1.4423326253890991 17
1689089613661 1.4248440265655518 18
1689089613676 1.4077708721160889 19
1689089613693 1.3910845518112183 20
1689089613706 1.3747599124908447 21
1689089613719 1.3587746620178223 22
1689089613773 1.3431100845336914 23
1689089613786 1.3277497291564941 24
1689089613800 1.3126778602600098 25
1689089613812 1.2978816032409668 26
1689089613826 1.2833489179611206 27
1689089613840 1.2690696716308594 28
1689089613853 1.2550344467163086 29
1689089613866 1.2412338256835938 30
1689089613878 1.2276599407196045 31
1689089613892 1.2143058776855469 32
1689089613907 1.2011646032333374 33
1689089613921 1.1882293224334717 34
1689089613934 1.175494909286499 35
1689089613948 1.1629550457000732 36
1689089613960 1.150604486465454 37
1689089613974 1.138438105583191 38
1689089613987 1.1264511346817017 39
1689089614000 1.114638090133667 40
1689089614012 1.1029947996139526 41
1689089614027 1.0915169715881348 42
1689089614041 1.0801997184753418 43
1689089614054 1.0690401792526245 44
1689089614068 1.05803382396698 45
1689089614081 1.047178030014038 46
1689089614094 1.0364694595336914 47
1689089614108 1.0259058475494385 48
1689089614184 1.0154848098754883 49
1689089614196 1.0052043199539185 50
1689089614210 0.9950622320175171 51
1689089614224 0.9850568771362305 52
1689089614237 0.9751873016357422 53
1689089614251 0.965450644493103 54
1689089614264 0.9558463096618652 55
1689089614279 0.9463725090026855 56
1689089614292 0.9370278716087341 57
1689089614306 0.9278110265731812 58
1689089614319 0.918720543384552 59
1689089614333 0.9097551107406616 60
1689089614345 0.9009134769439697 61
1689089614359 0.8921941518783569 62
1689089614373 0.8835958242416382 63
1689089614387 0.8751172423362732 64
1689089614399 0.8667571544647217 65
1689089614412 0.8585143685340881 66
1689089614426 0.8503872156143188 67
1689089614440 0.8423749208450317 68
1689089614453 0.8344757556915283 69
1689089614467 0.8266890048980713 70
1689089614479 0.8190129995346069 71
1689089614492 0.8114466667175293 72
1689089614505 0.803989052772522 73
1689089614518 0.7966384291648865 74
1689089614531 0.7893937826156616 75
1689089614545 0.7822538614273071 76
1689089614558 0.7752174735069275 77
1689089614572 0.7682833075523376 78
1689089614589 0.7614503502845764 79
1689089614605 0.7547169923782349 80
1689089614620 0.7480825185775757 81
1689089614634 0.7415453195571899 82
1689089614646 0.7351044416427612 83
1689089614659 0.7287584543228149 84
1689089614673 0.722506046295166 85
1689089614686 0.7163463830947876 86
1689089614699 0.7102779746055603 87
1689089614711 0.7042996883392334 88
1689089614819 0.6984102129936218 89
1689089614833 0.6926079988479614 90
1689089614846 0.6868924498558044 91
1689089614859 0.6812621355056763 92
1689089614874 0.6757152080535889 93
1689089614887 0.6702510714530945 94
1689089614903 0.6648681163787842 95
1689089614918 0.6595651507377625 96
1689089614931 0.6543410420417786 97
1689089614944 0.6491941213607788 98
1689089614958 0.6441236734390259 99
1689089614971 0.6391275525093079 100
1689089614984 0.6342049241065979 101
1689089614996 0.6293544769287109 102
1689089615009 0.6245746612548828 103
1689089615022 0.6198639273643494 104
1689089615036 0.6152213215827942 105
1689089615050 0.610645055770874 106
1689089615062 0.6061335802078247 107
1689089615076 0.6016857624053955 108
1689089615089 0.5972999930381775 109
1689089615103 0.5929744243621826 110
1689089615117 0.5887081623077393 111
1689089615130 0.5844991207122803 112
1689089615146 0.580345630645752 113
1689089615162 0.5762465000152588 114
1689089615177 0.5721997618675232 115
1689089615193 0.5682038068771362 116
1689089615212 0.564257025718689 117
1689089615229 0.5603576898574829 118
1689089615252 0.5565040707588196 119
1689089615275 0.5526942014694214 120
1689089615296 0.548926830291748 121
1689089615311 0.5452001094818115 122
1689089615328 0.5415118336677551 123
1689089615342 0.537861168384552 124
1689089615356 0.5342458486557007 125
1689089615370 0.5306645631790161 126
1689089615384 0.5271155834197998 127
1689089615397 0.5235974788665771 128
1689089615410 0.5201089978218079 129
1689089615424 0.5166487693786621 130
1689089615438 0.5132156610488892 131
1689089615452 0.509808361530304 132
1689089615466 0.5064259767532349 133
1689089615479 0.5030674934387207 134
1689089615492 0.499732106924057 135
1689089615505 0.4964192509651184 136
1689089615519 0.4931281805038452 137
1689089615533 0.48985832929611206 138
1689089615545 0.4866093397140503 139
1689089615558 0.4833807051181793 140
1689089615572 0.480172336101532 141
1689089615585 0.4769839644432068 142
1689089615598 0.47381532192230225 143
1689089615610 0.4706662595272064 144
1689089615624 0.4675368070602417 145
1689089615823 0.46442699432373047 146
1689089615837 0.46133697032928467 147
1689089615850 0.4582662284374237 148
1689089615865 0.4552152156829834 149
1689089615877 0.45218390226364136 150
1689089615890 0.4491722583770752 151
1689089615904 0.4461801052093506 152
1689089615918 0.4432077705860138 153
1689089615930 0.4402551054954529 154
1689089615943 0.43732208013534546 155
1689089615957 0.43440890312194824 156
1689089615970 0.43151527643203735 157
1689089615984 0.4286413788795471 158
1689089615997 0.4257872700691223 159
1689089616010 0.4229522943496704 160
1689089616024 0.4201369881629944 161
1689089616037 0.41734111309051514 162
1689089616051 0.4145646393299103 163
1689089616064 0.41180723905563354 164
1689089616078 0.4090691804885864 165
1689089616091 0.4063500761985779 166
1689089616105 0.4036499857902527 167
1689089616118 0.4009687602519989 168
1689089616132 0.39830613136291504 169
1689089616144 0.3956620991230011 170
1689089616157 0.3930366337299347 171
1689089616171 0.3904293179512024 172
1689089616184 0.3878404498100281 173
1689089616196 0.3852697014808655 174
1689089616209 0.3827168345451355 175
1689089616222 0.3801819086074829 176
1689089616235 0.3776647746562958 177
1689089616249 0.3751652240753174 178
1689089616262 0.37268322706222534 179
1689089616274 0.37021875381469727 180
1689089616292 0.36777159571647644 181
1689089616312 0.36534175276756287 182
1689089616335 0.36292898654937744 183
1689089616358 0.36053338646888733 184
1689089616382 0.3581547141075134 185
1689089616400 0.35579293966293335 186
1689089616417 0.35344818234443665 187
1689089616431 0.3511199355125427 188
1689089616444 0.34880825877189636 189
1689089616458 0.34651345014572144 190
1689089616472 0.34423506259918213 191
1689089616486 0.34197288751602173 192
1689089616499 0.33972716331481934 193
1689089616511 0.3374974727630615 194
1689089616524 0.3352839946746826 195
1689089616538 0.3330865800380707 196
1689089616551 0.33090484142303467 197
1689089616566 0.3287392258644104 198
1689089616581 0.3265892267227173 199
1689089616593 0.3244546353816986 200
1689089616607 0.3223358988761902 201
1689089616620 0.3202323913574219 202
1689089616633 0.31814414262771606 203
1689089616645 0.3160712718963623 204
1689089616658 0.31401336193084717 205
1689089616673 0.311970591545105 206
1689089616686 0.3099426031112671 207
1689089616699 0.3079293668270111 208
1689089616711 0.30593109130859375 209
1689089616724 0.3039471507072449 210
1689089616737 0.3019777834415436 211
1689089616751 0.3000227212905884 212
1689089616763 0.2980819344520569 213
1689089616776 0.2961553931236267 214
1689089616790 0.2942427694797516 215
1689089616803 0.2923441231250763 216
1689089616817 0.2904592752456665 217
1689089616829 0.288588285446167 218
1689089616843 0.2867306172847748 219
1689089616856 0.2848864793777466 220
1689089616870 0.28305569291114807 221
1689089616884 0.2812384068965912 222
1689089616897 0.27943581342697144 223
1689089616909 0.27765750885009766 224
1689089616923 0.2758805751800537 225
1689089616936 0.2741124629974365 226
1689089616950 0.27235347032546997 227
1689089616962 0.2706120014190674 228
1689089616974 0.2688834071159363 229
1689089616988 0.267167329788208 230
1689089617002 0.2654629349708557 231
1689089617016 0.2637701630592346 232
1689089617028 0.2620885968208313 233
1689089617041 0.2604182958602905 234
1689089617055 0.2587587237358093 235
1689089617068 0.25710973143577576 236
1689089617083 0.25547105073928833 237
1689089617095 0.2538423240184784 238
1689089617108 0.2522231936454773 239
1689089617122 0.2506134510040283 240
1689089617134 0.24901242554187775 241
1689089617149 0.24742062389850616 242
1689089617163 0.24583682417869568 243
1689089617176 0.24426278471946716 244
1689089617189 0.2426927536725998 245
1689089617203 0.2411300539970398 246
1689089617216 0.2395695447921753 247
1689089617228 0.23801645636558533 248
1689089617241 0.23646807670593262 249
1689089617254 0.23492538928985596 250
1689089617267 0.23338724672794342 251
1689089617281 0.23185385763645172 252
1689089617293 0.23032480478286743 253
1689089617308 0.22880031168460846 254
1689089617323 0.227279931306839 255
1689089617336 0.22576385736465454 256
1689089617350 0.22425201535224915 257
1689089617362 0.222744420170784 258
1689089617375 0.2212407886981964 259
1689089617389 0.21974146366119385 260
1689089617402 0.21824586391448975 261
1689089617415 0.2167549431324005 262
1689089617428 0.215267613530159 263
1689089617442 0.21378514170646667 264
1689089617456 0.21230605244636536 265
1689089617468 0.21083194017410278 266
1689089617744 0.20936140418052673 267
1689089617759 0.20789624750614166 268
1689089617773 0.2064351737499237 269
1689089617787 0.20497959852218628 270
1689089617801 0.20352870225906372 271
1689089617813 0.20208333432674408 272
1689089617826 0.20064297318458557 273
1689089617839 0.19920839369297028 274
1689089617852 0.19777920842170715 275
1689089617866 0.1963558793067932 276
1689089617879 0.19493818283081055 277
1689089617892 0.1935265064239502 278
1689089617906 0.192120760679245 279
1689089617920 0.19072136282920837 280
1689089617933 0.1893279254436493 281
1689089617945 0.1879410743713379 282
1689089617959 0.1865604668855667 283
1689089617973 0.18518678843975067 284
1689089617986 0.18381914496421814 285
1689089617999 0.18245886266231537 286
1689089618010 0.1811043620109558 287
1689089618026 0.17975731194019318 288
1689089618039 0.17841602861881256 289
1689089618053 0.1770821213722229 290
1689089618066 0.1757543981075287 291
1689089618078 0.17443394660949707 292
1689089618093 0.17311987280845642 293
1689089618106 0.17181307077407837 294
1689089618120 0.17051288485527039 295
1689089618134 0.16921989619731903 296
1689089618147 0.1679335981607437 297
1689089618189 0.16665463149547577 298
1689089618209 0.16538244485855103 299
1689089618228 0.16411760449409485 300
1689089618242 0.162859708070755 301
1689089618257 0.16160932183265686 302
1689089618271 0.16036590933799744 303
1689089618284 0.1591302752494812 304
1689089618299 0.15790125727653503 305
1689089618314 0.15668022632598877 306
1689089618326 0.15546581149101257 307
1689089618340 0.15425944328308105 308
1689089618353 0.15305966138839722 309
1689089618368 0.15186800062656403 310
1689089618382 0.15068307518959045 311
1689089618394 0.14950618147850037 312
1689089618408 0.1483362466096878 313
1689089618421 0.14717431366443634 314
1689089618434 0.14601942896842957 315
1689089618447 0.14487260580062866 316
1689089618460 0.14373287558555603 317
1689089618474 0.14260134100914001 318
1689089618488 0.14147694408893585 319
1689089618504 0.1403607726097107 320
1689089618520 0.13925179839134216 321
1689089618537 0.13815118372440338 322
1689089618555 0.13705766201019287 323
1689089618570 0.13597261905670166 324
1689089618585 0.13489468395709991 325
1689089618601 0.13382524251937866 326
1689089618618 0.1327628791332245 327
1689089618632 0.13170908391475677 328
1689089618646 0.13066253066062927 329
1689089618661 0.12962445616722107 330
1689089618675 0.12859375774860382 331
1689089618689 0.12757164239883423 332
1689089618702 0.1265568882226944 333
1689089618716 0.12555073201656342 334
1689089618728 0.12455210089683533 335
1689089618742 0.12356201559305191 336
1689089618756 0.12257950007915497 337
1689089618769 0.12160570919513702 338
1689089618783 0.12063934653997421 339
1689089618795 0.11968176811933517 340
1689089618809 0.1187317818403244 341
1689089618823 0.11779053509235382 342
1689089618836 0.11685680598020554 343
1689089618849 0.11593195796012878 344
1689089618861 0.1150146946310997 345
1689089618875 0.11410621553659439 346
1689089618888 0.11320538818836212 347
1689089618901 0.11231347173452377 348
1689089618914 0.11142924427986145 349
1689089618926 0.11055387556552887 350
1689089618941 0.10968625545501709 351
1689089618954 0.10882756114006042 352
1689089618968 0.10797663033008575 353
1689089618983 0.10713467001914978 354
1689089618997 0.1063004583120346 355
1689089619009 0.1054752990603447 356
1689089619025 0.10465783625841141 357
1689089619039 0.1038493886590004 358
1689089619052 0.10304871201515198 359
1689089619066 0.10225708037614822 360
1689089619079 0.10147318243980408 361
1689089619092 0.10069834440946579 362
1689089619105 0.09993128478527069 363
1689089619119 0.09917337447404861 364
1689089619131 0.09842316061258316 365
1689089619144 0.09768198430538177 366
1689089619158 0.09694870561361313 367
1689089619172 0.09622439742088318 368
1689089619185 0.09550800174474716 369
1689089619198 0.09480059891939163 370
1689089619210 0.09410100430250168 371
1689089619224 0.0934104472398758 372
1689089619237 0.09272761642932892 373
1689089619250 0.09205389767885208 374
1689089619264 0.09138786792755127 375
1689089619279 0.09073088318109512 376
1689089619292 0.09008154273033142 377
1689089619306 0.08944124728441238 378
1689089619319 0.0888085812330246 379
1689089619333 0.08818487823009491 380
1689089619345 0.08756883442401886 381
1689089619359 0.08696175366640091 382
1689089619372 0.08636223524808884 383
1689089619387 0.08577156811952591 384
1689089619400 0.08518847078084946 385
1689089619413 0.08461417257785797 386
1689089619426 0.08404741436243057 387
1689089619439 0.08348937332630157 388
1689089619453 0.08293872326612473 389
1689089619467 0.08239681273698807 390
1689089619479 0.08186217397451401 391
1689089619491 0.08133617788553238 392
1689089619505 0.08081737160682678 393
1689089619519 0.08030715584754944 394
1689089619532 0.07980407774448395 395
1689089619544 0.07930946350097656 396
1689089619559 0.07882194221019745 397
1689089619572 0.07834277302026749 398
1689089619586 0.07787058502435684 399
1689089619600 0.07740670442581177 400
1689089619612 0.07694974541664124 401
1689089619625 0.07650097459554672 402
1689089619639 0.0760590210556984 403
1689089619653 0.07562524080276489 404
1689089619666 0.07519817352294922 405
1689089619678 0.07477926462888718 406
1689089619691 0.07436703145503998 407
1689089619705 0.07396288216114044 408
1689089619718 0.07356543838977814 409
1689089619732 0.07317610085010529 410
1689089619743 0.07279346883296967 411
1689089619757 0.07241889089345932 412
1689089619771 0.0720510482788086 413
1689089619784 0.07169121503829956 414
1689089619797 0.0713382363319397 415
1689089619810 0.07099318504333496 416
1689089619823 0.07065507769584656 417
1689089619837 0.07032492756843567 418
1689089619851 0.07000164687633514 419
1689089619864 0.06968648731708527 420
1689089619876 0.06937810778617859 421
1689089619890 0.06907782703638077 422
1689089619903 0.06878446042537689 423
1689089619916 0.06849904358386993 424
1689089619929 0.0682205855846405 425
1689089619942 0.06795014441013336 426
1689089619955 0.06768657267093658 427
1689089619968 0.06743095070123672 428
1689089619981 0.067182257771492 429
1689089620333 0.06694146990776062 430
1689089620350 0.06670757383108139 431
1689089620364 0.06648150086402893 432
1689089620377 0.06626226752996445 433
1689089620392 0.06605079770088196 434
1689089620406 0.06584613025188446 435
1689089620421 0.0656491070985794 436
1689089620436 0.06545878946781158 437
1689089620451 0.06527607142925262 438
1689089620467 0.06509990990161896 439
1689089620480 0.06493121385574341 440
1689089620492 0.06476899981498718 441
1689089620508 0.06461406499147415 442
1689089620521 0.06446556001901627 443
1689089620534 0.06432410329580307 444
1689089620548 0.06418886035680771 445
1689089620560 0.06406055390834808 446
1689089620574 0.06393831223249435 447
1689089620588 0.06382273137569427 448
1689089620601 0.06371305882930756 449
1689089620614 0.063609778881073 450
1689089620625 0.06351214647293091 451
1689089620639 0.06342070549726486 452
1689089620652 0.0633346289396286 453
1689089620666 0.06325448304414749 454
1689089620678 0.06317941099405289 455
1689089620691 0.06310988962650299 456
1689089620704 0.0630451962351799 457
1689089620718 0.06298568099737167 458
1689089620731 0.06293069571256638 459
1689089620744 0.0628805011510849 460
1689089620757 0.06283439695835114 461
1689089620773 0.06279277801513672 462
1689089620786 0.06275483220815659 463
1689089620799 0.06272093206644058 464
1689089620811 0.06269031763076782 465
1689089620824 0.06266334652900696 466
1689089620837 0.06263922899961472 467
1689089620850 0.06261830031871796 468
1689089620862 0.06259976327419281 469
1689089620875 0.06258393824100494 470
1689089620889 0.06257017701864243 471
1689089620903 0.0625585988163948 472
1689089620916 0.06254874169826508 473
1689089620928 0.06254063546657562 474
1689089620942 0.06253383308649063 475
1689089620956 0.06252838671207428 476
1689089621003 0.06252395361661911 477
1689089621030 0.06252053380012512 478
1689089621048 0.06251779943704605 479
1689089621068 0.06251578778028488 480
1689089621086 0.0625142753124237 481
1689089621101 0.06251318752765656 482
1689089621116 0.06251242756843567 483
1689089621130 0.06251198053359985 484
1689089621143 0.06251169741153717 485
1689089621157 0.06251154094934464 486
1689089621171 0.06251157075166702 487
1689089621186 0.06251160800457001 488
1689089621200 0.06251180171966553 489
1689089621216 0.06251190602779388 490
1689089621231 0.0625120997428894 491
1689089621244 0.06251222640275955 492
1689089621258 0.06251244992017746 493
1689089621270 0.06251254677772522 494
1689089621285 0.06251278519630432 495
1689089621298 0.06251290440559387 496
1689089621313 0.0625130757689476 497
1689089621325 0.06251314282417297 498
1689089621338 0.0625133216381073 499
