1689089613387 1.082275152206421 0
1689089613415 1.0719830989837646 1
1689089613428 1.064640998840332 2
1689089613442 1.0585561990737915 3
1689089613456 1.0531963109970093 4
1689089613469 1.0483160018920898 5
1689089613483 1.0437783002853394 6
1689089613495 1.0394985675811768 7
1689089613530 1.0354198217391968 8
1689089613543 1.0315021276474 9
1689089613557 1.027716040611267 10
1689089613569 1.0240391492843628 11
1689089613583 1.0204540491104126 12
1689089613595 1.016946792602539 13
1689089613608 1.0135064125061035 14
1689089613622 1.0101234912872314 15
1689089613636 1.0067906379699707 16
1689089613649 1.003501057624817 17
1689089613661 1.0002493858337402 18
1689089613676 0.9970308542251587 19
1689089613693 0.9938414096832275 20
1689089613706 0.9906774163246155 21
1689089613719 0.9875356554985046 22
1689089613773 0.9844133257865906 23
1689089613786 0.9813079237937927 24
1689089613800 0.9782169461250305 25
1689089613812 0.9751383066177368 26
1689089613826 0.9720699787139893 27
1689089613840 0.9690099358558655 28
1689089613853 0.9659567475318909 29
1689089613866 0.962908148765564 30
1689089613878 0.9598625898361206 31
1689089613892 0.9568184614181519 32
1689089613907 0.9537738561630249 33
1689089613921 0.9507268667221069 34
1689089613934 0.9476760625839233 35
1689089613948 0.944619357585907 36
1689089613960 0.9415550231933594 37
1689089613974 0.9384814500808716 38
1689089613987 0.9353970289230347 39
1689089614000 0.9323000907897949 40
1689089614012 0.9291900396347046 41
1689089614027 0.9260663390159607 42
1689089614041 0.9229285717010498 43
1689089614054 0.9197779893875122 44
1689089614068 0.9166154861450195 45
1689089614081 0.9134433269500732 46
1689089614094 0.9102634787559509 47
1689089614108 0.9070784449577332 48
1689089614184 0.9038910269737244 49
1689089614196 0.9007033109664917 50
1689089614210 0.8975175619125366 51
1689089614224 0.8943353891372681 52
1689089614237 0.8911586999893188 53
1689089614251 0.8879882097244263 54
1689089614264 0.8848252892494202 55
1689089614279 0.8816704154014587 56
1689089614292 0.8785242438316345 57
1689089614306 0.8753871917724609 58
1689089614319 0.8722594976425171 59
1689089614333 0.8691415786743164 60
1689089614345 0.8660333752632141 61
1689089614359 0.8629351258277893 62
1689089614373 0.8598467707633972 63
1689089614387 0.8567683696746826 64
1689089614399 0.8537000417709351 65
1689089614412 0.8506417274475098 66
1689089614426 0.8475931882858276 67
1689089614440 0.8445547819137573 68
1689089614453 0.8415260910987854 69
1689089614467 0.838507354259491 70
1689089614479 0.8354983329772949 71
1689089614492 0.8324992060661316 72
1689089614505 0.8295098543167114 73
1689089614518 0.8265300393104553 74
1689089614531 0.8235598802566528 75
1689089614545 0.8205993175506592 76
1689089614558 0.8176482915878296 77
1689089614572 0.8147066831588745 78
1689089614589 0.8117746114730835 79
1689089614605 0.8088517189025879 80
1689089614620 0.8059383630752563 81
1689089614634 0.8030341863632202 82
1689089614646 0.800139307975769 83
1689089614659 0.7972535490989685 84
1689089614673 0.7943768501281738 85
1689089614686 0.7915093898773193 86
1689089614699 0.7886509895324707 87
1689089614711 0.7858015894889832 88
1689089614819 0.7829611301422119 89
1689089614833 0.7801294326782227 90
1689089614846 0.7773067951202393 91
1689089614859 0.7744930982589722 92
1689089614874 0.771687924861908 93
1689089614887 0.7688915729522705 94
1689089614903 0.766103982925415 95
1689089614918 0.7633249163627625 96
1689089614931 0.7605545520782471 97
1689089614944 0.757792592048645 98
1689089614958 0.755039393901825 99
1689089614971 0.7522944211959839 100
1689089614984 0.7495578527450562 101
1689089614996 0.7468297481536865 102
1689089615009 0.7441099286079407 103
1689089615022 0.741398274898529 104
1689089615036 0.7386949062347412 105
1689089615050 0.7359997034072876 106
1689089615062 0.7333123683929443 107
1689089615076 0.7306332588195801 108
1689089615089 0.7279620170593262 109
1689089615103 0.7252985239028931 110
1689089615117 0.7226430773735046 111
1689089615130 0.7199953198432922 112
1689089615146 0.7173551321029663 113
1689089615162 0.7147225737571716 114
1689089615177 0.7120975255966187 115
1689089615193 0.7094798684120178 116
1689089615212 0.7068696022033691 117
1689089615229 0.7042666077613831 118
1689089615252 0.7016706466674805 119
1689089615275 0.6990817189216614 120
1689089615296 0.696499764919281 121
1689089615311 0.6939246654510498 122
1689089615328 0.6913561820983887 123
1689089615342 0.6887944936752319 124
1689089615356 0.6862392425537109 125
1689089615370 0.6836903095245361 126
1689089615384 0.6811476945877075 127
1689089615397 0.6786110401153564 128
1689089615410 0.676080584526062 129
1689089615424 0.6735559701919556 130
1689089615438 0.6710371971130371 131
1689089615452 0.6685241460800171 132
1689089615466 0.6660166382789612 133
1689089615479 0.6635146141052246 134
1689089615492 0.6610180139541626 135
1689089615505 0.6585267782211304 136
1689089615519 0.6560408473014832 137
1689089615533 0.6535601615905762 138
1689089615545 0.6510846614837646 139
1689089615558 0.6486143469810486 140
1689089615572 0.6461492776870728 141
1689089615585 0.6436892747879028 142
1689089615598 0.6412345767021179 143
1689089615610 0.6387850046157837 144
1689089615624 0.6363407373428345 145
1689089615823 0.6339017748832703 146
1689089615837 0.6314682960510254 147
1689089615850 0.6290401220321655 148
1689089615865 0.6266176104545593 149
1689089615877 0.6242007613182068 150
1689089615890 0.6217896342277527 151
1689089615904 0.6193841695785522 152
1689089615918 0.6169847249984741 153
1689089615930 0.6145913600921631 154
1689089615943 0.6122039556503296 155
1689089615957 0.6098228693008423 156
1689089615970 0.6074481010437012 157
1689089615984 0.6050796508789062 158
1689089615997 0.6027178168296814 159
1689089616010 0.6003623008728027 160
1689089616024 0.5980134010314941 161
1689089616037 0.5956711769104004 162
1689089616051 0.593335747718811 163
1689089616064 0.5910070538520813 164
1689089616078 0.588685154914856 165
1689089616091 0.5863701105117798 166
1689089616105 0.5840619802474976 167
1689089616118 0.5817607045173645 168
1689089616132 0.5794663429260254 169
1689089616144 0.5771788358688354 170
1689089616157 0.574898362159729 171
1689089616171 0.5726247429847717 172
1689089616184 0.5703582167625427 173
1689089616196 0.5680986046791077 174
1689089616209 0.5658459663391113 175
1689089616222 0.5636001825332642 176
1689089616235 0.56136155128479 177
1689089616249 0.5591297149658203 178
1689089616262 0.5569048523902893 179
1689089616274 0.554686963558197 180
1689089616292 0.5524759292602539 181
1689089616312 0.5502718687057495 182
1689089616335 0.5480746030807495 183
1689089616358 0.545884370803833 184
1689089616382 0.5437009334564209 185
1689089616400 0.5415242910385132 186
1689089616417 0.539354681968689 187
1689089616431 0.5371918678283691 188
1689089616444 0.5350357294082642 189
1689089616458 0.5328866243362427 190
1689089616472 0.5307443141937256 191
1689089616486 0.5286087989807129 192
1689089616499 0.5264800786972046 193
1689089616511 0.5243581533432007 194
1689089616524 0.5222430229187012 195
1689089616538 0.520134687423706 196
1689089616551 0.5180330276489258 197
1689089616566 0.5159382820129395 198
1689089616581 0.513850212097168 199
1689089616593 0.5117686986923218 200
1689089616607 0.5096940994262695 201
1689089616620 0.5076261162757874 202
1689089616633 0.50556480884552 203
1689089616645 0.5035101771354675 204
1689089616658 0.5014621019363403 205
1689089616673 0.49942076206207275 206
1689089616686 0.4973858594894409 207
1689089616699 0.49535757303237915 208
1689089616711 0.4933359622955322 209
1689089616724 0.49132072925567627 210
1689089616737 0.4893120527267456 211
1689089616751 0.48730987310409546 212
1689089616763 0.4853140413761139 213
1689089616776 0.48332470655441284 214
1689089616790 0.4813416600227356 215
1689089616803 0.4793650209903717 216
1689089616817 0.47739464044570923 217
1689089616829 0.47543060779571533 218
1689089616843 0.4734727144241333 219
1689089616856 0.47152090072631836 220
1689089616870 0.4695754945278168 221
1689089616884 0.46763551235198975 222
1689089616897 0.46570318937301636 223
1689089616909 0.463772714138031 224
1689089616923 0.4618587791919708 225
1689089616936 0.4599362015724182 226
1689089616950 0.45803365111351013 227
1689089616962 0.45612668991088867 228
1689089616974 0.45423102378845215 229
1689089616988 0.4523370862007141 230
1689089617002 0.4504507780075073 231
1689089617016 0.4485677480697632 232
1689089617028 0.44669097661972046 233
1689089617041 0.4448179304599762 234
1689089617055 0.44295036792755127 235
1689089617068 0.44108617305755615 236
1689089617083 0.43922698497772217 237
1689089617095 0.4373703896999359 238
1689089617108 0.4355185031890869 239
1689089617122 0.4336678683757782 240
1689089617134 0.43182194232940674 241
1689089617149 0.42997485399246216 242
1689089617163 0.428134024143219 243
1689089617176 0.42628687620162964 244
1689089617189 0.42445072531700134 245
1689089617203 0.42260122299194336 246
1689089617216 0.4207652807235718 247
1689089617228 0.4189144968986511 248
1689089617241 0.41707324981689453 249
1689089617254 0.41521984338760376 250
1689089617267 0.4133718013763428 251
1689089617281 0.4115133285522461 252
1689089617293 0.40965795516967773 253
1689089617308 0.40779247879981995 254
1689089617323 0.4059293270111084 255
1689089617336 0.40405499935150146 256
1689089617350 0.4021836519241333 257
1689089617362 0.4002991318702698 258
1689089617375 0.39841949939727783 259
1689089617389 0.39652305841445923 260
1689089617402 0.39463570713996887 261
1689089617415 0.3927258253097534 262
1689089617428 0.39083218574523926 263
1689089617442 0.3889080882072449 264
1689089617456 0.3870086669921875 265
1689089617468 0.38507211208343506 266
1689089617744 0.3831644654273987 267
1689089617759 0.38121896982192993 268
1689089617773 0.3793000876903534 269
1689089617787 0.37734758853912354 270
1689089617801 0.37541669607162476 271
1689089617813 0.37345758080482483 272
1689089617826 0.37151557207107544 273
1689089617839 0.3695495128631592 274
1689089617852 0.3675980269908905 275
1689089617866 0.36562466621398926 276
1689089617879 0.36366507411003113 277
1689089617892 0.3616839647293091 278
1689089617906 0.3597177267074585 279
1689089617920 0.3577286899089813 280
1689089617933 0.35575729608535767 281
1689089617945 0.3537595570087433 282
1689089617959 0.3517848253250122 283
1689089617973 0.3497779965400696 284
1689089617986 0.34780144691467285 285
1689089617999 0.3457856774330139 286
1689089618010 0.343807578086853 287
1689089618026 0.34178441762924194 288
1689089618039 0.339802622795105 289
1689089618053 0.3377746343612671 290
1689089618066 0.33578619360923767 291
1689089618078 0.3337550461292267 292
1689089618093 0.3317587375640869 293
1689089618106 0.32972443103790283 294
1689089618120 0.32772091031074524 295
1689089618134 0.32568272948265076 296
1689089618147 0.3236731290817261 297
1689089618189 0.32163006067276 298
1689089618209 0.3196159303188324 299
1689089618228 0.31756702065467834 300
1689089618242 0.3155499994754791 301
1689089618257 0.3134945333003998 302
1689089618271 0.31147605180740356 303
1689089618284 0.30941373109817505 304
1689089618299 0.30739450454711914 305
1689089618314 0.30532562732696533 306
1689089618326 0.3033052682876587 307
1689089618340 0.30123141407966614 308
1689089618353 0.2992079555988312 309
1689089618368 0.29713088274002075 310
1689089618382 0.29510265588760376 311
1689089618394 0.29302313923835754 312
1689089618408 0.29098963737487793 313
1689089618421 0.288907527923584 314
1689089618434 0.2868694067001343 315
1689089618447 0.2847840189933777 316
1689089618460 0.2843778729438782 317
1689089618474 0.2823851704597473 318
1689089618488 0.28279221057891846 319
1689089618504 0.2807125747203827 320
1689089618520 0.28120118379592896 321
1689089618537 0.27901411056518555 322
1689089618555 0.27958497405052185 323
1689089618570 0.27731311321258545 324
1689089618585 0.2779267430305481 325
1689089618601 0.27562808990478516 326
1689089618618 0.2762259244918823 327
1689089618632 0.273956835269928 328
1689089618646 0.27449873089790344 329
1689089618661 0.2722817659378052 330
1689089618675 0.2727636694908142 331
1689089618689 0.27058467268943787 332
1689089618702 0.2710320055484772 333
1689089618716 0.2688549757003784 334
1689089618728 0.26930513978004456 335
1689089618742 0.2670907974243164 336
1689089618756 0.26757699251174927 337
1689089618769 0.26529812812805176 338
1689089618783 0.26583653688430786 339
1689089618795 0.2634892463684082 340
1689089618809 0.26407134532928467 341
1689089618823 0.2616782486438751 342
1689089618836 0.26227450370788574 343
1689089618849 0.2598707377910614 344
1689089618861 0.26044994592666626 345
1689089618875 0.2580614686012268 346
1689089618888 0.2586081027984619 347
1689089618901 0.25623923540115356 348
1689089618914 0.2567588686943054 349
1689089618926 0.254393994808197 350
1689089618941 0.2549068331718445 351
1689089618954 0.2525216341018677 352
1689089618968 0.2530505657196045 353
1689089618983 0.2506238520145416 354
1689089618997 0.25118371844291687 355
1689089619009 0.25 356
1689089619025 0.2500000298023224 357
1689089619039 0.2499999850988388 358
1689089619052 0.25 359
1689089619066 0.2499999850988388 360
1689089619079 0.25 361
1689089619092 0.2499999701976776 362
1689089619105 0.2499999701976776 363
1689089619119 0.2500000298023224 364
1689089619131 0.2500000298023224 365
1689089619144 0.25 366
1689089619158 0.25 367
1689089619172 0.24999994039535522 368
1689089619185 0.2499999701976776 369
1689089619198 0.2499999850988388 370
1689089619210 0.2499999701976776 371
1689089619224 0.2499999701976776 372
1689089619237 0.24999995529651642 373
1689089619250 0.2499999701976776 374
1689089619264 0.25 375
1689089619279 0.2500000298023224 376
1689089619292 0.2499999701976776 377
1689089619306 0.25 378
1689089619319 0.25 379
1689089619333 0.25 380
1689089619345 0.2499999701976776 381
1689089619359 0.2500000298023224 382
1689089619372 0.2500000298023224 383
1689089619387 0.2499999701976776 384
1689089619400 0.2499999850988388 385
1689089619413 0.2499999701976776 386
1689089619426 0.25 387
1689089619439 0.25 388
1689089619453 0.25 389
1689089619467 0.25 390
1689089619479 0.25 391
1689089619491 0.2500000298023224 392
1689089619505 0.2499999701976776 393
1689089619519 0.2499999850988388 394
1689089619532 0.2499999850988388 395
1689089619544 0.2499999701976776 396
1689089619559 0.2499999701976776 397
1689089619572 0.25 398
1689089619586 0.2499999701976776 399
1689089619600 0.2499999701976776 400
1689089619612 0.25 401
1689089619625 0.2500000298023224 402
1689089619639 0.2499999850988388 403
1689089619653 0.2500000298023224 404
1689089619666 0.25 405
1689089619678 0.25 406
1689089619691 0.2499999701976776 407
1689089619705 0.2499999701976776 408
1689089619718 0.24999992549419403 409
1689089619732 0.2499999701976776 410
1689089619743 0.2499999850988388 411
1689089619757 0.2500000298023224 412
1689089619771 0.2500000596046448 413
1689089619784 0.25 414
1689089619797 0.2500000596046448 415
1689089619810 0.2499999701976776 416
1689089619823 0.2500000298023224 417
1689089619837 0.2499999701976776 418
1689089619851 0.24999994039535522 419
1689089619864 0.2500000596046448 420
1689089619876 0.2499999701976776 421
1689089619890 0.25 422
1689089619903 0.2500000596046448 423
1689089619916 0.25 424
1689089619929 0.25 425
1689089619942 0.2500000596046448 426
1689089619955 0.2500000298023224 427
1689089619968 0.25 428
1689089619981 0.25 429
1689089620333 0.25 430
1689089620350 0.25 431
1689089620364 0.25 432
1689089620377 0.2499999850988388 433
1689089620392 0.25 434
1689089620406 0.25 435
1689089620421 0.25 436
1689089620436 0.2499999701976776 437
1689089620451 0.2500000298023224 438
1689089620467 0.2499999850988388 439
1689089620480 0.25 440
1689089620492 0.2499999701976776 441
1689089620508 0.24999995529651642 442
1689089620521 0.2500000298023224 443
1689089620534 0.2500000596046448 444
1689089620548 0.2499999701976776 445
1689089620560 0.25 446
1689089620574 0.25 447
1689089620588 0.2499999850988388 448
1689089620601 0.2500000298023224 449
1689089620614 0.25 450
1689089620625 0.2499999701976776 451
1689089620639 0.25 452
1689089620652 0.2499999701976776 453
1689089620666 0.25 454
1689089620678 0.25 455
1689089620691 0.25 456
1689089620704 0.2500000298023224 457
1689089620718 0.2499999850988388 458
1689089620731 0.2500000596046448 459
1689089620744 0.2500000596046448 460
1689089620757 0.25 461
1689089620773 0.2500000298023224 462
1689089620786 0.2499999701976776 463
1689089620799 0.2499999850988388 464
1689089620811 0.24999994039535522 465
1689089620824 0.25 466
1689089620837 0.24999995529651642 467
1689089620850 0.2500000596046448 468
1689089620862 0.25 469
1689089620875 0.25 470
1689089620889 0.25 471
1689089620903 0.2499999701976776 472
1689089620916 0.2500000298023224 473
1689089620928 0.25 474
1689089620942 0.25 475
1689089620956 0.2499999701976776 476
1689089621003 0.2499999850988388 477
1689089621030 0.25 478
1689089621048 0.25 479
1689089621068 0.25 480
1689089621086 0.2500000298023224 481
1689089621101 0.25 482
1689089621116 0.2499999701976776 483
1689089621130 0.2500000298023224 484
1689089621143 0.25 485
1689089621157 0.24999995529651642 486
1689089621171 0.25 487
1689089621186 0.25 488
1689089621200 0.2500000596046448 489
1689089621216 0.2500000596046448 490
1689089621231 0.25 491
1689089621244 0.25 492
1689089621258 0.2499999850988388 493
1689089621270 0.24999995529651642 494
1689089621285 0.2499999701976776 495
1689089621298 0.2500000596046448 496
1689089621313 0.2499999701976776 497
1689089621325 0.25 498
1689089621338 0.25 499
