1689264574457 8.67654037475586 0
1689264574677 5.642393112182617 1
1689264574890 4.044231414794922 2
1689264575112 3.397988796234131 3
1689264575334 2.977576494216919 4
1689264575575 2.499962091445923 5
1689264575790 2.1252095699310303 6
1689264576017 1.8834666013717651 7
1689264576238 1.7006031274795532 8
1689264576466 1.5565279722213745 9
1689264576687 1.439316749572754 10
1689264576914 1.3424875736236572 11
1689264577140 1.2564375400543213 12
1689264577365 1.1823047399520874 13
1689264577600 1.1132129430770874 14
1689264577824 1.0438673496246338 15
1689264578044 0.9769622683525085 16
1689264578275 0.9057868123054504 17
1689264578491 0.831832230091095 18
1689264578724 0.7560850977897644 19
1689264578949 0.6766079068183899 20
1689264579167 0.5965967774391174 21
1689264579385 0.5187932848930359 22
1689264579599 0.4443442225456238 23
1689264579831 0.37405452132225037 24
1689264580042 0.31367847323417664 25
1689264580271 0.2618824243545532 26
1689264580492 0.2203654944896698 27
1689264580718 0.18641729652881622 28
1689264580927 0.15846838057041168 29
1689264581141 0.1356576383113861 30
1689264581410 0.11719345301389694 31
1689264581640 0.10189119726419449 32
1689264581874 0.08896594494581223 33
1689264582089 0.07769282907247543 34
1689264582311 0.06856365501880646 35
1689264582544 0.06045278161764145 36
1689264582765 0.053612787276506424 37
1689264583003 0.047674696892499924 38
1689264583226 0.04233141988515854 39
1689264583449 0.03778817877173424 40
1689264583677 0.03366729989647865 41
1689264583912 0.030139219015836716 42
1689264584139 0.026951445266604424 43
1689264584368 0.024040084332227707 44
1689264584579 0.021540755406022072 45
1689264584793 0.01929149031639099 46
1689264585016 0.017328929156064987 47
1689264585227 0.015548929572105408 48
1689264585445 0.013989543542265892 49
1689264585675 0.012523464858531952 50
1689264585912 0.011267689056694508 51
1689264586132 0.010058769024908543 52
1689264586352 0.009043583646416664 53
1689264586585 0.008115818724036217 54
1689264586810 0.007278242148458958 55
1689264587042 0.0064926473423838615 56
1689264587275 0.005833389703184366 57
1689264587502 0.005227496847510338 58
1689264587726 0.004705345258116722 59
1689264587956 0.004223064985126257 60
1689264588179 0.0038014512974768877 61
1689264588407 0.0034164413809776306 62
1689264588641 0.0030729984864592552 63
1689264588859 0.002754084300249815 64
1689264589091 0.002476051216945052 65
1689264589319 0.00222723837941885 66
1689264589533 0.002009626943618059 67
1689264589766 0.0018076034029945731 68
1689264589984 0.0016145402332767844 69
