1689264574457 2.7022757530212402 0
1689264574677 2.086914539337158 1
1689264574890 1.6784971952438354 2
1689264575112 1.5130330324172974 3
1689264575334 1.4084724187850952 4
1689264575575 1.2884248495101929 5
1689264575790 1.1917892694473267 6
1689264576017 1.126383662223816 7
1689264576238 1.0797878503799438 8
1689264576466 1.0387086868286133 9
1689264576687 1.0044726133346558 10
1689264576914 0.9765827655792236 11
1689264577140 0.9477503895759583 12
1689264577365 0.9223081469535828 13
1689264577600 0.8969021439552307 14
1689264577824 0.8684594631195068 15
1689264578044 0.8406081199645996 16
1689264578275 0.8084595799446106 17
1689264578491 0.7730861902236938 18
1689264578724 0.7340359687805176 19
1689264578949 0.6901203393936157 20
1689264579167 0.6428436636924744 21
1689264579385 0.5920132398605347 22
1689264579599 0.5391792058944702 23
1689264579831 0.4843221604824066 24
1689264580042 0.42959994077682495 25
1689264580271 0.37767907977104187 26
1689264580492 0.3317478597164154 27
1689264580718 0.29078489542007446 28
1689264580927 0.25379279255867004 29
1689264581141 0.22106756269931793 30
1689264581410 0.1935771405696869 31
1689264581640 0.16910631954669952 32
1689264581874 0.14975877106189728 33
1689264582089 0.13706019520759583 34
1689264582311 0.12970779836177826 35
1689264582544 0.12309646606445312 36
1689264582765 0.11702703684568405 37
1689264583003 0.11087449640035629 38
1689264583226 0.10500024259090424 39
1689264583449 0.09864892810583115 40
1689264583677 0.09338868409395218 41
1689264583912 0.08856239169836044 42
1689264584139 0.08359460532665253 43
1689264584368 0.078671894967556 44
1689264584579 0.07433958351612091 45
1689264584793 0.07027951627969742 46
1689264585016 0.06583753228187561 47
1689264585227 0.06225402653217316 48
1689264585445 0.05862551927566528 49
1689264585675 0.0544840469956398 50
1689264585912 0.05032520368695259 51
1689264586132 0.046929001808166504 52
1689264586352 0.04397210478782654 53
1689264586585 0.04065874591469765 54
1689264586810 0.03787335008382797 55
1689264587042 0.03554949909448624 56
1689264587275 0.03307851403951645 57
1689264587502 0.03042258508503437 58
1689264587726 0.029119938611984253 59
1689264587956 0.026417134329676628 60
1689264588179 0.025124359875917435 61
1689264588407 0.023330554366111755 62
1689264588641 0.02224624902009964 63
1689264588859 0.020314155146479607 64
1689264589091 0.019073331728577614 65
1689264589319 0.01795642450451851 66
1689264589533 0.017071105539798737 67
1689264589766 0.01593683287501335 68
1689264589984 0.014962776564061642 69
