1689866255862 1.0823538303375244 0
1689866256177 1.0510972738265991 1
1689866256477 1.0350942611694336 2
1689866256790 1.0379098653793335 3
1689866257122 1.026944637298584 4
1689866257440 1.0394060611724854 5
1689866257760 1.0553547143936157 6
1689866258078 1.024206280708313 7
1689866258389 1.0260372161865234 8
1689866258712 1.0452135801315308 9
1689866259032 1.0251318216323853 10
1689866259344 1.0228557586669922 11
1689866259653 1.0210806131362915 12
1689866259960 1.0303484201431274 13
1689866260320 1.0346043109893799 14
1689866260655 1.0177364349365234 15
1689866260977 1.0143529176712036 16
1689866261273 1.0068843364715576 17
1689866261602 1.0185264348983765 18
1689866261903 1.0191458463668823 19
1689866262222 1.023776650428772 20
1689866262538 1.01112699508667 21
1689866262853 1.008481740951538 22
1689866263172 1.0143070220947266 23
1689866263498 1.0065491199493408 24
1689866263870 1.0052798986434937 25
1689866264189 1.0148556232452393 26
1689866264504 1.007913589477539 27
1689866264825 0.9949681162834167 28
1689866265139 1.0036404132843018 29
1689866265446 1.0111160278320312 30
1689866265756 1.0003870725631714 31
1689866266073 1.0136940479278564 32
1689866266390 0.9989292025566101 33
1689866266712 0.9994867444038391 34
1689866267027 0.9936935901641846 35
1689866267370 1.0057554244995117 36
1689866267701 1.0100544691085815 37
1689866268005 0.9987762570381165 38
1689866268303 0.99078768491745 39
1689866268620 1.0068079233169556 40
1689866268938 0.9933183789253235 41
1689866269254 0.99334716796875 42
1689866269571 0.9980519413948059 43
1689866269885 0.997320294380188 44
1689866270204 0.9755874276161194 45
1689866270520 0.9932828545570374 46
1689866270868 0.9861165285110474 47
1689866271188 0.9903793334960938 48
1689866271530 0.9910179972648621 49
1689866271839 0.9872657060623169 50
1689866272440 0.9968054890632629 51
1689866272819 0.9868250489234924 52
1689866273194 1.0058096647262573 53
1689866273576 0.9937828779220581 54
1689866273950 0.9819996953010559 55
1689866274393 0.9975799918174744 56
1689866274762 0.9851624965667725 57
1689866275167 0.981112539768219 58
1689866275541 1.0034843683242798 59
1689866275881 0.9861399531364441 60
1689866276300 0.9874293804168701 61
1689866276643 0.9825772047042847 62
1689866277004 0.9953631162643433 63
1689866277410 0.9868841767311096 64
1689866277891 0.9817779064178467 65
1689866278291 0.9830077290534973 66
1689866278681 0.9740360379219055 67
1689866279012 0.9726788997650146 68
1689866279359 0.9810314774513245 69
1689866279709 0.9739130735397339 70
1689866280027 0.9734392762184143 71
1689866280480 0.9774399399757385 72
1689866280800 0.97141432762146 73
1689866281111 0.9795882105827332 74
1689866281454 0.9928812384605408 75
1689866281767 0.9694074988365173 76
1689866282097 0.9846315979957581 77
1689866282427 0.9760690927505493 78
1689866282741 0.9946110844612122 79
