1689602207179 1.508736491203308 0
1689602207465 1.3740980625152588 1
1689602207692 1.3832453489303589 2
1689602207914 1.347051978111267 3
1689602208143 1.3944276571273804 4
1689602208368 1.3917073011398315 5
1689602208593 1.386640191078186 6
1689602208873 1.3766499757766724 7
1689602209105 1.3681751489639282 8
1689602209338 1.357838749885559 9
1689602209567 1.3699582815170288 10
1689602209798 1.3851375579833984 11
1689602210017 1.3802740573883057 12
1689602210239 1.3686919212341309 13
1689602210475 1.361686110496521 14
1689602210693 1.3589695692062378 15
1689602210925 1.3520634174346924 16
1689602211139 1.3531506061553955 17
1689602211367 1.3647428750991821 18
1689602211596 1.3501365184783936 19
1689602211812 1.3638266324996948 20
1689602212045 1.3565499782562256 21
1689602212278 1.3545669317245483 22
1689602212514 1.3539272546768188 23
1689602212721 1.3942304849624634 24
1689602212933 1.3655322790145874 25
1689602213153 1.3625291585922241 26
1689602213374 1.3502033948898315 27
1689602213592 1.4279628992080688 28
