1689602207179 1.0456123352050781 0
1689602207465 1.0169028043746948 1
1689602207692 1.0079700946807861 2
1689602207914 1.0016142129898071 3
1689602208143 1.0184144973754883 4
1689602208368 1.0170156955718994 5
1689602208593 1.0113780498504639 6
1689602208873 1.006144404411316 7
1689602209105 1.0104820728302002 8
1689602209338 1.0089776515960693 9
1689602209567 1.010829210281372 10
1689602209798 1.0067203044891357 11
1689602210017 1.0148777961730957 12
1689602210239 1.010744333267212 13
1689602210475 1.0104998350143433 14
1689602210693 1.009751558303833 15
1689602210925 1.0011892318725586 16
1689602211139 1.0052011013031006 17
1689602211367 1.0126663446426392 18
1689602211596 1.0043399333953857 19
1689602211812 1.0110355615615845 20
1689602212045 1.0094138383865356 21
1689602212278 1.0074059963226318 22
1689602212514 1.0064043998718262 23
1689602212721 1.0209404230117798 24
1689602212933 1.0103561878204346 25
1689602213153 1.0095514059066772 26
1689602213374 1.0055524110794067 27
1689602213592 1.0303020477294922 28
