1690136260438 0.5000174641609192 0
1690136260510 0.4999231696128845 1
1690136260543 0.4998043179512024 2
1690136260575 0.4996137022972107 3
1690136260607 0.4993044435977936 4
1690136260639 0.4988292455673218 5
1690136260679 0.4981391131877899 6
1690136260703 0.4971815049648285 7
1690136260719 0.4959021508693695 8
1690136260735 0.4942505359649658 9
1690136260751 0.49218612909317017 10
1690136260767 0.48968610167503357 11
1690136260783 0.4867525100708008 12
1690136260807 0.4834153354167938 13
1690136260832 0.4797208905220032 14
1690136260864 0.4756813049316406 15
1690136260952 0.47118255496025085 16
1690136260976 0.46599623560905457 17
1690136260992 0.45993727445602417 18
1690136261008 0.45293107628822327 19
1690136261024 0.44501277804374695 20
1690136261040 0.43634068965911865 21
1690136261048 0.4272080063819885 22
1690136261072 0.4179745316505432 23
1690136261088 0.4087686836719513 24
1690136261104 0.39925655722618103 25
1690136261120 0.38919222354888916 26
1690136261136 0.3787066340446472 27
1690136261152 0.36810070276260376 28
1690136261168 0.35769179463386536 29
1690136261184 0.34773242473602295 30
1690136261200 0.338358998298645 31
1690136261216 0.32958436012268066 32
1690136261232 0.32135629653930664 33
1690136261248 0.3136503994464874 34
1690136261264 0.306512713432312 35
1690136261280 0.30002233386039734 36
1690136261296 0.294227659702301 37
1690136261312 0.28911226987838745 38
1690136261328 0.2846072018146515 39
1690136261344 0.28062787652015686 40
1690136261360 0.2771037220954895 41
1690136261376 0.27398648858070374 42
1690136261392 0.2712433338165283 43
1690136261416 0.26884639263153076 44
1690136261432 0.26676568388938904 45
1690136261448 0.2649671733379364 46
1690136261464 0.2634144425392151 47
1690136261480 0.26207149028778076 48
1690136261504 0.26090574264526367 49
1690136261520 0.2598892152309418 50
1690136261528 0.2589990496635437 51
1690136261544 0.25821709632873535 52
1690136261568 0.257528692483902 53
1690136261777 0.2569219172000885 54
1690136261809 0.25638657808303833 55
1690136261832 0.2559139132499695 56
1690136261856 0.255496084690094 57
1690136261872 0.25512605905532837 58
1690136261889 0.2547975480556488 59
1690136261913 0.25450509786605835 60
1690136261929 0.25424373149871826 61
1690136261945 0.2540093660354614 62
1690136261961 0.25379830598831177 63
1690136261977 0.25360754132270813 64
1690136261993 0.25343459844589233 65
1690136262009 0.2532772123813629 66
1690136262024 0.253133624792099 67
1690136262040 0.2530023157596588 68
1690136262056 0.25288188457489014 69
1690136262072 0.252771258354187 70
1690136262080 0.25266942381858826 71
1690136262096 0.252575546503067 72
1690136262116 0.25248876214027405 73
1690136262137 0.2524084150791168 74
1690136262153 0.2523338794708252 75
1690136262169 0.25226452946662903 76
1690136262185 0.2521998882293701 77
1690136262201 0.25213953852653503 78
1690136262217 0.2520829737186432 79
1690136262233 0.2520299255847931 80
1690136262249 0.2519799470901489 81
1690136262265 0.25193285942077637 82
1690136262281 0.25188836455345154 83
1690136262297 0.25184622406959534 84
1690136262313 0.25180619955062866 85
1690136262329 0.25176820158958435 86
1690136262345 0.2517320215702057 87
1690136262369 0.25169751048088074 88
1690136262385 0.25166454911231995 89
1690136262401 0.25163304805755615 90
1690136262425 0.2516028583049774 91
1690136262449 0.25157392024993896 92
1690136262473 0.25154611468315125 93
1690136262497 0.25151944160461426 94
1690136262521 0.25149375200271606 95
1690136262545 0.2514689862728119 96
1690136262561 0.25144508481025696 97
1690136262577 0.25142204761505127 98
1690136262601 0.2513997554779053 99
1690136262617 0.25137820839881897 100
1690136262625 0.2513573169708252 101
1690136262649 0.25133708119392395 102
1690136262665 0.25131741166114807 103
1690136262681 0.25129833817481995 104
1690136262697 0.2512798011302948 105
1690136262717 0.25126177072525024 106
1690136262729 0.2512442469596863 107
1690136262753 0.25122714042663574 108
1690136262777 0.251210480928421 109
1690136262793 0.2511942386627197 110
1690136262817 0.25117841362953186 111
1690136262833 0.25116291642189026 112
1690136262857 0.2511478364467621 113
1690136262873 0.2511330842971802 114
1690136262897 0.25111865997314453 115
1690136262913 0.25110456347465515 116
1690136262929 0.25109076499938965 117
1690136262961 0.2510772943496704 118
1690136262985 0.25106409192085266 119
1690136263001 0.2510511577129364 120
1690136263017 0.25103849172592163 121
1690136263041 0.25102609395980835 122
1690136263057 0.25101393461227417 123
1690136263073 0.2510020136833191 124
1690136263089 0.2509903311729431 125
1690136263427 0.25097888708114624 126
1690136263451 0.2509676218032837 127
1690136263467 0.25095659494400024 128
1690136263483 0.2509457468986511 129
1690136263499 0.2509351074695587 130
1690136263518 0.250924676656723 131
1690136263531 0.25091445446014404 132
1690136263547 0.250904381275177 133
1690136263563 0.2508944869041443 134
1690136263579 0.2508847415447235 135
1690136263595 0.25087523460388184 136
1690136263611 0.2508658170700073 137
1690136263627 0.2508566081523895 138
1690136263643 0.25084754824638367 139
1690136263659 0.25083860754966736 140
1690136263675 0.250829815864563 141
1690136263691 0.25082120299339294 142
1690136263715 0.25081270933151245 143
1690136263731 0.2508043646812439 144
1690136263747 0.2507961690425873 145
1690136263763 0.2507880926132202 146
1690136263779 0.2507801353931427 147
1690136263795 0.25077229738235474 148
1690136263811 0.2507646083831787 149
1690136263828 0.25075697898864746 150
1690136263844 0.25074952840805054 151
1690136263860 0.25074219703674316 152
1690136263876 0.25073495507240295 153
1690136263892 0.2507278025150299 154
1690136263900 0.2507207989692688 155
1690136263918 0.25071385502815247 156
1690136263932 0.2507070302963257 157
1690136263956 0.25070032477378845 158
1690136263972 0.2506937086582184 159
1690136263996 0.25068721175193787 160
1690136264004 0.2506807744503021 161
1690136264020 0.25067445635795593 162
1690136264036 0.2506681978702545 163
1690136264052 0.25066205859184265 164
1690136264068 0.25065600872039795 165
1690136264076 0.250650018453598 166
1690136264092 0.25064411759376526 167
1690136264108 0.25063830614089966 168
1690136264132 0.2506325840950012 169
1690136264148 0.25062695145606995 170
1690136264164 0.25062134861946106 171
1690136264180 0.2506158947944641 172
1690136264196 0.25061044096946716 173
1690136264212 0.25060510635375977 174
1690136264228 0.25059983134269714 175
1690136264244 0.2505946457386017 176
1690136264260 0.2505894899368286 177
1690136264276 0.2505844533443451 178
1690136264292 0.25057944655418396 179
1690136264308 0.25057452917099 180
1690136264324 0.2505696415901184 181
1690136264340 0.250564843416214 182
1690136264348 0.25056010484695435 183
1690136264364 0.2505554258823395 184
1690136264380 0.2505508363246918 185
1690136264396 0.25054624676704407 186
1690136264412 0.2505417466163635 187
1690136264428 0.25053730607032776 188
1690136264444 0.25053295493125916 189
1690136264468 0.25052860379219055 190
1690136264484 0.2505243122577667 191
1690136264500 0.25052011013031006 192
1690136264519 0.2505159378051758 193
1690136264532 0.2505118250846863 194
1690136264548 0.25050774216651917 195
1690136264564 0.2505037486553192 196
1690136264580 0.25049978494644165 197
1690136264596 0.2504958212375641 198
1690136264604 0.2504919767379761 199
