1689596985409 2.763592004776001 0
1689596985622 1.541744589805603 1
1689596985830 1.2333108186721802 2
1689596986036 1.1492558717727661 3
1689596986322 1.0785892009735107 4
1689596986537 1.003771424293518 5
1689596986755 0.9259357452392578 6
1689596986971 0.8351949453353882 7
1689596987204 0.7453616857528687 8
1689596987406 0.6530213356018066 9
1689596987629 0.558937132358551 10
1689596987852 0.46143385767936707 11
1689596988061 0.3657301366329193 12
1689596988285 0.2758159339427948 13
1689596988515 0.1991451531648636 14
1689596988722 0.1362888664007187 15
1689596988950 0.08958521485328674 16
1689596989179 0.0572870634496212 17
1689596989394 0.03685420751571655 18
1689596989608 0.024933621287345886 19
1689596989816 0.01750299707055092 20
1689596990027 0.012955239973962307 21
1689596990228 0.010015550069510937 22
1689596990440 0.007875061593949795 23
1689596990647 0.006296273786574602 24
1689596990849 0.005045334808528423 25
1689596991072 0.0040941848419606686 26
1689596991283 0.0033224348444491625 27
1689596991492 0.00261676125228405 28
1689596991699 0.002146838465705514 29
1689596991915 0.0017840699292719364 30
1689596992141 0.0015004028100520372 31
1689596992353 0.00126365153118968 32
1689596992564 0.0010761392768472433 33
1689596992773 0.0009158590692095459 34
1689596992972 0.0007919310592114925 35
1689596993205 0.0006779681425541639 36
1689596993406 0.0005863279802724719 37
1689596993608 0.0005105028976686299 38
1689596993821 0.00043312215711921453 39
1689596994025 0.000375132862245664 40
1689596994243 0.0003276161733083427 41
1689596994449 0.000285740417893976 42
1689596994652 0.00025124906096607447 43
1689596994860 0.0002187768986914307 44
1689596995083 0.00019443004566710442 45
1689596995295 0.000169865699717775 46
1689596995500 0.00015013437950983644 47
1689596995710 0.00013326507178135216 48
1689596995933 0.00011674740380840376 49
1689596996157 0.00010320419823983684 50
1689596996427 9.264465188607574e-05 51
1689596996643 8.095227531157434e-05 52
1689596996849 7.323863974306732e-05 53
1689596997076 6.484479672508314e-05 54
1689596997280 5.802324812975712e-05 55
1689596997491 5.140129360370338e-05 56
1689596997709 4.5882825361331925e-05 57
1689596997935 4.073990567121655e-05 58
1689596998162 3.600964191718958e-05 59
1689596998372 3.2360272598452866e-05 60
1689596998595 2.8662363547482528e-05 61
1689596998799 2.557534935476724e-05 62
1689596999024 2.2948992409510538e-05 63
1689596999235 2.0609189959941432e-05 64
1689596999438 1.8511009329813533e-05 65
1689596999653 1.6642519767628983e-05 66
1689596999874 1.4859640941722319e-05 67
1689597000085 1.3178389053791761e-05 68
1689597000307 1.2110876923543401e-05 69
1689597000526 1.0956373444059864e-05 70
1689597000735 9.745016541273799e-06 71
1689597000950 8.615888873464428e-06 72
1689597001159 7.914487468951847e-06 73
1689597001368 6.976760687393835e-06 74
1689597001571 6.2990820879349485e-06 75
1689597001785 5.61851402380853e-06 76
1689597001994 5.0868006837845314e-06 77
1689597002203 4.640142378775636e-06 78
1689597002427 4.052005351695698e-06 79
