1689596985409 1.3592734336853027 0
1689596985622 1.0508867502212524 1
1689596985830 0.9591116309165955 2
1689596986036 0.9285993576049805 3
1689596986322 0.8995189070701599 4
1689596986537 0.8659625053405762 5
1689596986755 0.833334743976593 6
1689596986971 0.7899706959724426 7
1689596987204 0.7451881766319275 8
1689596987406 0.6967166662216187 9
1689596987629 0.644125759601593 10
1689596987852 0.5824987292289734 11
1689596988061 0.5153989791870117 12
1689596988285 0.4439433515071869 13
1689596988515 0.3718613088130951 14
1689596988722 0.29907840490341187 15
1689596988950 0.23146483302116394 16
1689596989179 0.1736275851726532 17
1689596989394 0.12521791458129883 18
1689596989608 0.09036751091480255 19
1689596989816 0.06568020582199097 20
1689596990027 0.05071968585252762 21
1689596990228 0.04218714311718941 22
1689596990440 0.03464288264513016 23
1689596990647 0.030008696019649506 24
1689596990849 0.02560761757194996 25
1689596991072 0.02297576144337654 26
1689596991283 0.019782448187470436 27
1689596991492 0.01769242249429226 28
1689596991699 0.015464971773326397 29
1689596991915 0.013996860012412071 30
1689596992141 0.012635661289095879 31
1689596992353 0.011475577019155025 32
1689596992564 0.010575802065432072 33
1689596992773 0.00959177315235138 34
1689596992972 0.00926754530519247 35
1689596993205 0.008254914544522762 36
1689596993406 0.0076591321267187595 37
1689596993608 0.008109529502689838 38
1689596993821 0.006764334160834551 39
1689596994025 0.00598569680005312 40
1689596994243 0.005455984268337488 41
1689596994449 0.005373981315642595 42
1689596994652 0.004696989431977272 43
1689596994860 0.004267713520675898 44
1689596995083 0.0040649548172950745 45
1689596995295 0.003582172794267535 46
1689596995500 0.0034033325500786304 47
1689596995710 0.00334490230306983 48
1689596995933 0.002960190176963806 49
1689596996157 0.0026123765856027603 50
1689596996427 0.002615814795717597 51
1689596996643 0.002299614017829299 52
1689596996849 0.002302051056176424 53
1689596997076 0.0020741785410791636 54
1689596997280 0.0019242182606831193 55
1689596997491 0.0018026686739176512 56
1689596997709 0.0015954825794324279 57
1689596997935 0.001521622878499329 58
1689596998162 0.0013968038838356733 59
1689596998372 0.0014021359384059906 60
1689596998595 0.0012860809220001101 61
1689596998799 0.0012062359601259232 62
1689596999024 0.0010658091632649302 63
1689596999235 0.0010757104028016329 64
1689596999438 0.0010132420575246215 65
1689596999653 0.0009838608093559742 66
1689596999874 0.0008384014945477247 67
1689597000085 0.0007404808420687914 68
1689597000307 0.0008984463638626039 69
1689597000526 0.0008543151197955012 70
1689597000735 0.0007321115699596703 71
1689597000950 0.0005860598757863045 72
1689597001159 0.0005970620550215244 73
1689597001368 0.0005677258595824242 74
1689597001571 0.0005266391672194004 75
1689597001785 0.00046958791790530086 76
1689597001994 0.0005366994300857186 77
1689597002203 0.0005159221473149955 78
1689597002427 0.00046859969734214246 79
