1689085463173 0.19169020652770996 0
1689085463197 0.1815365105867386 1
1689085463211 0.17490951716899872 2
1689085463225 0.16978290677070618 3
1689085463238 0.1655346006155014 4
1689085463251 0.1618804633617401 5
1689085463264 0.15866339206695557 6
1689085463298 0.15578626096248627 7
1689085463312 0.15318411588668823 8
1689085463325 0.1508110910654068 9
1689085463339 0.14863337576389313 10
1689085463351 0.1466251164674759 11
1689085463365 0.14476601779460907 12
1689085463378 0.1430397778749466 13
1689085463390 0.1414329707622528 14
1689085463404 0.13993427157402039 15
1689085463416 0.1385340690612793 16
1689085463430 0.13722388446331024 17
1689085463442 0.13599629700183868 18
1689085463456 0.1348446011543274 19
1689085463507 0.13376259803771973 20
1689085463521 0.13274461030960083 21
1689085463533 0.13178527355194092 22
1689085463547 0.1308794915676117 23
1689085463561 0.13002236187458038 24
1689085463575 0.12920916080474854 25
1689085463588 0.12843520939350128 26
1689085463600 0.12769605219364166 27
1689085463614 0.12698735296726227 28
1689085463629 0.12630468606948853 29
1689085463646 0.12564392387866974 30
1689085463660 0.12500110268592834 31
1689085463674 0.12437242269515991 32
1689085463686 0.12375418841838837 33
1689085463698 0.12314321100711823 34
1689085463712 0.12253650277853012 35
1689085463725 0.12193145602941513 36
1689085463737 0.12132589519023895 37
1689085463749 0.12071799486875534 38
1689085463763 0.12010639905929565 39
1689085463777 0.11949008703231812 40
1689085463790 0.1188683956861496 41
1689085463804 0.11824103444814682 42
1689085463816 0.11760786920785904 43
1689085463831 0.11696899682283401 44
1689085463904 0.11632467806339264 45
1689085463917 0.11567530781030655 46
1689085463932 0.11502137035131454 47
1689085463946 0.11436332762241364 48
1689085463958 0.11370177567005157 49
1689085463971 0.11303716152906418 50
1689085463984 0.11237010359764099 51
1689085463998 0.1117011308670044 52
1689085464012 0.1110306903719902 53
1689085464027 0.11035934090614319 54
1689085464040 0.10968752205371857 55
1689085464052 0.10901569575071335 56
1689085464065 0.10834425687789917 57
1689085464078 0.10767361521720886 58
1689085464091 0.10700416564941406 59
1689085464104 0.10633625090122223 60
1689085464118 0.10567010194063187 61
1689085464131 0.10500616580247879 62
1689085464146 0.10434462130069733 63
1689085464159 0.10368572920560837 64
1689085464172 0.1030297577381134 65
1689085464186 0.10237690806388855 66
1689085464202 0.10172738134860992 67
1689085464219 0.10108135640621185 68
1689085464232 0.10043901205062866 69
1689085464246 0.0998004674911499 70
1689085464259 0.0991659089922905 71
1689085464272 0.09853541851043701 72
1689085464283 0.0979091078042984 73
1689085464299 0.0972871333360672 74
1689085464314 0.0966695174574852 75
1689085464328 0.09605641663074493 76
1689085464341 0.0954478532075882 77
1689085464353 0.09484396874904633 78
1689085464366 0.09424468129873276 79
1689085464380 0.09365019202232361 80
1689085464394 0.09306050091981888 81
1689085464407 0.09247562289237976 82
1689085464419 0.09189565479755402 83
1689085464433 0.09132057428359985 84
1689085464537 0.09075046330690384 85
1689085464553 0.09018532931804657 86
1689085464568 0.08962517976760864 87
1689085464589 0.08907005935907364 88
1689085464610 0.08852007240056992 89
1689085464633 0.08797507733106613 90
1689085464658 0.08743525296449661 91
1689085464676 0.08690052479505539 92
1689085464696 0.08637094497680664 93
1689085464711 0.08584652841091156 94
1689085464726 0.08532731980085373 95
1689085464743 0.08481329679489136 96
1689085464758 0.08430454879999161 97
1689085464773 0.0838010385632515 98
1689085464785 0.08330287039279938 99
1689085464799 0.0828099399805069 100
1689085464813 0.08232243359088898 101
1689085464827 0.08184026181697845 102
1689085464840 0.08136351406574249 103
1689085464851 0.08089222013950348 104
1689085464865 0.08042637258768082 105
1689085464878 0.07996602356433868 106
1689085464906 0.07951124012470245 107
1689085464927 0.07906202971935272 108
1689085464946 0.0786183774471283 109
1689085464961 0.07818042486906052 110
1689085464975 0.0777481347322464 111
1689085464989 0.07732155919075012 112
1689085465002 0.07690076529979706 113
1689085465015 0.0764857605099678 114
1689085465028 0.07607656717300415 115
1689085465042 0.07567322254180908 116
1689085465055 0.07527579367160797 117
1689085465067 0.07488426566123962 118
1689085465080 0.07449871301651001 119
1689085465094 0.0741191878914833 120
1689085465107 0.07374566793441772 121
1689085465121 0.07337825000286102 122
1689085465133 0.07301685214042664 123
1689085465146 0.0726616382598877 124
1689085465160 0.0723126232624054 125
1689085465174 0.07197006046772003 126
1689085465186 0.07163640856742859 127
1689085465199 0.07132025808095932 128
1689085465213 0.07104215770959854 129
1689085465226 0.07069388777017593 130
1689085465239 0.07037524878978729 131
1689085465251 0.07006888091564178 132
1689085465265 0.06977178156375885 133
1689085465279 0.0694810152053833 134
1689085465292 0.0691966637969017 135
1689085465309 0.06891823559999466 136
1689085465324 0.06864593923091888 137
1689085465336 0.0683797299861908 138
1689085465470 0.06811980158090591 139
1689085465482 0.06786595284938812 140
1689085465496 0.06761852651834488 141
1689085465510 0.06737729907035828 142
1689085465523 0.06714272499084473 143
1689085465538 0.06691478192806244 144
1689085465550 0.0666949450969696 145
1689085465562 0.06648323684930801 146
1689085465576 0.06628458201885223 147
1689085465589 0.06608454138040543 148
1689085465602 0.06589071452617645 149
1689085465616 0.0656949058175087 150
1689085465631 0.06550979614257812 151
1689085465645 0.06533107161521912 152
1689085465658 0.06516031920909882 153
1689085465671 0.06499561667442322 154
1689085465683 0.06483764946460724 155
1689085465698 0.06468549370765686 156
1689085465711 0.0645398199558258 157
1689085465725 0.06440000236034393 158
1689085465738 0.0642668753862381 159
1689085465750 0.06413976103067398 160
1689085465764 0.06402027606964111 161
1689085465777 0.06390614807605743 162
1689085465791 0.06380016356706619 163
1689085465804 0.06369584798812866 164
1689085465817 0.06359810382127762 165
1689085465830 0.06350211799144745 166
1689085465843 0.06341320276260376 167
1689085465857 0.06332862377166748 168
1689085465870 0.06325053423643112 169
1689085465883 0.06317711621522903 170
1689085465896 0.06310948729515076 171
1689085465910 0.06304635107517242 172
1689085465923 0.06298871338367462 173
1689085465936 0.06293531507253647 174
1689085465950 0.06288736313581467 175
1689085465963 0.06284306943416595 176
1689085465976 0.06280401349067688 177
1689085465989 0.06276710331439972 178
1689085466000 0.06273454427719116 179
1689085466014 0.06270317733287811 180
1689085466028 0.06267572939395905 181
1689085466042 0.06265009194612503 182
1689085466054 0.06262816488742828 183
1689085466066 0.06260845065116882 184
1689085466080 0.06259197741746902 185
1689085466093 0.06257757544517517 186
1689085466106 0.06256598234176636 187
1689085466118 0.06255604326725006 188
1689085466131 0.0625484436750412 189
1689085466144 0.06254200637340546 190
1689085466158 0.06253720819950104 191
1689085466171 0.06253280490636826 192
1689085466185 0.06252934038639069 193
1689085466197 0.06252586841583252 194
1689085466212 0.06252305209636688 195
1689085466225 0.06252044439315796 196
1689085466238 0.06251849979162216 197
1689085466251 0.06251689791679382 198
1689085466265 0.06251596659421921 199
1689085466280 0.06251539289951324 200
1689085466293 0.06251528859138489 201
1689085466307 0.0625154972076416 202
1689085466321 0.06251591444015503 203
1689085466333 0.06251645088195801 204
1689085466347 0.06251690536737442 205
1689085466363 0.06251727789640427 206
1689085466379 0.06251737475395203 207
1689085466395 0.06251737475395203 208
1689085466410 0.06251716613769531 209
1689085466428 0.06251697242259979 210
1689085466442 0.06251677870750427 211
1689085466457 0.0625166967511177 212
1689085466472 0.0625167042016983 213
1689085466488 0.06251689046621323 214
1689085466500 0.06251715123653412 215
1689085466514 0.06251756846904755 216
1689085466528 0.0625179260969162 217
1689085466541 0.06251834332942963 218
1689085466733 0.06251856684684753 219
1689085466746 0.06251879781484604 220
1689085466760 0.06251876056194305 221
1689085466774 0.06251877546310425 222
1689085466786 0.06251858919858932 223
1689085466800 0.06251849234104156 224
1689085466815 0.06251832842826843 225
1689085466830 0.06251829862594604 226
1689085466844 0.06251822412014008 227
1689085466858 0.06251834332942963 228
1689085466872 0.0625183954834938 229
1689085466884 0.06251861155033112 230
1689085466898 0.06251867860555649 231
1689085466911 0.06251886487007141 232
1689085466924 0.0625189021229744 233
1689085466936 0.06251901388168335 234
1689085466949 0.0625188872218132 235
1689085466964 0.06251890957355499 236
1689085466980 0.06251875311136246 237
1689085466993 0.06251874566078186 238
1689085467008 0.06251858919858932 239
1689085467022 0.06251862645149231 240
1689085467035 0.06251852959394455 241
1689085467050 0.06251867115497589 242
1689085467066 0.06251861900091171 243
1689085467081 0.06251876056194305 244
1689085467095 0.06251874566078186 245
1689085467109 0.0625188797712326 246
1689085467122 0.06251883506774902 247
1689085467134 0.06251892447471619 248
1689085467147 0.06251882016658783 249
1689085467162 0.06251884996891022 250
1689085467174 0.06251871585845947 251
1689085467187 0.06251874566078186 252
1689085467200 0.0625186637043953 253
1689085467215 0.06251871585845947 254
1689085467232 0.06251862645149231 255
1689085467245 0.06251876056194305 256
1689085467259 0.06251868605613708 257
1689085467271 0.06251879036426544 258
1689085467283 0.06251876801252365 259
1689085467296 0.06251884996891022 260
1689085467311 0.06251877546310425 261
1689085467325 0.06251884251832962 262
1689085467338 0.06251874566078186 263
1689085467350 0.06251883506774902 264
1689085467363 0.06251870095729828 265
1689085467377 0.06251876056194305 266
1689085467390 0.06251870095729828 267
1689085467403 0.06251874566078186 268
1689085467415 0.0625186637043953 269
1689085467430 0.06251873821020126 270
1689085467446 0.06251871585845947 271
1689085467460 0.06251879781484604 272
1689085467475 0.06251874566078186 273
1689085467492 0.06251882016658783 274
1689085467553 0.06251873821020126 275
1689085467582 0.06251880526542664 276
1689085467600 0.06251871585845947 277
1689085467618 0.06251879781484604 278
1689085467631 0.06251871585845947 279
1689085467645 0.06251879036426544 280
1689085467658 0.06251868605613708 281
1689085467671 0.06251874566078186 282
1689085467683 0.06251870095729828 283
1689085467697 0.06251876801252365 284
1689085467711 0.06251870095729828 285
1689085467724 0.06251877546310425 286
1689085467737 0.06251871585845947 287
1689085467749 0.06251880526542664 288
1689085467764 0.06251873075962067 289
1689085467779 0.06251877546310425 290
1689085467792 0.06251870095729828 291
1689085467805 0.06251881271600723 292
1689085467817 0.06251868605613708 293
1689085467830 0.06251879036426544 294
1689085467844 0.06251867860555649 295
1689085467858 0.06251879036426544 296
1689085467871 0.06251867115497589 297
1689085467883 0.06251879036426544 298
1689085467897 0.06251871585845947 299
1689085467909 0.06251880526542664 300
1689085467923 0.06251868605613708 301
1689085467934 0.06251880526542664 302
1689085467948 0.06251870095729828 303
1689085467962 0.06251879036426544 304
1689085467976 0.06251870095729828 305
1689085467989 0.06251875311136246 306
1689085468001 0.06251867115497589 307
1689085468016 0.06251877546310425 308
1689085468029 0.06251869350671768 309
1689085468043 0.06251876056194305 310
1689085468058 0.06251867860555649 311
1689085468070 0.06251877546310425 312
1689085468082 0.06251873075962067 313
1689085468096 0.06251877546310425 314
1689085468109 0.06251872330904007 315
1689085468121 0.06251877546310425 316
1689085468133 0.06251870840787888 317
1689085468147 0.06251876056194305 318
1689085468161 0.06251870095729828 319
1689085468174 0.06251877546310425 320
1689085468189 0.06251870095729828 321
1689085468207 0.06251876801252365 322
1689085468221 0.06251869350671768 323
1689085468236 0.06251878291368484 324
1689085468250 0.06251870095729828 325
1689085468264 0.06251879036426544 326
1689085468279 0.06251867860555649 327
1689085468292 0.06251876801252365 328
1689085468307 0.06251868605613708 329
1689085468322 0.06251878291368484 330
1689085468341 0.06251868605613708 331
1689085468609 0.06251877546310425 332
1689085468624 0.06251870095729828 333
1689085468638 0.06251876056194305 334
1689085468651 0.06251869350671768 335
1689085468665 0.06251876056194305 336
1689085468679 0.06251867860555649 337
1689085468692 0.06251877546310425 338
1689085468705 0.06251868605613708 339
1689085468717 0.06251878291368484 340
1689085468731 0.06251871585845947 341
1689085468746 0.06251876801252365 342
1689085468759 0.06251868605613708 343
1689085468773 0.06251879036426544 344
1689085468785 0.06251869350671768 345
1689085468799 0.06251877546310425 346
1689085468812 0.06251869350671768 347
1689085468826 0.06251879036426544 348
1689085468840 0.06251868605613708 349
1689085468852 0.06251877546310425 350
1689085468865 0.06251869350671768 351
1689085468879 0.06251876056194305 352
1689085468893 0.06251867860555649 353
1689085468906 0.06251876056194305 354
1689085468918 0.06251867860555649 355
1689085468931 0.06251876056194305 356
1689085468945 0.06251867115497589 357
1689085468957 0.06251876056194305 358
1689085468971 0.06251871585845947 359
1689085468983 0.06251877546310425 360
1689085468997 0.06251868605613708 361
1689085469011 0.06251877546310425 362
1689085469024 0.06251870095729828 363
1689085469036 0.06251876056194305 364
1689085469050 0.0625186637043953 365
1689085469065 0.06251876056194305 366
1689085469079 0.0625186637043953 367
1689085469094 0.06251876056194305 368
1689085469112 0.06251868605613708 369
1689085469127 0.06251876056194305 370
1689085469144 0.06251870840787888 371
1689085469161 0.06251876056194305 372
1689085469179 0.06251867860555649 373
1689085469194 0.06251879036426544 374
1689085469209 0.06251868605613708 375
1689085469224 0.06251877546310425 376
1689085469238 0.06251868605613708 377
1689085469250 0.06251876056194305 378
1689085469263 0.06251870095729828 379
1689085469276 0.06251875311136246 380
1689085469288 0.06251869350671768 381
1689085469302 0.06251876056194305 382
1689085469315 0.06251868605613708 383
1689085469329 0.06251876801252365 384
1689085469343 0.06251868605613708 385
1689085469357 0.06251876056194305 386
1689085469373 0.06251868605613708 387
1689085469390 0.06251876801252365 388
1689085469408 0.06251870095729828 389
1689085469426 0.06251874566078186 390
1689085469442 0.06251867860555649 391
1689085469456 0.06251876056194305 392
1689085469470 0.06251867115497589 393
1689085469484 0.06251874566078186 394
1689085469502 0.06251867860555649 395
1689085469520 0.06251877546310425 396
1689085469535 0.06251870095729828 397
1689085469547 0.06251873821020126 398
1689085469561 0.06251867115497589 399
1689085469575 0.06251877546310425 400
1689085469588 0.06251868605613708 401
1689085469600 0.06251876056194305 402
1689085469613 0.06251868605613708 403
1689085469626 0.06251876056194305 404
1689085469640 0.06251868605613708 405
1689085469654 0.06251876056194305 406
1689085469666 0.06251868605613708 407
1689085469679 0.06251877546310425 408
1689085469691 0.06251868605613708 409
1689085469705 0.06251875311136246 410
1689085469717 0.06251868605613708 411
1689085469730 0.06251873821020126 412
1689085469745 0.06251867115497589 413
1689085469759 0.06251874566078186 414
1689085469773 0.0625186488032341 415
1689085469785 0.06251875311136246 416
1689085469798 0.0625186562538147 417
1689085469812 0.06251874566078186 418
1689085469825 0.06251867115497589 419
1689085469839 0.06251874566078186 420
1689085469852 0.06251867115497589 421
1689085469864 0.06251873075962067 422
1689085469878 0.06251869350671768 423
1689085469890 0.06251876056194305 424
1689085469903 0.06251868605613708 425
1689085469916 0.06251874566078186 426
1689085469929 0.06251867115497589 427
1689085469941 0.06251874566078186 428
1689085469955 0.0625186413526535 429
1689085469967 0.06251877546310425 430
1689085469980 0.0625186637043953 431
1689085469995 0.06251874566078186 432
1689085470009 0.06251868605613708 433
1689085470022 0.06251874566078186 434
1689085470034 0.0625186413526535 435
1689085470049 0.06251874566078186 436
1689085470063 0.06251867115497589 437
1689085470077 0.06251873075962067 438
1689085470090 0.0625186339020729 439
1689085470103 0.06251874566078186 440
1689085470115 0.0625186562538147 441
1689085470130 0.06251874566078186 442
1689085470144 0.0625186637043953 443
1689085470156 0.06251874566078186 444
1689085470168 0.0625186488032341 445
1689085470181 0.06251873075962067 446
1689085470194 0.0625186637043953 447
1689085470207 0.06251873821020126 448
1689085470220 0.06251867115497589 449
1689085470232 0.06251873075962067 450
1689085470246 0.0625186637043953 451
1689085470260 0.06251876801252365 452
1689085470273 0.0625186562538147 453
1689085470286 0.06251874566078186 454
1689085470299 0.06251868605613708 455
1689085470313 0.06251873075962067 456
1689085470328 0.0625186562538147 457
1689085470341 0.06251873821020126 458
1689085470354 0.0625186562538147 459
1689085470366 0.06251874566078186 460
1689085470380 0.06251867115497589 461
1689085470396 0.06251874566078186 462
1689085470408 0.0625186637043953 463
1689085470422 0.06251874566078186 464
1689085470442 0.06251867115497589 465
1689085470469 0.06251873075962067 466
1689085470487 0.06251867115497589 467
1689085470500 0.06251874566078186 468
1689085470515 0.0625186413526535 469
1689085470529 0.06251874566078186 470
1689085470543 0.0625186413526535 471
1689085470556 0.06251873821020126 472
1689085470568 0.0625186562538147 473
1689085470580 0.06251874566078186 474
1689085470595 0.0625186637043953 475
1689085470609 0.06251873821020126 476
1689085470625 0.06251867115497589 477
1689085470639 0.06251873821020126 478
1689085470663 0.0625186413526535 479
1689085470681 0.06251874566078186 480
1689085470698 0.06251867115497589 481
1689085470715 0.06251871585845947 482
1689085470730 0.0625186488032341 483
1689085470747 0.06251874566078186 484
1689085470764 0.0625186488032341 485
1689085470780 0.06251874566078186 486
1689085470796 0.0625186339020729 487
1689085470810 0.06251874566078186 488
1689085470824 0.0625186413526535 489
1689085470839 0.06251874566078186 490
1689085470855 0.0625186562538147 491
1689085470868 0.06251873821020126 492
