1689085463173 0.25 0
1689085463197 0.25583794713020325 1
1689085463211 0.25988465547561646 2
1689085463225 0.2631723880767822 3
1689085463238 0.2660173773765564 4
1689085463251 0.26856380701065063 5
1689085463264 0.2708905339241028 6
1689085463298 0.27304607629776 7
1689085463312 0.2750622034072876 8
1689085463325 0.2769607901573181 9
1689085463339 0.2787574827671051 10
1689085463351 0.28046363592147827 11
1689085463365 0.2820875346660614 12
1689085463378 0.28363534808158875 13
1689085463390 0.28511151671409607 14
1689085463404 0.2865191698074341 15
1689085463416 0.28786033391952515 16
1689085463430 0.28913623094558716 17
1689085463442 0.29034730792045593 18
1689085463456 0.29149332642555237 19
1689085463507 0.2925734519958496 20
1689085463521 0.29358646273612976 21
1689085463533 0.29453057050704956 22
1689085463547 0.29540371894836426 23
1689085463561 0.2962033152580261 24
1689085463575 0.2969266176223755 25
1689085463588 0.2975706160068512 26
1689085463600 0.29813212156295776 27
1689085463614 0.2986079454421997 28
1689085463629 0.2989948093891144 29
1689085463646 0.2992897033691406 30
1689085463660 0.29948991537094116 31
1689085463674 0.29959315061569214 32
1689085463686 0.2995976209640503 33
1689085463698 0.29950258135795593 34
1689085463712 0.2993078827857971 35
1689085463725 0.2990145683288574 36
1689085463737 0.29862475395202637 37
1689085463749 0.2981415092945099 38
1689085463763 0.29756903648376465 39
1689085463777 0.29691222310066223 40
1689085463790 0.29617685079574585 41
1689085463804 0.2953692376613617 42
1689085463816 0.29449576139450073 43
1689085463831 0.29356303811073303 44
1689085463904 0.2925773859024048 45
1689085463917 0.2915450930595398 46
1689085463932 0.29047173261642456 47
1689085463946 0.2893626391887665 48
1689085463958 0.2882225215435028 49
1689085463971 0.2870554029941559 50
1689085463984 0.2858651280403137 51
1689085463998 0.284654825925827 52
1689085464012 0.2834271788597107 53
1689085464027 0.2821846604347229 54
1689085464040 0.2809292674064636 55
1689085464052 0.27966269850730896 56
1689085464065 0.2783864736557007 57
1689085464078 0.27710193395614624 58
1689085464091 0.27581027150154114 59
1689085464104 0.2745124101638794 60
1689085464118 0.27320918440818787 61
1689085464131 0.27190154790878296 62
1689085464146 0.27059003710746765 63
1689085464159 0.26927536725997925 64
1689085464172 0.2679581940174103 65
1689085464186 0.26663893461227417 66
1689085464202 0.2653181552886963 67
1689085464219 0.26399627327919006 68
1689085464232 0.2626737058162689 69
1689085464246 0.26135092973709106 70
1689085464259 0.2600281238555908 71
1689085464272 0.2587057650089264 72
1689085464283 0.25738412141799927 73
1689085464299 0.2560634911060333 74
1689085464314 0.2547440826892853 75
1689085464328 0.2534262537956238 76
1689085464341 0.25211018323898315 77
1689085464353 0.2507961392402649 78
1689085464366 0.2499999701976776 79
1689085464380 0.2500000298023224 80
1689085464394 0.2500000298023224 81
1689085464407 0.25 82
1689085464419 0.2500000298023224 83
1689085464433 0.25 84
1689085464537 0.2500000298023224 85
1689085464553 0.2500000298023224 86
1689085464568 0.25 87
1689085464589 0.2499999701976776 88
1689085464610 0.2500000298023224 89
1689085464633 0.2499999701976776 90
1689085464658 0.25 91
1689085464676 0.25 92
1689085464696 0.25 93
1689085464711 0.25 94
1689085464726 0.25 95
1689085464743 0.2499999701976776 96
1689085464758 0.2499999701976776 97
1689085464773 0.24999995529651642 98
1689085464785 0.2500000298023224 99
1689085464799 0.2499999850988388 100
1689085464813 0.25 101
1689085464827 0.2499999701976776 102
1689085464840 0.25 103
1689085464851 0.25 104
1689085464865 0.25 105
1689085464878 0.2499999701976776 106
1689085464906 0.25 107
1689085464927 0.2500000298023224 108
1689085464946 0.2499999701976776 109
1689085464961 0.2499999850988388 110
1689085464975 0.25 111
1689085464989 0.2499999701976776 112
1689085465002 0.25 113
1689085465015 0.25 114
1689085465028 0.2500000298023224 115
1689085465042 0.25 116
1689085465055 0.25 117
1689085465067 0.25 118
1689085465080 0.2499999701976776 119
1689085465094 0.2499999850988388 120
1689085465107 0.2499999701976776 121
1689085465121 0.2500000298023224 122
1689085465133 0.2499999701976776 123
1689085465146 0.25 124
1689085465160 0.2499999850988388 125
1689085465174 0.2499999701976776 126
1689085465186 0.2499999850988388 127
1689085465199 0.25 128
1689085465213 0.2499999701976776 129
1689085465226 0.2499999850988388 130
1689085465239 0.2500000596046448 131
1689085465251 0.25 132
1689085465265 0.2499999701976776 133
1689085465279 0.24999995529651642 134
1689085465292 0.2500000298023224 135
1689085465309 0.2500000298023224 136
1689085465324 0.2499999701976776 137
1689085465336 0.2499999850988388 138
1689085465470 0.2500000298023224 139
1689085465482 0.25 140
1689085465496 0.2500000596046448 141
1689085465510 0.2499999850988388 142
1689085465523 0.25 143
1689085465538 0.2499999701976776 144
1689085465550 0.25 145
1689085465562 0.25 146
1689085465576 0.2499999850988388 147
1689085465589 0.2499999850988388 148
1689085465602 0.25 149
1689085465616 0.25 150
1689085465631 0.2500000596046448 151
1689085465645 0.2500000298023224 152
1689085465658 0.25 153
1689085465671 0.2499999701976776 154
1689085465683 0.2500000298023224 155
1689085465698 0.25 156
1689085465711 0.2500000298023224 157
1689085465725 0.25 158
1689085465738 0.25 159
1689085465750 0.2500000298023224 160
1689085465764 0.2500000596046448 161
1689085465777 0.2499999850988388 162
1689085465791 0.25 163
1689085465804 0.25 164
1689085465817 0.25 165
1689085465830 0.25 166
1689085465843 0.2499999850988388 167
1689085465857 0.2500000298023224 168
1689085465870 0.2500000298023224 169
1689085465883 0.25 170
1689085465896 0.25 171
1689085465910 0.25 172
1689085465923 0.2500000298023224 173
1689085465936 0.2500000596046448 174
1689085465950 0.25 175
1689085465963 0.2500000298023224 176
1689085465976 0.25 177
1689085465989 0.2499999850988388 178
1689085466000 0.2500000298023224 179
1689085466014 0.2499999850988388 180
1689085466028 0.2500000298023224 181
1689085466042 0.25 182
1689085466054 0.25 183
1689085466066 0.25 184
1689085466080 0.2499999850988388 185
1689085466093 0.25 186
1689085466106 0.2500000298023224 187
1689085466118 0.25 188
1689085466131 0.2499999701976776 189
1689085466144 0.2500000298023224 190
1689085466158 0.25 191
1689085466171 0.2500000596046448 192
1689085466185 0.2500000298023224 193
1689085466197 0.25 194
1689085466212 0.2499999701976776 195
1689085466225 0.25 196
1689085466238 0.2500000298023224 197
1689085466251 0.25 198
1689085466265 0.2500000596046448 199
1689085466280 0.2500000298023224 200
1689085466293 0.2499999850988388 201
1689085466307 0.25 202
1689085466321 0.2499999701976776 203
1689085466333 0.25 204
1689085466347 0.2499999701976776 205
1689085466363 0.25 206
1689085466379 0.25 207
1689085466395 0.25 208
1689085466410 0.2500000298023224 209
1689085466428 0.2499999701976776 210
1689085466442 0.2500000596046448 211
1689085466457 0.25 212
1689085466472 0.2500000596046448 213
1689085466488 0.2499999701976776 214
1689085466500 0.2500000298023224 215
1689085466514 0.2499999850988388 216
1689085466528 0.2500000298023224 217
1689085466541 0.25 218
1689085466733 0.25 219
1689085466746 0.25 220
1689085466760 0.2499999701976776 221
1689085466774 0.2499999850988388 222
1689085466786 0.25 223
1689085466800 0.24999995529651642 224
1689085466815 0.2500000596046448 225
1689085466830 0.25 226
1689085466844 0.25 227
1689085466858 0.2499999701976776 228
1689085466872 0.2500000298023224 229
1689085466884 0.2499999850988388 230
1689085466898 0.2499999850988388 231
1689085466911 0.24999994039535522 232
1689085466924 0.25 233
1689085466936 0.25 234
1689085466949 0.2499999701976776 235
1689085466964 0.2499999701976776 236
1689085466980 0.25 237
1689085466993 0.2500000298023224 238
1689085467008 0.25 239
1689085467022 0.2500000298023224 240
1689085467035 0.2499999850988388 241
1689085467050 0.2500000596046448 242
1689085467066 0.25 243
1689085467081 0.25 244
1689085467095 0.25 245
1689085467109 0.25 246
1689085467122 0.25 247
1689085467134 0.2500000298023224 248
1689085467147 0.25 249
1689085467162 0.2499999850988388 250
1689085467174 0.2499999850988388 251
1689085467187 0.2499999701976776 252
1689085467200 0.2500000298023224 253
1689085467215 0.25 254
1689085467232 0.2499999701976776 255
1689085467245 0.2500000596046448 256
1689085467259 0.25 257
1689085467271 0.25 258
1689085467283 0.2500000596046448 259
1689085467296 0.2500000298023224 260
1689085467311 0.25 261
1689085467325 0.2499999850988388 262
1689085467338 0.2499999850988388 263
1689085467350 0.2500000298023224 264
1689085467363 0.2499999850988388 265
1689085467377 0.2499999701976776 266
1689085467390 0.2500000596046448 267
1689085467403 0.25 268
1689085467415 0.25 269
1689085467430 0.24999995529651642 270
1689085467446 0.2500000298023224 271
1689085467460 0.25 272
1689085467475 0.2500000596046448 273
1689085467492 0.25 274
1689085467553 0.25 275
1689085467582 0.2499999850988388 276
1689085467600 0.2499999701976776 277
1689085467618 0.25 278
1689085467631 0.2500000298023224 279
1689085467645 0.2500000596046448 280
1689085467658 0.2499999850988388 281
1689085467671 0.2499999701976776 282
1689085467683 0.2500000298023224 283
1689085467697 0.25 284
1689085467711 0.25 285
1689085467724 0.2499999701976776 286
1689085467737 0.25 287
1689085467749 0.25 288
1689085467764 0.2500000298023224 289
1689085467779 0.2499999701976776 290
1689085467792 0.2499999701976776 291
1689085467805 0.2500000596046448 292
1689085467817 0.24999995529651642 293
1689085467830 0.2500000298023224 294
1689085467844 0.2499999701976776 295
1689085467858 0.2500000298023224 296
1689085467871 0.24999995529651642 297
1689085467883 0.2500000298023224 298
1689085467897 0.25 299
1689085467909 0.2500000596046448 300
1689085467923 0.24999995529651642 301
1689085467934 0.2500000298023224 302
1689085467948 0.2499999701976776 303
1689085467962 0.25 304
1689085467976 0.2499999850988388 305
1689085467989 0.24999995529651642 306
1689085468001 0.24999995529651642 307
1689085468016 0.25 308
1689085468029 0.25 309
1689085468043 0.2499999701976776 310
1689085468058 0.2499999701976776 311
1689085468070 0.25 312
1689085468082 0.2500000596046448 313
1689085468096 0.25 314
1689085468109 0.2500000298023224 315
1689085468121 0.25 316
1689085468133 0.25 317
1689085468147 0.2499999701976776 318
1689085468161 0.25 319
1689085468174 0.25 320
1689085468189 0.25 321
1689085468207 0.2499999850988388 322
1689085468221 0.25 323
1689085468236 0.2500000298023224 324
1689085468250 0.2500000298023224 325
1689085468264 0.2500000298023224 326
1689085468279 0.2499999701976776 327
1689085468292 0.2499999701976776 328
1689085468307 0.2499999701976776 329
1689085468322 0.25 330
1689085468341 0.2499999701976776 331
1689085468609 0.25 332
1689085468624 0.25 333
1689085468638 0.2499999701976776 334
1689085468651 0.25 335
1689085468665 0.2499999701976776 336
1689085468679 0.2499999701976776 337
1689085468692 0.2500000298023224 338
1689085468705 0.25 339
1689085468717 0.2500000298023224 340
1689085468731 0.2500000298023224 341
1689085468746 0.25 342
1689085468759 0.2499999850988388 343
1689085468773 0.2500000596046448 344
1689085468785 0.25 345
1689085468799 0.25 346
1689085468812 0.25 347
1689085468826 0.2500000596046448 348
1689085468840 0.2499999850988388 349
1689085468852 0.2500000298023224 350
1689085468865 0.2500000298023224 351
1689085468879 0.25 352
1689085468893 0.2499999850988388 353
1689085468906 0.2499999850988388 354
1689085468918 0.2499999701976776 355
1689085468931 0.2499999701976776 356
1689085468945 0.2499999701976776 357
1689085468957 0.2499999701976776 358
1689085468971 0.2500000596046448 359
1689085468983 0.25 360
1689085468997 0.25 361
1689085469011 0.2500000298023224 362
1689085469024 0.2500000298023224 363
1689085469036 0.2499999701976776 364
1689085469050 0.2499999701976776 365
1689085469065 0.25 366
1689085469079 0.2499999701976776 367
1689085469094 0.25 368
1689085469112 0.25 369
1689085469127 0.25 370
1689085469144 0.2500000298023224 371
1689085469161 0.25 372
1689085469179 0.25 373
1689085469194 0.2500000596046448 374
1689085469209 0.25 375
1689085469224 0.2500000298023224 376
1689085469238 0.25 377
1689085469250 0.25 378
1689085469263 0.2500000298023224 379
1689085469276 0.2499999701976776 380
1689085469288 0.2500000298023224 381
1689085469302 0.25 382
1689085469315 0.25 383
1689085469329 0.25 384
1689085469343 0.25 385
1689085469357 0.25 386
1689085469373 0.2500000298023224 387
1689085469390 0.25 388
1689085469408 0.2500000298023224 389
1689085469426 0.2499999850988388 390
1689085469442 0.25 391
1689085469456 0.25 392
1689085469470 0.25 393
1689085469484 0.2499999850988388 394
1689085469502 0.25 395
1689085469520 0.2500000298023224 396
1689085469535 0.2500000298023224 397
1689085469547 0.2499999701976776 398
1689085469561 0.2499999850988388 399
1689085469575 0.2500000596046448 400
1689085469588 0.25 401
1689085469600 0.25 402
1689085469613 0.2500000298023224 403
1689085469626 0.25 404
1689085469640 0.25 405
1689085469654 0.25 406
1689085469666 0.25 407
1689085469679 0.2500000596046448 408
1689085469691 0.2500000298023224 409
1689085469705 0.25 410
1689085469717 0.2500000298023224 411
1689085469730 0.2499999701976776 412
1689085469745 0.25 413
1689085469759 0.25 414
1689085469773 0.24999995529651642 415
1689085469785 0.25 416
1689085469798 0.2499999701976776 417
1689085469812 0.2499999850988388 418
1689085469825 0.25 419
1689085469839 0.25 420
1689085469852 0.25 421
1689085469864 0.24999995529651642 422
1689085469878 0.2500000596046448 423
1689085469890 0.25 424
1689085469903 0.2500000298023224 425
1689085469916 0.2499999701976776 426
1689085469929 0.25 427
1689085469941 0.25 428
1689085469955 0.24999995529651642 429
1689085469967 0.2500000596046448 430
1689085469980 0.25 431
1689085469995 0.25 432
1689085470009 0.2500000298023224 433
1689085470022 0.25 434
1689085470034 0.24999994039535522 435
1689085470049 0.2499999850988388 436
1689085470063 0.25 437
1689085470077 0.2499999701976776 438
1689085470090 0.24999994039535522 439
1689085470103 0.2499999701976776 440
1689085470115 0.2499999850988388 441
1689085470130 0.25 442
1689085470144 0.25 443
1689085470156 0.25 444
1689085470168 0.2499999701976776 445
1689085470181 0.2499999701976776 446
1689085470194 0.25 447
1689085470207 0.2499999850988388 448
1689085470220 0.2500000298023224 449
1689085470232 0.2499999701976776 450
1689085470246 0.25 451
1689085470260 0.2500000596046448 452
1689085470273 0.2499999850988388 453
1689085470286 0.25 454
1689085470299 0.2500000596046448 455
1689085470313 0.2499999701976776 456
1689085470328 0.25 457
1689085470341 0.25 458
1689085470354 0.2499999701976776 459
1689085470366 0.25 460
1689085470380 0.2500000298023224 461
1689085470396 0.25 462
1689085470408 0.25 463
1689085470422 0.25 464
1689085470442 0.2500000298023224 465
1689085470469 0.2499999850988388 466
1689085470487 0.2500000298023224 467
1689085470500 0.25 468
1689085470515 0.2499999701976776 469
1689085470529 0.25 470
1689085470543 0.2499999701976776 471
1689085470556 0.25 472
1689085470568 0.25 473
1689085470580 0.25 474
1689085470595 0.25 475
1689085470609 0.25 476
1689085470625 0.2500000298023224 477
1689085470639 0.25 478
1689085470663 0.2499999701976776 479
1689085470681 0.25 480
1689085470698 0.2500000298023224 481
1689085470715 0.2499999701976776 482
1689085470730 0.25 483
1689085470747 0.25 484
1689085470764 0.2499999850988388 485
1689085470780 0.2500000298023224 486
1689085470796 0.24999995529651642 487
1689085470810 0.25 488
1689085470824 0.2499999701976776 489
1689085470839 0.2500000298023224 490
1689085470855 0.25 491
1689085470868 0.25 492
