1689862420877 0.8084728121757507 0
1689862421066 0.6041495203971863 1
1689862421260 0.5302806496620178 2
1689862421447 0.49495288729667664 3
1689862421612 0.46381625533103943 4
1689862421811 0.4366420805454254 5
1689862422053 0.41235244274139404 6
1689862422231 0.37806686758995056 7
1689862422438 0.3386378884315491 8
1689862422635 0.3083192706108093 9
1689862422849 0.28340572118759155 10
1689862423035 0.26203781366348267 11
1689862423215 0.24927650392055511 12
1689862423385 0.2513224482536316 13
1689862423585 0.23622234165668488 14
1689862423785 0.22640593349933624 15
1689862424003 0.2313157021999359 16
1689862424190 0.21782457828521729 17
1689862424368 0.2165287286043167 18
1689862424566 0.2071457952260971 19
1689862424739 0.1979055553674698 20
1689862424999 0.2120184600353241 21
1689862425186 0.20033062994480133 22
1689862425400 0.20389945805072784 23
1689862425605 0.19099916517734528 24
1689862425796 0.19633564352989197 25
1689862426040 0.1914222687482834 26
1689862426276 0.18478192389011383 27
1689862426551 0.1930643916130066 28
1689862426798 0.19017784297466278 29
1689862427020 0.1846935749053955 30
1689862427265 0.1829698085784912 31
1689862427471 0.17889957129955292 32
1689862427659 0.18224160373210907 33
1689862427892 0.17996834218502045 34
1689862428131 0.17590762674808502 35
1689862428343 0.16906537115573883 36
1689862428566 0.18271026015281677 37
1689862428782 0.17274294793605804 38
1689862428980 0.17430895566940308 39
1689862429167 0.16981565952301025 40
1689862429396 0.17277124524116516 41
1689862429663 0.16616228222846985 42
1689862429846 0.17164616286754608 43
1689862430022 0.16480547189712524 44
1689862430196 0.1659313440322876 45
1689862430364 0.16894270479679108 46
1689862430551 0.16399693489074707 47
1689862430714 0.16851811110973358 48
1689862430967 0.16315877437591553 49
1689862431182 0.16469469666481018 50
1689862431381 0.16133247315883636 51
1689862431605 0.16353650391101837 52
1689862431801 0.15365886688232422 53
1689862432045 0.1565238982439041 54
1689862432243 0.1528739631175995 55
1689862432412 0.15463824570178986 56
1689862432598 0.15368765592575073 57
1689862432786 0.14893360435962677 58
1689862433028 0.15037409961223602 59
1689862433228 0.15786464512348175 60
1689862433413 0.1527755707502365 61
1689862433589 0.14581802487373352 62
1689862433756 0.14953170716762543 63
1689862434004 0.14464297890663147 64
1689862434241 0.14575853943824768 65
1689862434436 0.14812415838241577 66
1689862434660 0.14831435680389404 67
1689862434882 0.14628289639949799 68
1689862435066 0.1450105458498001 69
1689862435258 0.14882715046405792 70
1689862435486 0.14423012733459473 71
1689862435699 0.14513370394706726 72
1689862435911 0.1397515833377838 73
1689862436110 0.14498139917850494 74
1689862436330 0.1416425257921219 75
1689862436526 0.13654725253582 76
1689862436711 0.14128610491752625 77
1689862436900 0.1457364559173584 78
1689862437091 0.14060376584529877 79
1689862437274 0.14027008414268494 80
1689862437472 0.1370953619480133 81
1689862437656 0.1382817029953003 82
1689862437822 0.14015565812587738 83
1689862438019 0.13514038920402527 84
1689862438191 0.14112971723079681 85
1689862438355 0.1372460275888443 86
1689862438555 0.1303788423538208 87
1689862438728 0.1313689798116684 88
1689862438912 0.13768576085567474 89
1689862439086 0.13110530376434326 90
1689862439259 0.13487574458122253 91
1689862439444 0.13726043701171875 92
1689862439619 0.12854941189289093 93
1689862439805 0.13554371893405914 94
1689862439978 0.13946667313575745 95
1689862440166 0.13241645693778992 96
1689862440358 0.12659774720668793 97
1689862440540 0.13259747624397278 98
1689862440728 0.1278783529996872 99
1689862440929 0.12994404137134552 100
1689862441109 0.13328203558921814 101
1689862441289 0.13114356994628906 102
1689862441479 0.12961865961551666 103
1689862441662 0.12626299262046814 104
1689862441859 0.13455289602279663 105
1689862442140 0.12803255021572113 106
1689862442320 0.12751859426498413 107
1689862442492 0.12433148920536041 108
1689862442694 0.1309010535478592 109
1689862442884 0.1222216784954071 110
1689862443063 0.12779442965984344 111
1689862443245 0.12461939454078674 112
1689862443442 0.12508870661258698 113
1689862443620 0.12445706129074097 114
1689862443810 0.1268688291311264 115
1689862443991 0.12291596084833145 116
1689862444188 0.1275898516178131 117
1689862444371 0.12184907495975494 118
1689862444570 0.12267903983592987 119
1689862444752 0.12093222141265869 120
1689862444928 0.12434931844472885 121
1689862445127 0.12541405856609344 122
1689862445321 0.11506177484989166 123
1689862445513 0.11827106773853302 124
1689862445689 0.1231319010257721 125
1689862445875 0.12434686720371246 126
1689862446061 0.12171294540166855 127
1689862446237 0.12002215534448624 128
1689862446421 0.1196892037987709 129
1689862446604 0.12017171829938889 130
1689862446779 0.11842213571071625 131
1689862446966 0.11653289943933487 132
1689862447150 0.11982475221157074 133
1689862447323 0.12075056880712509 134
1689862447508 0.11789998412132263 135
1689862447683 0.11705830693244934 136
1689862447856 0.11140013486146927 137
1689862448049 0.12181903421878815 138
1689862448224 0.1129133328795433 139
1689862448418 0.11886023730039597 140
1689862448608 0.11124905943870544 141
1689862448784 0.11819928139448166 142
1689862448957 0.1170295998454094 143
1689862449142 0.12013044208288193 144
1689862449325 0.11654704809188843 145
1689862449515 0.11249830573797226 146
1689862449684 0.11518275737762451 147
1689862449877 0.11000757664442062 148
1689862450057 0.11215938627719879 149
1689862450249 0.11736054718494415 150
1689862450474 0.11719260364770889 151
1689862450658 0.11243243515491486 152
1689862450831 0.11329265683889389 153
1689862451027 0.11188270896673203 154
1689862451203 0.10931329429149628 155
1689862451376 0.11189063638448715 156
1689862451577 0.11706136167049408 157
1689862451764 0.10933709889650345 158
1689862451941 0.11919025331735611 159
1689862452112 0.11332857608795166 160
1689862452308 0.11347310990095139 161
1689862452554 0.10966640710830688 162
1689862452735 0.1111840233206749 163
1689862452928 0.11645487695932388 164
1689862453101 0.11249090731143951 165
1689862453281 0.10970285534858704 166
1689862453478 0.10381747782230377 167
1689862453666 0.10759363323450089 168
1689862453838 0.10846476256847382 169
1689862454009 0.11330675333738327 170
1689862454213 0.10916966199874878 171
1689862454454 0.11057537794113159 172
1689862454653 0.10896813869476318 173
1689862454841 0.11125017702579498 174
1689862455015 0.10430179536342621 175
1689862455192 0.10766047239303589 176
1689862455379 0.11639266461133957 177
1689862455560 0.10561539232730865 178
1689862455750 0.10662516206502914 179
1689862455939 0.10694383084774017 180
1689862456119 0.10219243168830872 181
1689862456326 0.11129424721002579 182
1689862456527 0.1073707789182663 183
1689862456713 0.10506432503461838 184
1689862456903 0.10816687345504761 185
1689862457071 0.10447052866220474 186
1689862457244 0.10249048471450806 187
1689862457434 0.1116364523768425 188
1689862457603 0.10327077656984329 189
1689862457775 0.1088176965713501 190
1689862457957 0.10153611749410629 191
1689862458178 0.10121754556894302 192
1689862458346 0.11201959103345871 193
1689862458550 0.10611330717802048 194
1689862458735 0.09863238781690598 195
1689862458925 0.11300087720155716 196
1689862459103 0.09665927290916443 197
1689862459312 0.10453750193119049 198
1689862459535 0.10459256917238235 199
