1690134721872 0.49688345193862915 0
1690134721920 0.4966614544391632 1
1690134721944 0.49643900990486145 2
1690134721968 0.4962160587310791 3
1690134721984 0.4959925711154938 4
1690134722000 0.49576857686042786 5
1690134722025 0.4955440163612366 6
1690134722049 0.4953189492225647 7
1690134722065 0.49509328603744507 8
1690134722081 0.49486708641052246 9
1690134722105 0.4946402907371521 10
1690134722121 0.49441292881965637 11
1690134722137 0.4941849708557129 12
1690134722161 0.49395641684532166 13
1690134722177 0.4937272369861603 14
1690134722193 0.49349746108055115 15
1690134722289 0.4932670593261719 16
1690134722309 0.49303603172302246 17
1690134722329 0.4928043484687805 18
1690134722361 0.49257200956344604 19
1690134722401 0.49233901500701904 20
1690134722426 0.4921053349971771 21
1690134722450 0.4918709397315979 22
1690134722466 0.4916359782218933 23
1690134722490 0.49140024185180664 24
1690134722506 0.4911637604236603 25
1690134722522 0.4909266233444214 26
1690134722538 0.4906887710094452 27
1690134722562 0.4904501736164093 28
1690134722578 0.4902108311653137 29
1690134722594 0.4899708032608032 30
1690134722618 0.48973000049591064 31
1690134722634 0.4894884526729584 32
1690134722650 0.489246129989624 33
1690134722666 0.4890030324459076 34
1690134722690 0.4887591600418091 35
1690134722714 0.4885145425796509 36
1690134722730 0.4882691502571106 37
1690134722746 0.48802292346954346 38
1690134722770 0.48777592182159424 39
1690134722786 0.48752811551094055 40
1690134722802 0.4872795641422272 41
1690134722826 0.4870300889015198 42
1690134722850 0.4867798984050751 43
1690134722866 0.48652884364128113 44
1690134722882 0.48627692461013794 45
1690134722906 0.48602426052093506 46
1690134722930 0.48577070236206055 47
1690134723166 0.4855163097381592 48
1690134723183 0.48526108264923096 49
1690134723199 0.4850049912929535 50
1690134723223 0.48474806547164917 51
1690134723239 0.4844902753829956 52
1690134723255 0.4842316508293152 53
1690134723271 0.4839721620082855 54
1690134723295 0.48371177911758423 55
1690134723311 0.4834505617618561 56
1690134723335 0.4831884205341339 57
1690134723351 0.4829254448413849 58
1690134723367 0.48266157507896423 59
1690134723391 0.48239681124687195 60
1690134723415 0.48213115334510803 61
1690134723431 0.4818646311759949 62
1690134723455 0.4815972149372101 63
1690134723471 0.48132890462875366 64
1690134723495 0.481059730052948 65
1690134723511 0.4807896018028259 66
1690134723535 0.4805185794830322 67
1690134723551 0.4802466630935669 68
1690134723567 0.47997382283210754 69
1690134723591 0.47970011830329895 70
1690134723615 0.47942548990249634 71
1690134723639 0.4791499376296997 72
1690134723663 0.47887346148490906 73
1690134723695 0.4785960614681244 74
1690134723719 0.4783177673816681 75
1690134723743 0.4780385494232178 76
1690134723775 0.47775840759277344 77
1690134723799 0.4774773418903351 78
1690134723815 0.4771953523159027 79
1690134723839 0.4769124388694763 80
1690134723855 0.4766286015510559 81
1690134723879 0.47634387016296387 82
1690134723895 0.47605815529823303 83
1690134723911 0.47577154636383057 84
1690134723935 0.4754840135574341 85
1690134723951 0.4751954972743988 86
1690134723967 0.4749060869216919 87
1690134723992 0.47461581230163574 88
1690134724014 0.474324494600296 89
1690134724032 0.47403228282928467 90
1690134724048 0.4737391769886017 91
1690134724072 0.4734450876712799 92
1690134724088 0.4731501042842865 93
1690134724111 0.4728541672229767 94
1690134724127 0.47255730628967285 95
1690134724152 0.472259521484375 96
1690134724168 0.4719608426094055 97
1690134724184 0.47166115045547485 98
1690134724208 0.47136056423187256 99
1690134724224 0.47105908393859863 100
1690134724240 0.4707566201686859 101
1690134724264 0.47045326232910156 102
1690134724280 0.4701489508152008 103
1690134724296 0.4698437750339508 104
1690134724319 0.469537615776062 105
1690134724335 0.4692305624485016 106
1690134724359 0.46892255544662476 107
1690134724375 0.4686136543750763 108
1690134724392 0.4683038890361786 109
1690134724416 0.4679931700229645 110
1690134724432 0.4676814675331116 111
1690134724448 0.4673689305782318 112
1690134724472 0.46705546975135803 113
1690134724488 0.46674108505249023 114
1690134724512 0.4664257764816284 115
1690134724528 0.46610957384109497 116
1690134724552 0.46579253673553467 117
1690134724568 0.46547454595565796 118
1690134724584 0.4651556611061096 119
1690134724917 0.46483588218688965 120
1690134724933 0.46451523900032043 121
1690134724949 0.4641936719417572 122
1690134724973 0.4638712406158447 123
1690134724989 0.463547945022583 124
1690134725012 0.4632236957550049 125
1690134725029 0.4628986716270447 126
1690134725045 0.46257269382476807 127
1690134725069 0.462245911359787 128
1690134725085 0.4619182348251343 129
1690134725101 0.4615897536277771 130
1690134725125 0.4612603783607483 131
1690134725141 0.46093010902404785 132
1690134725165 0.46059906482696533 133
1690134725181 0.4602671265602112 134
1690134725197 0.4599343538284302 135
1690134725222 0.4596008062362671 136
1690134725238 0.4592663645744324 137
1690134725262 0.4589311480522156 138
1690134725278 0.45859506726264954 139
1690134725302 0.4582582116127014 140
1690134725318 0.45792052149772644 141
1690134725342 0.4575819969177246 142
1690134725358 0.4572427272796631 143
1690134725374 0.4569026529788971 144
1690134725398 0.456561803817749 145
1690134725414 0.4562200903892517 146
1690134725430 0.4558776915073395 147
1690134725454 0.45553451776504517 148
1690134725470 0.4551905393600464 149
1690134725494 0.4548458158969879 150
1690134725512 0.45450031757354736 151
1690134725534 0.4541540741920471 152
1690134725550 0.45380711555480957 153
1690134725574 0.45345938205718994 154
1690134725590 0.4531109631061554 155
1690134725612 0.45276179909706116 156
1690134725630 0.452411949634552 157
1690134725654 0.45206135511398315 158
1690134725678 0.451710045337677 159
1690134725702 0.45135805010795593 160
1690134725726 0.45100539922714233 161
1690134725742 0.4506520628929138 162
1690134725766 0.450298011302948 163
1690134725782 0.4499433636665344 164
1690134725806 0.44958800077438354 165
1690134725822 0.44923198223114014 166
1690134725846 0.448875367641449 167
1690134725862 0.4485180377960205 168
1690134725886 0.4481601119041443 169
1690134725902 0.4478015899658203 170
1690134725918 0.4474424123764038 171
1690134725942 0.44708263874053955 172
1690134725958 0.4467222988605499 173
1690134725982 0.44636136293411255 174
1690134725998 0.44599977135658264 175
1690134726070 0.44563770294189453 176
1690134726094 0.44527503848075867 177
1690134726118 0.44491177797317505 178
1690134726134 0.44454798102378845 179
1690134726150 0.44418367743492126 180
1690134726166 0.4438188076019287 181
1690134726191 0.44345343112945557 182
1690134726214 0.44308751821517944 183
1690134726230 0.44272109866142273 184
1690134726246 0.4423542022705078 185
1690134726270 0.4419868290424347 186
1690134726286 0.4416189193725586 187
1690134726310 0.4412505626678467 188
1690134726326 0.44088175892829895 189
1690134726350 0.440512478351593 190
1690134726366 0.44014275074005127 191
1690134726383 0.4397726356983185 192
1690134726407 0.4394020438194275 193
1690134726426 0.43903106451034546 194
1690134726448 0.4386596083641052 195
1690134726464 0.4382878243923187 196
1690134726488 0.4379156231880188 197
1690134726504 0.43754303455352783 198
1690134726528 0.4371700882911682 199
1690134726544 0.43679678440093994 200
1690134726560 0.436423122882843 201
1690134726584 0.43604913353919983 202
1690134726600 0.435674786567688 203
1690134726616 0.4353001117706299 204
1690134726641 0.4349251389503479 205
1690134726659 0.43454983830451965 206
1690134726680 0.43417423963546753 207
1690134726696 0.4337983727455139 208
1690134726713 0.4334222078323364 209
1690134726736 0.4330458343029022 210
1690134726752 0.43266916275024414 211
1690134726776 0.43229222297668457 212
1690134726800 0.4319150745868683 213
1690134726817 0.4315377175807953 214
1690134726841 0.4311600923538208 215
1690134726858 0.430782288312912 216
1690134726881 0.43040427565574646 217
1690134726898 0.4300260543823242 218
1690134726913 0.42964768409729004 219
1690134726937 0.4292691648006439 220
1690134726953 0.4288904666900635 221
1690134726969 0.4285115599632263 222
1690134726993 0.4281325936317444 223
1690134727015 0.4277534484863281 224
1690134727026 0.4273741841316223 225
1690134727050 0.42699480056762695 226
1690134727066 0.4266153573989868 227
1690134727082 0.4262358248233795 228
1690134727107 0.42585617303848267 229
1690134727125 0.42547646164894104 230
1690134727147 0.42509669065475464 231
1690134727163 0.42471686005592346 232
1690134727187 0.4243369698524475 233
1690134727203 0.42395704984664917 234
1690134727219 0.4235771894454956 235
1690134727235 0.4231972098350525 236
1690134727259 0.42281726002693176 237
1690134727275 0.42243731021881104 238
1690134727299 0.4220573902130127 239
1690134727315 0.42167750000953674 240
1690134727332 0.4212976098060608 241
1690134727356 0.420917809009552 242
1690134727860 0.4205380082130432 243
1690134727874 0.4201582670211792 244
1690134727898 0.41977864503860474 245
1690134727915 0.41939908266067505 246
1690134727938 0.4190196096897125 247
1690134727954 0.41864025592803955 248
1690134727970 0.41826099157333374 249
1690134727994 0.4178817868232727 250
1690134728017 0.4175027906894684 251
1690134728033 0.4171239137649536 252
1690134728049 0.4167451858520508 253
1690134728073 0.4163665771484375 254
1690134728089 0.41598814725875854 255
1690134728105 0.41560986638069153 256
1690134728130 0.4152318239212036 257
1690134728154 0.41485390067100525 258
1690134728170 0.414476215839386 259
1690134728186 0.41409873962402344 260
1690134728210 0.4137214422225952 261
1690134728226 0.4133444130420685 262
1690134728250 0.4129675626754761 263
1690134728266 0.41259104013442993 264
1690134728282 0.4122146666049957 265
1690134728298 0.4118385910987854 266
1690134728322 0.41146278381347656 267
1690134728346 0.4110872745513916 268
1690134728362 0.41071203351020813 269
1690134728378 0.41033709049224854 270
1690134728410 0.40996238589286804 271
1690134728434 0.4095880687236786 272
1690134728458 0.409214049577713 273
1690134728490 0.4088402986526489 274
1690134728514 0.4084669351577759 275
1690134728538 0.4080938696861267 276
1690134728562 0.4077211618423462 277
1690134728578 0.4073488414287567 278
1690134728602 0.4069768488407135 279
1690134728618 0.40660518407821655 280
1690134728634 0.4062339663505554 281
1690134728658 0.4058631360530853 282
1690134728674 0.4054926335811615 283
1690134728690 0.4051225781440735 284
1690134728716 0.4047529101371765 285
1690134728738 0.40438365936279297 286
1690134728754 0.40401482582092285 287
1690134728778 0.40364640951156616 288
1690134728794 0.4032784700393677 289
1690134728818 0.40291091799736023 290
1690134728834 0.402543842792511 291
1690134728850 0.40217721462249756 292
1690134728874 0.40181100368499756 293
1690134728890 0.40144529938697815 294
1690134728916 0.40108007192611694 295
1690134728930 0.40071532130241394 296
1690134728954 0.40035104751586914 297
1690134728970 0.39998728036880493 298
1690134728994 0.3996239900588989 299
1690134729016 0.3992612361907959 300
1690134729034 0.39889898896217346 301
1690134729050 0.3985372483730316 302
1690134729066 0.39817601442337036 303
1690134729090 0.3978153467178345 304
1690134729106 0.3974551558494568 305
1690134729122 0.39709556102752686 306
1690134729146 0.3967365026473999 307
1690134729162 0.39637795090675354 308
1690134729178 0.39601999521255493 309
1690134729202 0.3956626057624817 310
1690134729218 0.3953057527542114 311
1690134729234 0.3949494957923889 312
1690134729258 0.39459383487701416 313
1690134729274 0.3942387104034424 314
1690134729290 0.39388421177864075 315
1690134729314 0.3935302793979645 316
1690134729338 0.39317697286605835 317
1690134729354 0.3928242623806 318
1690134729378 0.39247211813926697 319
1690134729402 0.3921206295490265 320
1690134729418 0.39176976680755615 321
1690134729442 0.3914194703102112 322
1690134729466 0.39106985926628113 323
1690134729482 0.3907208740711212 324
1690134729506 0.39037248492240906 325
1690134729530 0.39002475142478943 326
1690134729554 0.38967767357826233 327
1690134729570 0.38933122158050537 328
1690134729603 0.38898545503616333 329
1690134729619 0.38864028453826904 330
1690134729643 0.38829582929611206 331
1690134729667 0.3879520297050476 332
1690134729683 0.3876088559627533 333
1690134729699 0.3872663676738739 334
1690134729723 0.3869245946407318 335
1690134729739 0.38658344745635986 336
1690134729763 0.3862430155277252 337
1690134729779 0.3859032392501831 338
1690134729803 0.3855641782283783 339
1690134729859 0.385225772857666 340
1690134729883 0.38488808274269104 341
1690134729908 0.38455110788345337 342
1690134729932 0.3842148184776306 343
1690134729948 0.3838791847229004 344
1690134729964 0.38354429602622986 345
1690134729988 0.38321012258529663 346
1690134730004 0.3828766644001007 347
1690134730020 0.3825439214706421 348
1690134730044 0.3822118639945984 349
1690134730060 0.3818805515766144 350
1690134730084 0.3815499544143677 351
1690134730100 0.38122010231018066 352
1690134730117 0.38089096546173096 353
1690134730140 0.38056254386901855 354
1690134730156 0.38023483753204346 355
1690134730180 0.37990790605545044 356
1690134730196 0.3795816898345947 357
1690134730217 0.3792562186717987 358
1690134730236 0.3789314925670624 359
1690134730252 0.37860748171806335 360
1690134730268 0.378284215927124 361
1690134730284 0.37796175479888916 362
1690134730308 0.3776399791240692 363
1690134730324 0.37731894850730896 364
1690134730348 0.3769987225532532 365
1690134730364 0.3766792118549347 366
1690134730380 0.3763604760169983 367
1690134730404 0.3760424852371216 368
1690134730428 0.37572526931762695 369
1690134730444 0.37540876865386963 370
1690134730468 0.3750930428504944 371
1690134730484 0.3747780919075012 372
1690134730500 0.37446391582489014 373
1690134730524 0.37415048480033875 374
1690134730541 0.37383779883384705 375
1690134730564 0.3735259175300598 376
1690134730581 0.3732147812843323 377
1690134730597 0.3729044198989868 378
1690134730621 0.37259483337402344 379
1690134730637 0.37228602170944214 380
1690134730653 0.37197795510292053 381
1690134730679 0.371670663356781 382
1690134730693 0.37136417627334595 383
1690134730709 0.3710584342479706 384
1690134730734 0.3707534968852997 385
1690134730750 0.3704493045806885 386
1690134730766 0.37014588713645935 387
1690134730790 0.3698432445526123 388
1690134730814 0.36954137682914734 389
1690134730827 0.36924031376838684 390
1690134730846 0.3689400255680084 391
1690134730870 0.3686404824256897 392
1690134730894 0.36834168434143066 393
1690134730918 0.3680437505245209 394
1690134730934 0.3677465617656708 395
1690134730958 0.36745014786720276 396
1690134730974 0.3671545088291168 397
1690134730998 0.36685964465141296 398
1690134731018 0.3665655553340912 399
1690134731030 0.3662722408771515 400
1690134731054 0.36597973108291626 401
1690134731070 0.3656879961490631 402
1690134731094 0.36539700627326965 403
1690134731110 0.36510682106018066 404
1690134731126 0.36481738090515137 405
1690134731150 0.3645287752151489 406
1690134731166 0.3642409145832062 407
1690134731182 0.3639538586139679 408
1690134731206 0.3636675477027893 409
1690134731222 0.3633820414543152 410
1690134731246 0.36309728026390076 411
1690134731262 0.3628132939338684 412
1690134731278 0.3625301122665405 413
1690134731302 0.3622477054595947 414
1690134731318 0.3619660437107086 415
1690134731342 0.361685186624527 416
1690134731366 0.36140507459640503 417
1690134731382 0.36112573742866516 418
1690134731398 0.36084723472595215 419
1690134731423 0.36056941747665405 420
1690134731439 0.3602924048900604 421
1690134731455 0.3600161671638489 422
1690134731479 0.3597407042980194 423
1690134731495 0.35946598649024963 424
1690134731519 0.3591920733451843 425
1690134731535 0.3589189350605011 426
1690134731551 0.3586465120315552 427
1690134731575 0.3583748936653137 428
1690134731591 0.35810402035713196 429
1690134731615 0.3578339219093323 430
1690134731631 0.3575645685195923 431
1690134731655 0.357295960187912 432
1690134731671 0.35702818632125854 433
1690134731687 0.35676109790802 434
1690134731711 0.35649481415748596 435
1690134731727 0.3562292456626892 436
1690134731751 0.3559644818305969 437
1690134731767 0.35570043325424194 438
1690134731783 0.3554372191429138 439
1690134732598 0.3551746606826782 440
1690134732621 0.3549128770828247 441
1690134732641 0.35465186834335327 442
1690134732665 0.35439157485961914 443
1690134732681 0.3541320860385895 444
1690134732697 0.3538733124732971 445
1690134732721 0.35361531376838684 446
1690134732745 0.35335803031921387 447
1690134732769 0.3531014621257782 448
1690134732785 0.3528456687927246 449
1690134732809 0.3525906205177307 450
1690134732825 0.3523362874984741 451
1690134732857 0.3520826995372772 452
1690134732873 0.35182985663414 453
1690134732897 0.3515777587890625 454
1690134732921 0.3513263761997223 455
1690134732945 0.3510757386684418 456
1690134732969 0.35082584619522095 457
1690134732993 0.35057663917541504 458
1690134733017 0.3503282070159912 459
1690134733033 0.3500804603099823 460
1690134733057 0.3498334586620331 461
1690134733073 0.34958717226982117 462
1690134733097 0.34934163093566895 463
1690134733113 0.34909680485725403 464
1690134733137 0.3488526940345764 465
1690134733153 0.3486092984676361 466
1690134733169 0.3483666181564331 467
1690134733193 0.3481246829032898 468
1690134733209 0.347883403301239 469
1690134733233 0.3476428687572479 470
1690134733249 0.34740301966667175 471
1690134733273 0.3471639156341553 472
1690134733289 0.3469254672527313 473
1690134733313 0.34668779373168945 474
1690134733329 0.34645071625709534 475
1690134733345 0.3462144136428833 476
1690134733369 0.34597882628440857 477
1690134733385 0.34574392437934875 478
1690134733409 0.34550970792770386 479
1690134733425 0.3452761769294739 480
1690134733449 0.3450433611869812 481
1690134733473 0.34481123089790344 482
1690134733490 0.3445797562599182 483
1690134733514 0.3443489670753479 484
1690134733530 0.3441189229488373 485
1690134733554 0.3438895344734192 486
1690134733570 0.34366080164909363 487
1690134733594 0.34343278408050537 488
1690134733618 0.34320545196533203 489
1690134733634 0.34297874569892883 490
1690134733650 0.34275275468826294 491
1690134733674 0.34252744913101196 492
1690134733690 0.34230276942253113 493
1690134733714 0.3420788049697876 494
1690134733730 0.3418554663658142 495
1690134733746 0.3416328430175781 496
1690134733770 0.3414108455181122 497
1690134733786 0.34118953347206116 498
1690134733810 0.3409688472747803 499
1690134733866 0.3407488465309143 500
1690134733890 0.34052950143814087 501
1690134733922 0.34031081199645996 502
1690134733938 0.3400927782058716 503
1690134733962 0.33987540006637573 504
1690134733978 0.33965861797332764 505
1690134734002 0.33944255113601685 506
1690134734022 0.3392271399497986 507
1690134734042 0.3390123248100281 508
1690134734058 0.3387981653213501 509
1690134734082 0.33858466148376465 510
1690134734098 0.33837175369262695 511
1690134734114 0.3381595313549042 512
1690134734130 0.33794793486595154 513
1690134734154 0.33773690462112427 514
1690134734178 0.3375265896320343 515
1690134734194 0.3373168706893921 516
1690134734210 0.3371078073978424 517
1690134734234 0.3368993401527405 518
1690134734250 0.3366914987564087 519
1690134734274 0.33648428320884705 520
1690134734298 0.33627769351005554 521
1690134734314 0.3360716998577118 522
1690134734330 0.33586636185646057 523
1690134734354 0.3356615900993347 524
1690134734378 0.335457444190979 525
1690134734394 0.33525392413139343 526
1690134734418 0.3350510001182556 527
1690134734434 0.33484870195388794 528
1690134734458 0.334646999835968 529
1690134734474 0.33444589376449585 530
1690134734498 0.33424538373947144 531
1690134734514 0.33404549956321716 532
1690134734530 0.33384618163108826 533
1690134734554 0.3336474895477295 534
1690134734570 0.3334493637084961 535
1690134734594 0.33325186371803284 536
1690134734610 0.33305492997169495 537
1690134734634 0.3328585922718048 538
1690134734651 0.33266282081604004 539
1690134734667 0.3324676752090454 540
1690134734691 0.33227306604385376 541
1690134734715 0.33207905292510986 542
1690134734731 0.3318856358528137 543
1690134734747 0.33169275522232056 544
1690134734771 0.33150050044059753 545
1690134734795 0.3313087821006775 546
1690134734811 0.3311176896095276 547
1690134734827 0.3309271037578583 548
1690134734851 0.3307371139526367 549
1690134734867 0.33054763078689575 550
1690134734891 0.3303588032722473 551
1690134734907 0.33017051219940186 552
1690134734923 0.3299827575683594 553
1690134734947 0.32979556918144226 554
1690134734963 0.3296089768409729 555
1690134734979 0.32942289113998413 556
1690134734995 0.32923734188079834 557
1690134735019 0.3290523886680603 558
1690134735035 0.32886797189712524 559
1690134735051 0.32868409156799316 560
1690134735075 0.32850080728530884 561
1690134735091 0.3283179998397827 562
1690134735107 0.32813578844070435 563
1690134735131 0.32795408368110657 564
1690134735147 0.32777291536331177 565
1690134735163 0.32759231328964233 566
1690134735187 0.3274122178554535 567
1690134735203 0.3272326588630676 568
1690134735227 0.32705360651016235 569
1690134735243 0.32687512040138245 570
1690134735259 0.3266971707344055 571
1690134735283 0.3265197277069092 572
1690134735299 0.3263428211212158 573
1690134735315 0.32616642117500305 574
1690134735331 0.32599055767059326 575
1690134735355 0.32581520080566406 576
1690134735371 0.32564038038253784 577
1690134735395 0.3254660665988922 578
1690134735411 0.3252922594547272 579
1690134735427 0.3251189887523651 580
1690134735452 0.32494619488716125 581
1690134735467 0.3247739374637604 582
1690134735491 0.3246021568775177 583
1690134735515 0.324430912733078 584
1690134735531 0.3242601454257965 585
1690134735547 0.324089914560318 586
1690134735571 0.3239201605319977 587
1690134735587 0.32375091314315796 588
1690134735611 0.32358211278915405 589
1690134735627 0.3234138786792755 590
1690134735644 0.3232461214065552 591
1690134735668 0.32307884097099304 592
1690134735684 0.3229120373725891 593
1690134735708 0.3227457106113434 594
1690134735724 0.32257992029190063 595
1690134735740 0.3224145770072937 596
1690134735764 0.32224974036216736 597
1690134735780 0.3220853805541992 598
1690134735796 0.32192152738571167 599
1690134735820 0.32175809144973755 600
1690134735836 0.321595162153244 601
1690134735860 0.3214327394962311 602
1690134735876 0.32127076387405396 603
1690134735892 0.32110923528671265 604
1690134735916 0.32094821333885193 605
1690134735932 0.32078760862350464 606
1690134735948 0.32062751054763794 607
1690134735972 0.32046788930892944 608
1690134735988 0.32030871510505676 609
1690134736012 0.3201500177383423 610
1690134736028 0.3199917674064636 611
1690134736052 0.31983399391174316 612
1690134736068 0.31967660784721375 613
1690134736092 0.3195197582244873 614
1690134736108 0.3193633258342743 615
1690134736124 0.3192073404788971 616
1690134736148 0.3190518319606781 617
1690134736164 0.3188967704772949 618
1690134736188 0.31874215602874756 619
1690134736204 0.3185879588127136 620
1690134736228 0.3184342086315155 621
1690134736244 0.3182809352874756 622
1690134736268 0.3181280791759491 623
1690134736284 0.3179756700992584 624
1690134736300 0.31782370805740356 625
1690134736324 0.31767216324806213 626
1690134736340 0.3175210952758789 627
1690134736356 0.3173704147338867 628
1690134736380 0.31722021102905273 629
1690134736396 0.3170703947544098 630
1690134736412 0.31692105531692505 631
1690134736436 0.31677210330963135 632
1690134736452 0.31662359833717346 633
1690134736476 0.316475510597229 634
1690134736500 0.31632786989212036 635
1690134736516 0.31618061661720276 636
1690134736532 0.31603381037712097 637
1690134736556 0.3158873915672302 638
1690134736580 0.3157414197921753 639
1690134736596 0.3155958354473114 640
1690134736612 0.31545066833496094 641
1690134736636 0.3153059482574463 642
1690134736652 0.3151616156101227 643
1690134736676 0.3150177299976349 644
1690134736692 0.31487420201301575 645
1690134736708 0.3147311210632324 646
1690134736732 0.31458842754364014 647
1690134736748 0.3144461214542389 648
1690134736764 0.31430426239967346 649
1690134736788 0.3141627907752991 650
1690134736812 0.3140217065811157 651
1690134736828 0.3138810396194458 652
1690134736844 0.31374073028564453 653
1690134736868 0.3136008381843567 654
1690134736884 0.3134613633155823 655
1690134736900 0.3133222460746765 656
1690134736924 0.31318357586860657 657
1690134736940 0.3130452632904053 658
1690134736972 0.312907338142395 659
1690134737021 0.3127698004245758 660
1690134737039 0.31263267993927 661
1690134737063 0.3124959170818329 662
1690134737079 0.3123595118522644 663
1690134737095 0.31222355365753174 664
1690134737111 0.31208792328834534 665
1690134737127 0.31195271015167236 666
1690134737151 0.31181785464286804 667
1690134737175 0.31168338656425476 668
1690134737191 0.3115493059158325 669
1690134737215 0.31141555309295654 670
1690134737231 0.311282217502594 671
1690134737247 0.3111492395401001 672
1690134737271 0.31101661920547485 673
1690134737287 0.31088441610336304 674
1690134737303 0.3107525110244751 675
1690134737327 0.3106210231781006 676
1690134737344 0.3104898929595947 677
1690134737368 0.3103591501712799 678
1690134737392 0.31022876501083374 679
1690134737408 0.31009867787361145 680
1690134737432 0.309969037771225 681
1690134737448 0.30983972549438477 682
1690134737472 0.3097107708454132 683
1690134737488 0.3095821738243103 684
1690134737512 0.30945393443107605 685
1690134737528 0.30932605266571045 686
1690134737552 0.3091984987258911 687
1690134737568 0.3090713322162628 688
1690134737592 0.3089444935321808 689
1690134737608 0.3088180422782898 690
1690134737632 0.3086918890476227 691
1690134737648 0.3085660934448242 692
1690134737672 0.3084406852722168 693
1690134737688 0.30831557512283325 694
1690134737712 0.30819085240364075 695
1690134737728 0.3080664575099945 696
1690134737744 0.30794239044189453 697
1690134737768 0.3078186511993408 698
1690134737784 0.30769526958465576 699
1690134737808 0.30757224559783936 700
1690134737826 0.3074495196342468 701
1690134737848 0.30732715129852295 702
1690134737864 0.3072051405906677 703
1690134737880 0.3070834279060364 704
1690134737896 0.3069620728492737 705
1690134737920 0.30684104561805725 706
1690134737936 0.3067203164100647 707
1690134737960 0.3065999448299408 708
1690134737976 0.30647990107536316 709
1690134738000 0.3063601851463318 710
1690134738016 0.3062407970428467 711
1690134738032 0.30612170696258545 712
1690134738056 0.30600297451019287 713
1690134738072 0.30588456988334656 714
1690134738088 0.30576643347740173 715
1690134738104 0.30564868450164795 716
1690134738128 0.30553123354911804 717
1690134738144 0.3054140508174896 718
1690134738168 0.30529725551605225 719
1690134738185 0.30518072843551636 720
1690134738209 0.30506452918052673 721
1690134738232 0.30494868755340576 722
1690134738249 0.3048330843448639 723
1690134738265 0.3047178387641907 724
1690134738281 0.30460289120674133 725
1690134738305 0.30448827147483826 726
1690134738326 0.30437394976615906 727
1690134738345 0.30425992608070374 728
1690134738369 0.3041462302207947 729
1690134738385 0.3040328323841095 730
1690134738409 0.3039197325706482 731
1690134738426 0.30380696058273315 732
1690134738449 0.3036944270133972 733
1690134738465 0.30358225107192993 734
1690134738481 0.3034703731536865 735
1690134738497 0.3033587634563446 736
1690134738521 0.30324748158454895 737
1690134738545 0.3031364679336548 738
1690134738561 0.3030257821083069 739
1690134738577 0.30291539430618286 740
1690134738593 0.3028052747249603 741
1690134738617 0.30269545316696167 742
1690134738633 0.3025859594345093 743
1690134738657 0.302476704120636 744
1690134738673 0.30236777663230896 745
1690134738689 0.3022591173648834 746
1690134738713 0.30215075612068176 747
1690134738729 0.302042692899704 748
1690134738745 0.3019349277019501 749
1690134738761 0.30182740092277527 750
1690134738785 0.30172020196914673 751
1690134738809 0.3016132712364197 752
1690134738827 0.3015066385269165 753
1690134738849 0.30140024423599243 754
1690134738865 0.3012941777706146 755
1690134738881 0.3011883497238159 756
1690134738905 0.3010828495025635 757
1690134738929 0.3009776175022125 758
1690134738946 0.30087265372276306 759
1690134738962 0.3007679581642151 760
1690134738986 0.3006635308265686 761
1690134739010 0.300559401512146 762
1690134739027 0.3004555404186249 763
1690134739042 0.30035194754600525 764
1690134739066 0.3002486228942871 765
1690134739082 0.30014559626579285 766
1690134739098 0.3000428080558777 767
1690134739122 0.299940288066864 768
1690134739146 0.29983803629875183 769
1690134739162 0.29973605275154114 770
1690134739178 0.2996343672275543 771
1690134739202 0.299532949924469 772
1690134739218 0.2994317412376404 773
1690134739234 0.29933083057403564 774
1690134739250 0.2992301881313324 775
1690134739274 0.29912981390953064 776
1690134739290 0.299029678106308 777
1690134739314 0.2989298105239868 778
1690134739330 0.29883021116256714 779
1690134739346 0.29873088002204895 780
1690134739362 0.29863178730010986 781
1690134740754 0.29853296279907227 782
1690134740778 0.29843437671661377 783
1690134740802 0.29833608865737915 784
1690134740826 0.29823803901672363 785
1690134740850 0.29814019799232483 786
1690134740866 0.2980426847934723 787
1690134740898 0.29794538021087646 788
1690134740914 0.29784834384918213 789
1690134740930 0.2977515161037445 790
1690134740946 0.2976549565792084 791
1690134740970 0.29755866527557373 792
1690134740994 0.2974626421928406 793
1690134741010 0.29736682772636414 794
1690134741034 0.2972712814807892 795
1690134741050 0.29717597365379333 796
1690134741066 0.2970809042453766 797
1690134741090 0.29698610305786133 798
1690134741106 0.2968915104866028 799
1690134741130 0.2967971861362457 800
1690134741146 0.2967031002044678 801
1690134741162 0.2966092526912689 802
1690134741186 0.29651564359664917 803
1690134741202 0.2964222729206085 804
1690134741219 0.29632917046546936 805
1690134741243 0.2962362468242645 806
1690134741259 0.29614362120628357 807
1690134741283 0.29605117440223694 808
1690134741307 0.2959590256214142 809
1690134741330 0.29586708545684814 810
1690134741362 0.2957753837108612 811
1690134741394 0.295683890581131 812
1690134741434 0.29559266567230225 813
1690134741483 0.2955016493797302 814
1690134741507 0.2954108715057373 815
1690134741539 0.2953203022480011 816
1690134741555 0.2952300012111664 817
1690134741579 0.2951399087905884 818
1690134741595 0.2950500547885895 819
1690134741619 0.2949604094028473 820
1690134741635 0.2948710024356842 821
1690134741651 0.2947818636894226 822
1690134741667 0.29469287395477295 823
1690134741691 0.2946041524410248 824
1690134741707 0.2945156693458557 825
1690134741731 0.29442739486694336 826
1690134741747 0.29433929920196533 827
1690134741763 0.2942515015602112 828
1690134741779 0.29416388273239136 829
1690134741803 0.29407650232315063 830
1690134741827 0.29398930072784424 831
1690134741843 0.29390233755111694 832
1690134741867 0.29381564259529114 833
1690134741883 0.29372912645339966 834
1690134741907 0.2936428189277649 835
1690134741923 0.29355674982070923 836
1690134741947 0.2934708893299103 837
1690134741963 0.29338523745536804 838
1690134741979 0.2932998239994049 839
1690134742003 0.2932145893573761 840
1690134742019 0.2931295931339264 841
1690134742043 0.293044775724411 842
1690134742059 0.29296019673347473 843
1690134742083 0.29287585616111755 844
1690134742099 0.2927916646003723 845
1690134742123 0.29270774126052856 846
1690134742140 0.29262399673461914 847
1690134742164 0.29254046082496643 848
1690134742188 0.29245713353157043 849
1690134742204 0.29237401485443115 850
1690134742220 0.2922911047935486 851
1690134742244 0.2922084331512451 852
1690134742260 0.2921259105205536 853
1690134742284 0.29204362630844116 854
1690134742300 0.29196155071258545 855
1690134742316 0.29187965393066406 856
1690134742340 0.2917979657649994 857
1690134742356 0.2917165160179138 858
1690134742372 0.2916352450847626 859
1690134742396 0.29155415296554565 860
1690134742412 0.29147329926490784 861
1690134742436 0.29139262437820435 862
1690134742452 0.29131215810775757 863
1690134742476 0.2912318706512451 864
1690134742492 0.2911517918109894 865
1690134742516 0.29107192158699036 866
1690134742532 0.29099223017692566 867
1690134742548 0.2909127473831177 868
1690134742572 0.290833443403244 869
1690134742588 0.29075437784194946 870
1690134742604 0.29067546129226685 871
1690134742628 0.29059675335884094 872
1690134742644 0.29051825404167175 873
1690134742660 0.2904399335384369 874
1690134742684 0.29036179184913635 875
1690134742700 0.2902838885784149 876
1690134742724 0.2902061343193054 877
1690134742740 0.29012855887413025 878
1690134742756 0.2900512218475342 879
1690134742780 0.28997406363487244 880
1690134742796 0.28989705443382263 881
1690134742812 0.28982025384902954 882
1690134742836 0.28974366188049316 883
1690134742860 0.2896672487258911 884
1690134742876 0.2895910143852234 885
1690134742900 0.28951495885849 886
1690134742924 0.2894390821456909 887
1690134742940 0.28936341404914856 888
1690134742965 0.2892879247665405 889
1690134742981 0.28921258449554443 890
1690134742997 0.28913748264312744 891
1690134743021 0.2890625298023224 892
1690134743045 0.28898778557777405 893
1690134743061 0.28891319036483765 894
1690134743077 0.28883877396583557 895
1690134743101 0.2887645661830902 896
1690134743117 0.2886905372142792 897
1690134743133 0.28861668705940247 898
1690134743161 0.2885429859161377 899
1690134743173 0.28846949338912964 900
1690134743197 0.2883961796760559 901
1690134743213 0.2883230447769165 902
1690134743233 0.28825005888938904 903
1690134743253 0.2881772518157959 904
1690134743269 0.2881046235561371 905
1690134743293 0.288032203912735 906
1690134743309 0.2879599332809448 907
1690134743333 0.287887841463089 908
1690134743357 0.2878159284591675 909
1690134743381 0.2877441644668579 910
1690134743397 0.28767260909080505 911
1690134743421 0.28760117292404175 912
1690134743437 0.28752994537353516 913
1690134743453 0.2874588966369629 914
1690134743477 0.28738799691200256 915
1690134743493 0.28731727600097656 916
1690134743517 0.2872467339038849 917
1690134743533 0.28717637062072754 918
1690134743557 0.28710615634918213 919
1690134743574 0.28703609108924866 920
1690134743598 0.2869662344455719 921
1690134743614 0.2868965268135071 922
1690134743634 0.2868269681930542 923
1690134743654 0.28675758838653564 924
1690134743670 0.2866883873939514 925
1690134743694 0.2866193652153015 926
1690134743710 0.28655046224594116 927
1690134743734 0.28648173809051514 928
1690134743750 0.28641319274902344 929
1690134743766 0.2863447964191437 930
1690134743790 0.28627654910087585 931
1690134743806 0.28620851039886475 932
1690134743834 0.2861406207084656 933
1690134743854 0.28607285022735596 934
1690134743870 0.28600528836250305 935
1690134743886 0.2859378457069397 936
1690134743910 0.28587061166763306 937
1690134743926 0.28580349683761597 938
1690134743950 0.2857365608215332 939
1690134743966 0.2856697738170624 940
1690134743982 0.2856031358242035 941
1690134743998 0.2855367064476013 942
1690134744022 0.2854703962802887 943
1690134744038 0.285404235124588 944
1690134744054 0.28533822298049927 945
1690134744078 0.28527238965034485 946
1690134744094 0.28520670533180237 947
1690134744110 0.2851411998271942 948
1690134744134 0.2850758135318756 949
1690134744150 0.28501057624816895 950
1690134744166 0.2849455177783966 951
1690134744190 0.2848805785179138 952
1690134744206 0.28481581807136536 953
1690134744230 0.2847512662410736 954
1690134744246 0.28468677401542664 955
1690134744262 0.284622460603714 956
1690134744278 0.28455832600593567 957
1690134744302 0.2844943106174469 958
1690134744318 0.28443047404289246 959
1690134744334 0.28436675667762756 960
1690134744358 0.284303218126297 961
1690134744374 0.284239798784256 962
1690134744398 0.2841765582561493 963
1690134744414 0.28411340713500977 964
1690134744434 0.28405046463012695 965
1690134744446 0.2839876413345337 966
1690134744470 0.28392499685287476 967
1690134744486 0.283862441778183 968
1690134744510 0.2838000953197479 969
1690134744526 0.28373783826828003 970
1690134744542 0.28367578983306885 971
1690134744566 0.28361383080482483 972
1690134744582 0.28355205059051514 973
1690134744606 0.2834903597831726 974
1690134744622 0.2834288477897644 975
1690134744647 0.28336748480796814 976
1690134744663 0.2833062708377838 977
1690134744695 0.2832452058792114 978
1690134744734 0.2831842303276062 979
1690134744754 0.2831234633922577 980
1690134744783 0.28306278586387634 981
1690134744799 0.28300225734710693 982
1690134744815 0.28294190764427185 983
1690134744839 0.2828816771507263 984
1690134744863 0.28282153606414795 985
1690134744879 0.2827616035938263 986
1690134744895 0.2827017903327942 987
1690134744919 0.28264209628105164 988
1690134744935 0.282582551240921 989
1690134744951 0.28252315521240234 990
1690134744975 0.2824639081954956 991
1690134744991 0.28240475058555603 992
1690134745007 0.2823457717895508 993
1690134745031 0.2822869122028351 994
1690134745047 0.2822282016277313 995
1690134745063 0.2821695804595947 996
1690134745087 0.28211113810539246 997
1690134745103 0.28205281496047974 998
1690134745119 0.28199461102485657 999
1690134745143 0.2819365859031677 1000
1690134745159 0.28187865018844604 1001
1690134745183 0.2818208932876587 1002
1690134745199 0.2817632257938385 1003
1690134745215 0.28170570731163025 1004
1690134745239 0.28164833784103394 1005
1690134745263 0.2815910577774048 1006
1690134745279 0.2815339267253876 1007
1690134745295 0.2814769446849823 1008
1690134745319 0.2814200818538666 1009
1690134745343 0.281363308429718 1010
1690134745359 0.28130674362182617 1011
1690134745375 0.2812502682209015 1012
1690134745399 0.28119391202926636 1013
1690134745415 0.2811376750469208 1014
1690134745435 0.2810816168785095 1015
1690134745455 0.28102564811706543 1016
1690134745471 0.2809697985649109 1017
1690134745495 0.2809140682220459 1018
1690134745511 0.2808585464954376 1019
1690134745527 0.2808030843734741 1020
1690134745551 0.28074774146080017 1021
1690134745567 0.28069254755973816 1022
1690134745591 0.2806374728679657 1023
1690134745607 0.2805825173854828 1024
1690134745623 0.28052768111228943 1025
1690134745647 0.280472993850708 1026
1690134745663 0.28041839599609375 1027
1690134745687 0.28036394715309143 1028
1690134745703 0.2803095877170563 1029
1690134745719 0.28025540709495544 1030
1690134745743 0.2802013158798218 1031
1690134745767 0.28014737367630005 1032
1690134745783 0.2800935208797455 1033
1690134745807 0.28003981709480286 1034
1690134745823 0.2799862027168274 1035
1690134745847 0.27993273735046387 1036
1690134745863 0.2798793911933899 1037
1690134745887 0.2798261344432831 1038
1690134745904 0.2797730267047882 1039
1690134745928 0.2797200083732605 1040
1690134745944 0.2796671688556671 1041
1690134745968 0.2796144187450409 1042
1690134745984 0.27956175804138184 1043
1690134746000 0.2795092463493347 1044
1690134746024 0.27945685386657715 1045
1690134746048 0.27940455079078674 1046
1690134746064 0.2793523967266083 1047
1690134746080 0.279300332069397 1048
1690134746104 0.2792484164237976 1049
1690134746120 0.2791966199874878 1050
1690134746136 0.27914488315582275 1051
1690134746152 0.27909332513809204 1052
1690134746176 0.2790418565273285 1053
1690134746192 0.2789904773235321 1054
1690134746208 0.27893927693367004 1055
1690134746232 0.27888813614845276 1056
1690134746248 0.2788371443748474 1057
1690134746264 0.27878624200820923 1058
1690134746288 0.2787354290485382 1059
1690134746304 0.2786847651004791 1060
1690134746328 0.2786342203617096 1061
1690134746344 0.2785837650299072 1062
1690134746368 0.2785334587097168 1063
1690134746384 0.27848324179649353 1064
1690134746400 0.2784331142902374 1065
1690134746424 0.27838313579559326 1066
1690134746440 0.27833324670791626 1067
1690134746464 0.2782834768295288 1068
1690134746480 0.2782338261604309 1069
1690134746504 0.27818426489830017 1070
1690134746520 0.278134822845459 1071
1690134746544 0.27808550000190735 1072
1690134746560 0.27803629636764526 1073
1690134746576 0.27798718214035034 1074
1690134746600 0.27793818712234497 1075
1690134746616 0.27788928151130676 1076
1690134746636 0.2778404951095581 1077
1690134746656 0.277791827917099 1078
1690134746672 0.27774325013160706 1079
1690134746688 0.27769479155540466 1080
1690134746712 0.27764642238616943 1081
1690134746728 0.27759820222854614 1082
1690134746744 0.2775500416755676 1083
1690134746768 0.27750200033187866 1084
1690134746784 0.27745407819747925 1085
1690134746800 0.2774062752723694 1086
1690134746824 0.2773585319519043 1087
1690134746845 0.27731093764305115 1088
1690134746865 0.27726343274116516 1089
1690134746881 0.27721601724624634 1090
1690134746897 0.27716872096061707 1091
1690134746921 0.27712151408195496 1092
1690134746936 0.2770744264125824 1093
1690134746960 0.2770274579524994 1094
1690134746976 0.27698054909706116 1095
1690134746992 0.27693378925323486 1096
1690134747016 0.27688711881637573 1097
1690134747032 0.27684053778648376 1098
1690134747048 0.27679404616355896 1099
1690134747072 0.2767477035522461 1100
1690134747088 0.276701420545578 1101
1690134747104 0.27665525674819946 1102
1690134747128 0.2766091823577881 1103
1690134747145 0.27656322717666626 1104
1690134747160 0.2765173614025116 1105
1690134747176 0.2764715850353241 1106
1690134747200 0.27642589807510376 1107
1690134747224 0.27638036012649536 1108
1690134747240 0.27633488178253174 1109
1690134747256 0.27628952264785767 1110
1690134747281 0.27624425292015076 1111
1690134747297 0.276199072599411 1112
1690134747313 0.2761540412902832 1113
1690134747337 0.27610906958580017 1114
1690134747361 0.2760641574859619 1115
1690134747377 0.2760193943977356 1116
1690134747393 0.27597472071647644 1117
1690134747417 0.27593013644218445 1118
1690134747437 0.2758856415748596 1119
1690134747457 0.27584126591682434 1120
1690134747473 0.2757969796657562 1121
1690134747489 0.2757527828216553 1122
1690134747513 0.2757086753845215 1123
1690134747529 0.27566468715667725 1124
1690134747545 0.2756207585334778 1125
1690134747569 0.27557697892189026 1126
1690134747585 0.2755332291126251 1127
1690134747609 0.27548959851264954 1128
1690134747625 0.2754460871219635 1129
1690134747641 0.27540266513824463 1130
1690134747665 0.2753593325614929 1131
1690134747681 0.275316059589386 1132
1690134747705 0.2752729058265686 1133
1690134747721 0.2752298414707184 1134
1690134747745 0.2751868665218353 1135
1690134747761 0.2751440107822418 1136
1690134747777 0.2751012444496155 1137
1690134747801 0.2750585377216339 1138
1690134747817 0.2750159204006195 1139
1690134747854 0.27497342228889465 1140
1690134747890 0.27493101358413696 1141
1690134747914 0.27488869428634644 1142
1690134747930 0.27484646439552307 1143
1690134747954 0.27480435371398926 1144
1690134747970 0.2747623026371002 1145
1690134747986 0.27472031116485596 1146
1690134748010 0.27467843890190125 1147
1690134748026 0.2746366560459137 1148
1690134748042 0.2745949625968933 1149
1690134748066 0.2745533883571625 1150
1690134748082 0.27451184391975403 1151
1690134748098 0.2744704484939575 1152
1690134748114 0.2744291126728058 1153
1690134748137 0.2743878662586212 1154
1690134748154 0.2743467390537262 1155
1690134748169 0.27430564165115356 1156
1690134748193 0.2742646634578705 1157
1690134748209 0.27422377467155457 1158
1690134748233 0.2741829752922058 1159
1690134748250 0.27414223551750183 1160
1690134748266 0.274101585149765 1161
1690134748290 0.27406108379364014 1162
1690134748314 0.27402061223983765 1163
1690134748330 0.2739802300930023 1164
1690134748346 0.27393996715545654 1165
1690134748370 0.27389973402023315 1166
1690134748386 0.2738596498966217 1167
1690134748402 0.27381962537765503 1168
1690134748426 0.27377966046333313 1169
1690134748442 0.2737398147583008 1170
1690134748458 0.2737000584602356 1171
1690134748482 0.2736603319644928 1172
1690134748498 0.27362072467803955 1173
1690134748514 0.27358120679855347 1174
1690134748538 0.27354177832603455 1175
1690134748554 0.2735024094581604 1176
1690134748570 0.2734631597995758 1177
1690134748594 0.273423969745636 1178
1690134748610 0.27338486909866333 1179
1690134748634 0.27334585785865784 1180
1690134748650 0.2733069062232971 1181
1690134748674 0.27326804399490356 1182
1690134748690 0.2732292711734772 1183
1690134748714 0.27319055795669556 1184
1690134748730 0.2731519639492035 1185
1690134748746 0.2731134593486786 1186
1690134748770 0.2730749845504761 1187
1690134748786 0.2730366289615631 1188
1690134748810 0.2729983627796173 1189
1690134748826 0.2729601562023163 1190
1690134748850 0.2729220390319824 1191
1690134748866 0.27288398146629333 1192
1690134748890 0.2728460431098938 1193
1690134748906 0.27280813455581665 1194
1690134748930 0.27277031540870667 1195
1690134748946 0.27273258566856384 1196
1690134748962 0.27269497513771057 1197
1690134748986 0.2726573944091797 1198
1690134749002 0.27261993288993835 1199
1690134749026 0.2725825011730194 1200
1690134749042 0.27254518866539 1201
1690134749066 0.2725079357624054 1202
1690134749082 0.27247074246406555 1203
1690134749098 0.27243366837501526 1204
1690134749122 0.27239662408828735 1205
1690134749146 0.272359699010849 1206
1690134749162 0.2723228335380554 1207
1690134749178 0.272286057472229 1208
1690134749202 0.27224934101104736 1209
1690134749218 0.2722127139568329 1210
1690134749242 0.27217617630958557 1211
1690134749258 0.27213966846466064 1212
1690134749274 0.27210327982902527 1213
1690134749298 0.27206695079803467 1214
1690134749314 0.27203071117401123 1215
1690134749330 0.27199453115463257 1216
1690134749354 0.27195844054222107 1217
1690134749370 0.27192240953445435 1218
1690134749387 0.2718864679336548 1219
1690134749410 0.2718505859375 1220
1690134749426 0.2718147933483124 1221
1690134749442 0.27177906036376953 1222
1690134749466 0.27174338698387146 1223
1690134749482 0.2717078626155853 1224
1690134749498 0.2716723382472992 1225
1690134749522 0.2716369330883026 1226
1690134749546 0.2716015577316284 1227
1690134749563 0.2715663015842438 1228
1690134749578 0.27153104543685913 1229
1690134749594 0.2714959383010864 1230
1690134749619 0.2714608609676361 1231
1690134749643 0.27142587304115295 1232
1690134749659 0.27139097452163696 1233
1690134749675 0.27135610580444336 1234
1690134749699 0.2713213562965393 1235
1690134749715 0.27128666639328003 1236
1690134749731 0.27125200629234314 1237
1690134749747 0.2712174654006958 1238
1690134749771 0.27118298411369324 1239
1690134749787 0.27114856243133545 1240
1690134749803 0.2711142301559448 1241
1690134749827 0.271079957485199 1242
1690134749851 0.2710457444190979 1243
1690134749867 0.2710115909576416 1244
1690134749883 0.27097755670547485 1245
1690134749907 0.2709435522556305 1246
1690134749923 0.2709096372127533 1247
1690134749947 0.2708757817745209 1248
1690134749971 0.2708420157432556 1249
1690134749987 0.27080830931663513 1250
1690134750011 0.27077463269233704 1251
1690134750027 0.2707410752773285 1252
1690134750043 0.2707075774669647 1253
1690134750068 0.2706741392612457 1254
1690134750091 0.2706407904624939 1255
1690134750107 0.27060747146606445 1256
1690134750123 0.2705742418766022 1257
1690134750147 0.27054110169410706 1258
1690134750163 0.2705079913139343 1259
1690134750187 0.27047497034072876 1260
1690134750203 0.27044200897216797 1261
1690134750228 0.27040913701057434 1262
1690134750244 0.2703762948513031 1263
1690134750260 0.270343542098999 1264
1690134750284 0.2703108787536621 1265
1690134750300 0.2702782452106476 1266
1690134750316 0.2702457010746002 1267
1690134750340 0.27021321654319763 1268
1690134750356 0.27018076181411743 1269
1690134750380 0.2701483964920044 1270
1690134750396 0.27011609077453613 1271
1690134750412 0.2700839042663574 1272
1690134750436 0.2700517177581787 1273
1690134750452 0.27001962065696716 1274
1690134750476 0.2699876129627228 1275
1690134750492 0.2699556350708008 1276
1690134750508 0.26992374658584595 1277
1690134750532 0.2698919177055359 1278
1690134750548 0.2698601484298706 1279
1690134750572 0.2698284387588501 1280
1690134750588 0.26979681849479675 1281
1690134750612 0.2697652280330658 1282
1690134750628 0.269733726978302 1283
1690134750645 0.269702285528183 1284
1690134750669 0.26967090368270874 1285
1690134750685 0.2696395814418793 1286
1690134750709 0.2696083188056946 1287
1690134750725 0.26957711577415466 1288
1690134750748 0.2695459723472595 1289
1690134750764 0.26951491832733154 1290
1690134750780 0.26948392391204834 1291
1690134750804 0.2694529891014099 1292
1690134750820 0.26942208409309387 1293
1690134750844 0.2693912982940674 1294
1690134750860 0.2693605124950409 1295
1690134750892 0.26932984590530396 1296
1690134750908 0.2692992091178894 1297
1690134750932 0.26926863193511963 1298
1690134750948 0.26923811435699463 1299
1690134750972 0.2692076861858368 1300
1690134751012 0.26917728781700134 1301
1690134751044 0.26914697885513306 1302
1690134751070 0.26911669969558716 1303
1690134751094 0.2690865099430084 1304
1690134751110 0.26905637979507446 1305
1690134751134 0.2690263092517853 1306
1690134751150 0.26899629831314087 1307
1690134751166 0.26896631717681885 1308
1690134751190 0.268936425447464 1309
1690134751206 0.2689065635204315 1310
1690134751230 0.2688768208026886 1311
1690134751246 0.26884710788726807 1312
1690134751270 0.2688174247741699 1313
1690134751286 0.26878783106803894 1314
1690134751302 0.26875826716423035 1315
1690134751326 0.2687287926673889 1316
1690134751342 0.26869940757751465 1317
1690134751366 0.2686700224876404 1318
1690134751382 0.2686407268047333 1319
1690134751406 0.26861149072647095 1320
1690134751422 0.268582284450531 1321
1690134751445 0.26855313777923584 1322
1690134751462 0.2685241103172302 1323
1690134751478 0.2684950828552246 1324
1690134751494 0.26846611499786377 1325
1690134751518 0.2684372365474701 1326
1690134751541 0.2684083580970764 1327
1690134751558 0.2683795988559723 1328
1690134751574 0.26835089921951294 1329
1690134751590 0.2683221995830536 1330
1690134751614 0.2682935893535614 1331
1690134751630 0.2682650685310364 1332
1690134751654 0.26823654770851135 1333
1690134751678 0.2682080864906311 1334
1690134751695 0.268179714679718 1335
1690134751711 0.2681514024734497 1336
1690134751726 0.2681231200695038 1337
1690134751751 0.268094927072525 1338
1690134751775 0.26806673407554626 1339
1690134751791 0.26803863048553467 1340
1690134751807 0.26801058650016785 1341
1690134751831 0.2679826319217682 1342
1690134751847 0.26795467734336853 1343
1690134751863 0.26792681217193604 1344
1690134751887 0.26789894700050354 1345
1690134751903 0.2678712010383606 1346
1690134751927 0.26784348487854004 1347
1690134751943 0.26781582832336426 1348
1690134751959 0.26778823137283325 1349
1690134751975 0.26776066422462463 1350
1690134751999 0.2677331864833832 1351
1690134752015 0.2677057385444641 1352
1690134752039 0.2676783502101898 1353
1690134752056 0.2676510214805603 1354
1690134752080 0.26762375235557556 1355
1690134752096 0.2675964832305908 1356
1690134752112 0.26756933331489563 1357
1690134752136 0.2675422132015228 1358
1690134752152 0.2675151228904724 1359
1690134752176 0.26748812198638916 1360
1690134752192 0.2674611806869507 1361
1690134752208 0.2674342691898346 1362
1690134752224 0.2674074172973633 1363
1690134752248 0.26738059520721436 1364
1690134752264 0.2673538625240326 1365
1690134752280 0.2673271596431732 1366
1690134752304 0.2673005163669586 1367
1690134752320 0.2672739326953888 1368
1690134752343 0.26724740862846375 1369
1690134752360 0.2672209143638611 1370
1690134752376 0.2671944797039032 1371
1690134752392 0.2671680748462677 1372
1690134752416 0.26714175939559937 1373
1690134752440 0.2671154737472534 1374
1690134752456 0.26708924770355225 1375
1690134752472 0.26706305146217346 1376
1690134752496 0.26703694462776184 1377
1690134752512 0.2670108675956726 1378
1690134752528 0.26698482036590576 1379
1690134752552 0.2669588625431061 1380
1690134752576 0.2669329345226288 1381
1690134752592 0.2669070363044739 1382
1690134752608 0.26688122749328613 1383
1690134752632 0.26685547828674316 1384
1690134752657 0.2668297588825226 1385
1690134752673 0.2668040692806244 1386
1690134752697 0.26677843928337097 1387
1690134752713 0.26675286889076233 1388
1690134752729 0.26672735810279846 1389
1690134752753 0.266701877117157 1390
1690134752777 0.2666764557361603 1391
1690134752793 0.26665109395980835 1392
1690134752809 0.2666257619857788 1393
1690134752833 0.26660048961639404 1394
1690134752849 0.26657524704933167 1395
1690134752873 0.26655009388923645 1396
1690134752889 0.2665249705314636 1397
1690134752905 0.2664998769760132 1398
1690134752929 0.2664748430252075 1399
1690134752945 0.26644986867904663 1400
1690134752969 0.26642492413520813 1401
1690134752985 0.2664000391960144 1402
1690134753001 0.26637521386146545 1403
1690134753025 0.2663504183292389 1404
1690134753042 0.2663256824016571 1405
1690134753065 0.2663010060787201 1406
1690134753081 0.26627635955810547 1407
