1690136997238 0.4969758689403534 0
1690136997294 0.49595656991004944 1
1690136997326 0.49475347995758057 2
1690136997342 0.49336692690849304 3
1690136997374 0.4918022155761719 4
1690136997402 0.49006879329681396 5
1690136997462 0.48817718029022217 6
1690136997478 0.4861312210559845 7
1690136997502 0.5076608061790466 8
1690136997518 0.4832195043563843 9
1690136997542 0.48238605260849 10
1690136997558 0.4814220070838928 11
1690136997582 0.4803330898284912 12
1690136997598 0.47912341356277466 13
1690136997614 0.4777959883213043 14
1690136997630 0.4763525724411011 15
1690136997646 0.47479426860809326 16
1690136997662 0.4731212556362152 17
1690136997678 0.4713333547115326 18
1690136997686 0.46942949295043945 19
1690136997702 0.46740806102752686 20
1690136997718 0.46526679396629333 21
1690136997734 0.46300238370895386 22
1690136997750 0.4606112837791443 23
1690136997766 0.4580886662006378 24
1690136997862 0.45542916655540466 25
1690136997878 0.45262664556503296 26
1690136997902 0.44967418909072876 27
1690136997910 0.4465641975402832 28
1690136997958 0.44328856468200684 29
1690136997982 0.43983858823776245 30
1690136998006 0.4362052083015442 31
1690136998022 0.43237918615341187 32
1690136998038 0.4283507466316223 33
1690136998054 0.4241102933883667 34
1690136998070 0.41964778304100037 35
1690136998086 0.41495320200920105 36
1690136998094 0.4100162982940674 37
1690136998110 0.404826283454895 38
1690136998126 0.39937204122543335 39
1690136998142 0.3936418294906616 40
1690136998158 0.3876229524612427 41
1690136998174 0.3813018202781677 42
1690136998190 0.37466347217559814 43
1690136998202 0.3676918148994446 44
1690136998214 0.360369473695755 45
1690136998230 0.35267767310142517 46
1690136998246 0.34459662437438965 47
1690136998271 0.3361056447029114 48
1690136998286 0.3271837830543518 49
1690136998302 0.3178097903728485 50
1690136998318 0.32049113512039185 51
1690136998334 0.3122013509273529 52
1690136998358 0.295862078666687 53
1690136998374 0.29046502709388733 54
1690136998390 0.3022114336490631 55
1690136998415 0.2981351613998413 56
1690136998431 0.2884387671947479 57
1690136998447 0.30063220858573914 58
1690136998463 0.2968005836009979 59
1690136998479 0.28180432319641113 60
1690136998495 0.2903462052345276 61
1690136998511 0.2893993556499481 62
1690136998519 0.2778368592262268 63
1690136998535 0.2741128206253052 64
1690136998551 0.28198379278182983 65
1690136998567 0.2775275409221649 66
1690136998751 0.27995017170906067 67
1690136998783 0.28114616870880127 68
1690136998807 0.28824782371520996 69
1690136998831 0.2858852744102478 70
1690136998855 0.28027865290641785 71
1690136998871 0.27875468134880066 72
1690136998887 0.2763608992099762 73
1690136998911 0.2757430970668793 74
1690136998927 0.2721255123615265 75
1690136998943 0.27021536231040955 76
1690136998959 0.2702363431453705 77
1690136998975 0.26802486181259155 78
1690136998999 0.26187270879745483 79
1690136999023 0.28362715244293213 80
1690136999047 0.26941201090812683 81
1690136999071 0.2770114243030548 82
1690136999095 0.28873366117477417 83
1690136999111 0.29182735085487366 84
1690136999127 0.28731146454811096 85
1690136999151 0.2759915292263031 86
1690136999167 0.26211610436439514 87
1690136999183 0.2726885974407196 88
1690136999199 0.2609783411026001 89
1690136999207 0.26295793056488037 90
1690136999223 0.2643633186817169 91
1690136999239 0.26476728916168213 92
1690136999255 0.2641482651233673 93
1690136999263 0.26259320974349976 94
1690136999279 0.26018404960632324 95
1690136999303 0.2636430263519287 96
1690136999311 0.2654980421066284 97
1690136999327 0.2696608901023865 98
1690136999343 0.2665998041629791 99
1690136999359 0.2664998173713684 100
1690136999375 0.2654753029346466 101
1690136999391 0.26062583923339844 102
1690136999407 0.2586502134799957 103
1690136999423 0.2618632912635803 104
1690136999439 0.26404133439064026 105
1690136999455 0.2661105692386627 106
1690136999479 0.26700443029403687 107
1690136999495 0.2688446044921875 108
1690136999511 0.2666371464729309 109
1690136999519 0.2654806077480316 110
1690136999535 0.2634606659412384 111
1690136999551 0.26065319776535034 112
1690136999567 0.25712940096855164 113
1690136999575 0.2622296214103699 114
1690136999600 0.2606979012489319 115
1690136999616 0.2686873972415924 116
1690136999632 0.27185338735580444 117
1690136999648 0.26825645565986633 118
1690136999664 0.25856149196624756 119
1690136999680 0.27904343605041504 120
1690136999696 0.27862778306007385 121
1690136999720 0.2577923834323883 122
1690136999736 0.26481109857559204 123
1690136999752 0.26804083585739136 124
1690136999768 0.2647566795349121 125
1690136999784 0.26187247037887573 126
1690136999808 0.2616913914680481 127
1690136999816 0.2634246349334717 128
1690136999832 0.2625293731689453 129
1690136999856 0.2669244706630707 130
1690137000129 0.2697214186191559 131
1690137000145 0.2661667466163635 132
1690137000161 0.2621931731700897 133
1690137000177 0.26112616062164307 134
1690137000193 0.27516189217567444 135
1690137000209 0.2651929259300232 136
1690137000225 0.2625642418861389 137
1690137000241 0.2714163362979889 138
1690137000249 0.2735165059566498 139
1690137000265 0.26957574486732483 140
1690137000281 0.2605377435684204 141
1690137000297 0.2598196268081665 142
1690137000321 0.2690182328224182 143
1690137000337 0.2597789168357849 144
1690137000353 0.26429101824760437 145
1690137000369 0.2726048231124878 146
1690137000385 0.27440181374549866 147
1690137000404 0.2703588306903839 148
1690137000417 0.26102274656295776 149
1690137000433 0.26113763451576233 150
1690137000457 0.2849057614803314 151
1690137000474 0.28426483273506165 152
1690137000489 0.2624886631965637 153
1690137000506 0.2628231644630432 154
1690137000522 0.2644611597061157 155
1690137000538 0.26704078912734985 156
1690137000554 0.2637772560119629 157
1690137000570 0.26074448227882385 158
1690137000586 0.2594069242477417 159
1690137000602 0.2746563255786896 160
1690137000618 0.26575225591659546 161
1690137000634 0.2607768177986145 162
1690137000642 0.26902908086776733 163
1690137000658 0.2710151672363281 164
1690137000682 0.2673892378807068 165
1690137000698 0.2586802840232849 166
1690137000714 0.26452144980430603 167
1690137000730 0.2654050886631012 168
1690137000746 0.2601812481880188 169
1690137000762 0.2627331018447876 170
1690137000778 0.2652510404586792 171
1690137000794 0.26244524121284485 172
1690137000810 0.2621520757675171 173
1690137000826 0.2609780430793762 174
1690137000842 0.25900256633758545 175
1690137000850 0.25630003213882446 176
1690137000866 0.2576901316642761 177
1690137000882 0.259642630815506 178
1690137000906 0.26238423585891724 179
1690137000930 0.25954461097717285 180
1690137000946 0.26853659749031067 181
1690137000970 0.2689909338951111 182
1690137000986 0.26008865237236023 183
1690137001010 0.2624455988407135 184
1690137001026 0.26499032974243164 185
1690137001042 0.26198530197143555 186
1690137001058 0.2628837823867798 187
1690137001106 0.2646806538105011 188
1690137001122 0.26540055871009827 189
1690137001146 0.2760412096977234 190
1690137001162 0.26572009921073914 191
1690137001178 0.26533234119415283 192
1690137001194 0.2640717923641205 193
1690137001205 0.26203858852386475 194
1690137001218 0.2593216001987457 195
1690137001234 0.2608258128166199 196
1690137001250 0.25848668813705444 197
1690137001266 0.259156197309494 198
1690137001282 0.2615954279899597 199
