1689588411322 9.023436546325684 0
1689588411553 5.172982215881348 1
1689588411798 3.3218090534210205 2
1689588412095 2.741225242614746 3
1689588412326 2.473383903503418 4
1689588412556 2.295964479446411 5
1689588412776 2.139373540878296 6
1689588413006 1.9977071285247803 7
1689588413224 1.874559998512268 8
1689588413445 1.763784408569336 9
1689588413654 1.666761875152588 10
1689588413881 1.582223892211914 11
1689588414110 1.5089160203933716 12
1689588414334 1.442830204963684 13
1689588414561 1.3830323219299316 14
1689588414771 1.3274472951889038 15
1689588414986 1.2761653661727905 16
1689588415215 1.227319359779358 17
1689588415421 1.1781264543533325 18
1689588415648 1.1280783414840698 19
1689588415858 1.0743787288665771 20
1689588416067 1.0200515985488892 21
1689588416295 0.9590235948562622 22
1689588416521 0.8951764702796936 23
1689588416746 0.8255388140678406 24
1689588416967 0.7543779015541077 25
1689588417189 0.681879460811615 26
1689588417411 0.6125877499580383 27
1689588417623 0.5448828935623169 28
1689588417850 0.4823097288608551 29
1689588418059 0.4255121648311615 30
1689588418278 0.37452006340026855 31
1689588418515 0.3300843834877014 32
1689588418751 0.291828989982605 33
1689588418976 0.2587374746799469 34
1689588419216 0.22986692190170288 35
1689588419467 0.2051628977060318 36
1689588419691 0.18359500169754028 37
1689588419914 0.16491897404193878 38
1689588420147 0.14840669929981232 39
1689588420353 0.13392649590969086 40
1689588420576 0.12065694481134415 41
1689588420799 0.10899738222360611 42
1689588421027 0.09858356416225433 43
1689588421256 0.08909621834754944 44
1689588421482 0.08069182187318802 45
1689588421699 0.07288995385169983 46
1689588421919 0.0660368800163269 47
1689588422144 0.05980776250362396 48
1689588422412 0.054301586002111435 49
1689588422620 0.04920678958296776 50
1689588422847 0.04454988241195679 51
1689588423058 0.040358174592256546 52
1689588423291 0.03662516176700592 53
1689588423519 0.03321113809943199 54
1689588423744 0.03017260506749153 55
1689588423979 0.02737802267074585 56
1689588424198 0.024891244247555733 57
1689588424416 0.022653156891465187 58
1689588424637 0.02047569677233696 59
