1689588411322 2.7643795013427734 0
1689588411553 1.9480040073394775 1
1689588411798 1.497421383857727 2
1689588412095 1.3491253852844238 3
1689588412326 1.278073787689209 4
1689588412556 1.2330909967422485 5
1689588412776 1.1938741207122803 6
1689588413006 1.1567400693893433 7
1689588413224 1.1250324249267578 8
1689588413445 1.0951366424560547 9
1689588413654 1.0705687999725342 10
1689588413881 1.0461620092391968 11
1689588414110 1.0258567333221436 12
1689588414334 1.0073843002319336 13
1689588414561 0.989396870136261 14
1689588414771 0.9720110297203064 15
1689588414986 0.9553370475769043 16
1689588415215 0.9387804269790649 17
1689588415421 0.9206704497337341 18
1689588415648 0.9013108611106873 19
1689588415858 0.8792883157730103 20
1689588416067 0.856023907661438 21
1689588416295 0.828353226184845 22
1689588416521 0.7976160049438477 23
1689588416746 0.7613697052001953 24
1689588416967 0.7224903106689453 25
1689588417189 0.6795545220375061 26
1689588417411 0.635151743888855 27
1689588417623 0.5881728529930115 28
1689588417850 0.541302502155304 29
1689588418059 0.49489447474479675 30
1689588418278 0.4500933885574341 31
1689588418515 0.4056463837623596 32
1689588418751 0.365931898355484 33
1689588418976 0.32934319972991943 34
1689588419216 0.29715245962142944 35
1689588419467 0.26780569553375244 36
1689588419691 0.2421143651008606 37
1689588419914 0.22017835080623627 38
1689588420147 0.20146644115447998 39
1689588420353 0.1863395720720291 40
1689588420576 0.17362824082374573 41
1689588420799 0.1628202646970749 42
1689588421027 0.1523810178041458 43
1689588421256 0.14234252274036407 44
1689588421482 0.13375090062618256 45
1689588421699 0.12519139051437378 46
1689588421919 0.11774031072854996 47
1689588422144 0.10984522849321365 48
1689588422412 0.10332459956407547 49
1689588422620 0.09713667631149292 50
1689588422847 0.0909353494644165 51
1689588423058 0.08580543845891953 52
1689588423291 0.08086348325014114 53
1689588423519 0.0760774239897728 54
1689588423744 0.07151027023792267 55
1689588423979 0.06739293783903122 56
1689588424198 0.06372048705816269 57
1689588424416 0.05987196043133736 58
1689588424637 0.05619978532195091 59
