1689089454143 1.1136078834533691 0
1689089454189 1.0462814569473267 1
1689089454209 1.0003196001052856 2
1689089454227 0.9634606838226318 3
1689089454247 0.9318915009498596 4
1689089454267 0.9038602709770203 5
1689089454316 0.8783981204032898 6
1689089454372 0.8549054861068726 7
1689089454399 0.8329826593399048 8
1689089454416 0.8123472929000854 9
1689089454434 0.7927941679954529 10
1689089454452 0.7741662263870239 11
1689089454469 0.7563428282737732 12
1689089454486 0.7392281293869019 13
1689089454502 0.7227447032928467 14
1689089454520 0.706828773021698 15
1689089454537 0.6914286613464355 16
1689089454554 0.6764999628067017 17
1689089454572 0.6620058417320251 18
1689089454590 0.6479147672653198 19
1689089454606 0.6341993808746338 20
1689089454624 0.6208365559577942 21
1689089454642 0.6078053116798401 22
1689089454663 0.5950882434844971 23
1689089454757 0.5826689600944519 24
1689089454779 0.570534348487854 25
1689089454802 0.5586714148521423 26
1689089454823 0.5470694899559021 27
1689089454844 0.535718560218811 28
1689089454868 0.5246096849441528 29
1689089454894 0.5137354135513306 30
1689089454918 0.5030874609947205 31
1689089454939 0.4926600158214569 32
1689089454960 0.48244667053222656 33
1689089454981 0.4724419414997101 34
1689089455001 0.4626408815383911 35
1689089455020 0.4530385136604309 36
1689089455039 0.4436306953430176 37
1689089455056 0.4344134032726288 38
1689089455074 0.42538291215896606 39
1689089455092 0.41653531789779663 40
1689089455109 0.4078676104545593 41
1689089455127 0.3993767201900482 42
1689089455145 0.3910594582557678 43
1689089455166 0.38291314244270325 44
1689089455184 0.3749352991580963 45
1689089455205 0.3671230375766754 46
1689089455227 0.3594740629196167 47
1689089455253 0.35198602080345154 48
1689089455281 0.344656765460968 49
1689089455302 0.3374839425086975 50
1689089455322 0.3304656147956848 51
1689089455341 0.32359951734542847 52
1689089455360 0.31688377261161804 53
1689089455498 0.3103165924549103 54
1689089455522 0.30389583110809326 55
1689089455550 0.2976198196411133 56
1689089455577 0.2914866805076599 57
1689089455606 0.2854945957660675 58
1689089455637 0.27964186668395996 59
1689089455683 0.27392667531967163 60
1689089455709 0.26834729313850403 61
1689089455738 0.2629021108150482 62
1689089455764 0.2575893998146057 63
1689089455785 0.2524075210094452 64
1689089455803 0.2473549097776413 65
1689089455823 0.24242980778217316 66
1689089455849 0.23763053119182587 67
1689089455869 0.2329554557800293 68
1689089455886 0.22840312123298645 69
1689089455905 0.2239716798067093 70
1689089455923 0.2196597456932068 71
1689089455942 0.2154654860496521 72
1689089455959 0.21138741075992584 73
1689089455976 0.2074238657951355 74
1689089455993 0.20357319712638855 75
1689089456010 0.19983381032943726 76
1689089456029 0.19620394706726074 77
1689089456049 0.19268208742141724 78
1689089456067 0.18926647305488586 79
1689089456085 0.1859554499387741 80
1689089456104 0.18274731934070587 81
1689089456122 0.17964035272598267 82
1689089456139 0.176632821559906 83
1689089456154 0.17372292280197144 84
1689089456171 0.17090904712677002 85
1689089456188 0.1681891679763794 86
1689089456205 0.16556158661842346 87
1689089456221 0.163024440407753 88
1689089456238 0.16057582199573517 89
1689089456253 0.1582137495279312 90
1689089456272 0.15593622624874115 91
1689089456292 0.15374137461185455 92
1689089456320 0.1516270637512207 93
1689089456355 0.14959116280078888 94
1689089456376 0.14763149619102478 95
1689089456396 0.14574582874774933 96
1689089456414 0.14393189549446106 97
1689089456437 0.14218735694885254 98
1689089456457 0.14050978422164917 99
1689089456472 0.1388966590166092 100
1689089456491 0.13734552264213562 101
1689089456660 0.13585355877876282 102
1689089456677 0.13441811501979828 103
1689089456693 0.13303647935390472 104
1689089456711 0.13170568645000458 105
1689089456729 0.13042286038398743 106
1689089456749 0.12918506562709808 107
1689089456776 0.1279892921447754 108
1689089456797 0.12683261930942535 109
1689089456833 0.12571215629577637 110
1689089456848 0.12462502717971802 111
1689089456872 0.123568594455719 112
1689089456888 0.12254032492637634 113
1689089456907 0.12153782695531845 114
1689089456925 0.12055915594100952 115
1689089456942 0.1196022778749466 116
1689089456959 0.11866560578346252 117
1689089456976 0.1177477091550827 118
1689089456994 0.11684732139110565 119
1689089457015 0.11596328020095825 120
1689089457034 0.11509467661380768 121
1689089457056 0.11424051225185394 122
1689089457077 0.11339996755123138 123
1689089457101 0.1125723123550415 124
1689089457122 0.11175669729709625 125
1689089457142 0.1109524667263031 126
1689089457162 0.11015892028808594 127
1689089457177 0.10937537997961044 128
1689089457194 0.10860125720500946 129
1689089457209 0.10783597826957703 130
1689089457228 0.10707910358905792 131
1689089457244 0.10633014142513275 132
1689089457260 0.10558875650167465 133
1689089457279 0.10485463589429855 134
1689089457295 0.10412757843732834 135
1689089457314 0.10340741276741028 136
1689089457333 0.10269401967525482 137
1689089457352 0.10198742151260376 138
1689089457371 0.1012875884771347 139
1689089457389 0.10059458017349243 140
1689089457407 0.09990851581096649 141
1689089457422 0.09922945499420166 142
1689089457442 0.09855758398771286 143
1689089457464 0.09789299964904785 144
1689089457483 0.09723582863807678 145
1689089457500 0.09658625721931458 146
1689089457515 0.09594439715147018 147
1689089457533 0.09531038254499435 148
1689089457550 0.09468431770801544 149
1689089457566 0.09406635165214539 150
1689089457582 0.09345652908086777 151
1689089457600 0.09285496175289154 152
1689089457617 0.09226172417402267 153
1689089457633 0.09167687594890594 154
1689089457652 0.09110046178102493 155
1689089457671 0.09053250402212143 156
1689089457690 0.08997303247451782 157
1689089457706 0.0894220620393753 158
1689089457721 0.08887960761785507 159
1689089457736 0.08834567666053772 160
1689089457750 0.08782024681568146 161
1689089457762 0.0873032733798027 162
1689089457775 0.08679476380348206 163
1689089457789 0.08629468083381653 164
1689089457802 0.08580295741558075 165
1689089457815 0.08531959354877472 166
1689089457828 0.08484449982643127 167
1689089457842 0.08437766134738922 168
1689089457855 0.0839189738035202 169
1689089457870 0.08346843719482422 170
1689089457885 0.08302591741085052 171
1689089457900 0.08259139955043793 172
1689089457917 0.08216479420661926 173
1689089457934 0.08174602687358856 174
1689089457951 0.08133503049612045 175
1689089457967 0.08093173056840897 176
1689089457983 0.08053603768348694 177
1689089458237 0.0801478922367096 178
1689089458256 0.07976718991994858 179
1689089458281 0.07939383387565613 180
1689089458301 0.07902777940034866 181
1689089458318 0.07866893708705902 182
1689089458335 0.07831718027591705 183
1689089458352 0.07797244191169739 184
1689089458370 0.07763463258743286 185
1689089458390 0.0773036777973175 186
1689089458409 0.07697945833206177 187
1689089458427 0.07666188478469849 188
1689089458444 0.07635088264942169 189
1689089458464 0.07604631036520004 190
1689089458482 0.07574810087680817 191
1689089458500 0.0754561647772789 192
1689089458516 0.07517038285732269 193
1689089458534 0.07489065825939178 194
1689089458551 0.07461688667535782 195
1689089458569 0.07434894889593124 196
1689089458584 0.0740867406129837 197
1689089458601 0.07383017987012863 198
1689089458616 0.0735790953040123 199
1689089458635 0.07333343476057053 200
1689089458652 0.07309305667877197 201
1689089458669 0.0728578269481659 202
1689089458686 0.07262764126062393 203
1689089458703 0.07240235805511475 204
1689089458723 0.07218191027641296 205
1689089458741 0.07196607440710068 206
1689089458760 0.07175478339195251 207
1689089458787 0.07154790312051773 208
1689089458807 0.0713454931974411 209
1689089458831 0.07114936411380768 210
1689089458850 0.0709691047668457 211
1689089458870 0.07079415023326874 212
1689089458886 0.07058724761009216 213
1689089458903 0.07039591670036316 214
1689089458918 0.07021339237689972 215
1689089458935 0.07003583759069443 216
1689089458950 0.06986178457736969 217
1689089458964 0.06969088315963745 218
1689089458979 0.06952285766601562 219
1689089458993 0.06935763359069824 220
1689089459010 0.06919506937265396 221
1689089459027 0.06903509050607681 222
1689089459043 0.06887764483690262 223
1689089459062 0.06872276961803436 224
1689089459077 0.06857071816921234 225
1689089459092 0.06842213869094849 226
1689089459107 0.06827779114246368 227
1689089459121 0.06813634932041168 228
1689089459136 0.06799279898405075 229
1689089459150 0.06784766912460327 230
1689089459166 0.06770449876785278 231
1689089459181 0.06756477057933807 232
1689089459199 0.06742814183235168 233
1689089459228 0.06729419529438019 234
1689089459249 0.06716267764568329 235
1689089459266 0.06703343987464905 236
1689089459283 0.06690645962953568 237
1689089459303 0.06678174436092377 238
1689089459321 0.06665949523448944 239
1689089459338 0.0665397047996521 240
1689089459369 0.0664224624633789 241
1689089459386 0.06630751490592957 242
1689089459403 0.06619413197040558 243
1689089459424 0.06608189642429352 244
1689089459442 0.06597080081701279 245
1689089459461 0.06586160510778427 246
1689089459479 0.06575450301170349 247
1689089459497 0.06564980745315552 248
1689089459517 0.06554742157459259 249
1689089459537 0.06544733047485352 250
1689089459559 0.06534945964813232 251
1689089459578 0.06525380909442902 252
1689089459596 0.065160371363163 253
1689089459614 0.06506913155317307 254
1689089459674 0.06497998535633087 255
1689089459695 0.0648929625749588 256
1689089459718 0.0648077130317688 257
1689089459734 0.06472426652908325 258
1689089459749 0.06464231014251709 259
1689089459782 0.06456215679645538 260
1689089459828 0.0644836276769638 261
1689089459849 0.06440712511539459 262
1689089459866 0.06433245539665222 263
1689089459884 0.06425987184047699 264
1689089459901 0.06418916583061218 265
1689089459920 0.06412048637866974 266
1689089459939 0.06405362486839294 267
1689089459957 0.06398879736661911 268
1689089459976 0.06392568349838257 269
1689089459993 0.06386448442935944 270
1689089460008 0.06380485743284225 271
1689089460029 0.06374700367450714 272
1689089460046 0.06369058787822723 273
1689089460064 0.06363584101200104 274
1689089460076 0.06358247995376587 275
1689089460089 0.06353086233139038 276
1689089460102 0.0634806826710701 277
1689089460115 0.06343231350183487 278
1689089460127 0.06338538229465485 279
1689089460142 0.06334023177623749 280
1689089460158 0.06329654902219772 281
1689089460174 0.06325456500053406 282
1689089460475 0.06321398913860321 283
1689089460490 0.06317504495382309 284
1689089460504 0.06313738226890564 285
1689089460517 0.06310125440359116 286
1689089460531 0.06306630373001099 287
1689089460544 0.06303282082080841 288
1689089460558 0.06300048530101776 289
1689089460572 0.06296958029270172 290
1689089460585 0.06293977797031403 291
1689089460600 0.06291142106056213 292
1689089460613 0.06288418173789978 293
1689089460625 0.06285838782787323 294
1689089460641 0.06283367425203323 295
1689089460654 0.06281030923128128 296
1689089460666 0.06278800964355469 297
1689089460681 0.06276699155569077 298
1689089460696 0.06274692714214325 299
1689089460710 0.06272806227207184 300
1689089460723 0.06271008402109146 301
1689089460738 0.06269322335720062 302
1689089460753 0.06267719715833664 303
1689089460767 0.06266225874423981 304
1689089460781 0.06264809519052505 305
1689089460794 0.06263498216867447 306
1689089460808 0.06262262165546417 307
1689089460822 0.06261126697063446 308
1689089460836 0.06260062754154205 309
1689089460850 0.06259091198444366 310
1689089460862 0.06258184462785721 311
1689089460875 0.06257368624210358 312
1689089460889 0.06256604194641113 313
1689089460903 0.06255921721458435 314
1689089460917 0.06255285441875458 315
1689089460931 0.0625472217798233 316
1689089460946 0.06254200637340546 317
1689089460960 0.06253742426633835 318
1689089460974 0.06253322958946228 319
1689089460988 0.06252962350845337 320
1689089461000 0.06252631545066833 321
1689089461014 0.06252355128526688 322
1689089461026 0.06252101063728333 323
1689089461039 0.06251899152994156 324
1689089461053 0.06251713633537292 325
1689089461067 0.06251567602157593 326
1689089461079 0.06251434981822968 327
1689089461092 0.06251336634159088 328
1689089461106 0.06251242756843567 329
1689089461120 0.06251177936792374 330
1689089461134 0.0625111535191536 331
1689089461147 0.06251072138547897 332
1689089461161 0.06251029670238495 333
1689089461174 0.06251008063554764 334
1689089461188 0.06250979751348495 335
1689089461203 0.0625096932053566 336
1689089461219 0.06250953674316406 337
1689089461237 0.06250953674316406 338
1689089461254 0.0625094473361969 339
1689089461270 0.06250949949026108 340
1689089461289 0.06250941753387451 341
1689089461307 0.06250949203968048 342
1689089461324 0.0625094398856163 343
1689089461339 0.06250950694084167 344
1689089461353 0.0625094473361969 345
1689089461373 0.06250950694084167 346
1689089461400 0.0625094622373581 347
1689089461418 0.06250952184200287 348
1689089461438 0.0625094473361969 349
1689089461454 0.06250950694084167 350
1689089461471 0.06250946968793869 351
1689089461502 0.06250953674316406 352
1689089461526 0.06250947713851929 353
1689089461550 0.06250955164432526 354
1689089461569 0.06250949203968048 355
1689089461586 0.06250958889722824 356
1689089461602 0.06250950694084167 357
1689089461618 0.06250957399606705 358
1689089461634 0.06250952184200287 359
1689089461650 0.06250958144664764 360
1689089461665 0.06250950694084167 361
1689089461680 0.06250955909490585 362
1689089461695 0.06250951439142227 363
1689089461709 0.06250958144664764 364
1689089461724 0.06250950694084167 365
1689089461741 0.06250957399606705 366
1689089461757 0.06250951439142227 367
1689089461771 0.06250959634780884 368
1689089461785 0.06250950694084167 369
1689089461799 0.06250959634780884 370
1689089461812 0.06250952184200287 371
1689089461825 0.06250958144664764 372
1689089461838 0.06250950694084167 373
1689089461853 0.06250958889722824 374
1689089461866 0.06250951439142227 375
1689089461878 0.06250958144664764 376
1689089461891 0.06250950694084167 377
1689089461905 0.06250959634780884 378
1689089461918 0.06250949949026108 379
1689089461933 0.06250955909490585 380
1689089461947 0.06250952184200287 381
1689089461959 0.06250958144664764 382
1689089461972 0.06250952184200287 383
1689089461985 0.06250957399606705 384
1689089461998 0.06250951439142227 385
1689089462011 0.06250956654548645 386
1689089462023 0.06250950694084167 387
1689089462038 0.06250959634780884 388
1689089462052 0.06250950694084167 389
1689089462065 0.06250957399606705 390
1689089462085 0.06250950694084167 391
1689089462099 0.06250956654548645 392
1689089462113 0.06250950694084167 393
1689089462152 0.06250958144664764 394
1689089462170 0.06250951439142227 395
1689089462188 0.06250956654548645 396
1689089462202 0.06250952184200287 397
1689089462217 0.06250958144664764 398
1689089462232 0.06250950694084167 399
1689089462245 0.06250957399606705 400
1689089462259 0.06250950694084167 401
1689089462274 0.06250958144664764 402
1689089462288 0.06250951439142227 403
1689089462303 0.06250958144664764 404
1689089462316 0.06250950694084167 405
1689089462331 0.06250957399606705 406
1689089462345 0.06250950694084167 407
1689089462357 0.06250956654548645 408
1689089462371 0.06250950694084167 409
1689089462385 0.06250957399606705 410
1689089462398 0.06250950694084167 411
1689089462409 0.06250955909490585 412
1689089462423 0.06250952184200287 413
1689089462436 0.06250956654548645 414
1689089462450 0.06250952184200287 415
1689089462463 0.06250956654548645 416
1689089462476 0.06250951439142227 417
1689089462490 0.06250956654548645 418
1689089462505 0.06250949949026108 419
1689089462518 0.06250958144664764 420
1689089462532 0.06250950694084167 421
1689089462545 0.06250958144664764 422
1689089462560 0.06250949949026108 423
1689089462574 0.06250956654548645 424
1689089462588 0.06250949949026108 425
1689089462602 0.06250959634780884 426
1689089462617 0.06250950694084167 427
1689089462632 0.06250956654548645 428
1689089462647 0.06250949949026108 429
1689089462660 0.06250955909490585 430
1689089462674 0.06250950694084167 431
1689089462689 0.06250955164432526 432
1689089462702 0.06250949949026108 433
1689089462716 0.06250956654548645 434
1689089462728 0.06250949203968048 435
1689089462740 0.06250957399606705 436
1689089462753 0.06250950694084167 437
1689089462768 0.06250955164432526 438
1689089462783 0.06250950694084167 439
1689089462797 0.06250956654548645 440
1689089462809 0.06250950694084167 441
1689089462821 0.06250955164432526 442
1689089462836 0.06250949203968048 443
1689089462849 0.06250956654548645 444
1689089462863 0.06250949203968048 445
1689089462875 0.06250956654548645 446
1689089462889 0.06250949203968048 447
1689089462903 0.06250957399606705 448
1689089462915 0.06250949203968048 449
1689089462928 0.06250956654548645 450
1689089462941 0.06250950694084167 451
1689089462954 0.06250957399606705 452
1689089462969 0.06250949203968048 453
1689089462982 0.06250956654548645 454
1689089462998 0.06250950694084167 455
1689089463012 0.06250956654548645 456
1689089463382 0.06250950694084167 457
1689089463394 0.06250955909490585 458
1689089463406 0.06250949949026108 459
1689089463420 0.06250956654548645 460
1689089463433 0.06250949949026108 461
1689089463445 0.06250956654548645 462
1689089463459 0.06250950694084167 463
1689089463471 0.06250955909490585 464
1689089463486 0.06250950694084167 465
1689089463500 0.06250955909490585 466
1689089463513 0.06250949203968048 467
1689089463525 0.06250958144664764 468
1689089463539 0.06250949949026108 469
1689089463552 0.06250955909490585 470
1689089463565 0.06250949203968048 471
1689089463579 0.06250956654548645 472
1689089463592 0.06250949203968048 473
1689089463606 0.06250956654548645 474
1689089463618 0.06250949949026108 475
1689089463632 0.06250956654548645 476
1689089463645 0.06250948458909988 477
1689089463658 0.06250955164432526 478
1689089463671 0.06250949203968048 479
1689089463685 0.06250955164432526 480
1689089463698 0.06250949203968048 481
1689089463709 0.06250955164432526 482
1689089463723 0.06250949949026108 483
1689089463735 0.06250956654548645 484
1689089463749 0.06250950694084167 485
1689089463762 0.06250956654548645 486
1689089463775 0.06250950694084167 487
1689089463788 0.06250955164432526 488
1689089463802 0.06250949203968048 489
1689089463815 0.06250955164432526 490
1689089463827 0.06250949203968048 491
1689089463841 0.06250955909490585 492
1689089463855 0.06250949949026108 493
1689089463868 0.06250955909490585 494
1689089463881 0.06250950694084167 495
1689089463895 0.06250955164432526 496
1689089463908 0.06250949203968048 497
1689089463921 0.06250955909490585 498
1689089463935 0.06250950694084167 499
