1689089454143 0.87345951795578 0
1689089454189 0.8488494157791138 1
1689089454209 0.8315320014953613 2
1689089454227 0.817314863204956 3
1689089454247 0.8048886060714722 4
1689089454267 0.7936505079269409 5
1689089454316 0.7832664251327515 6
1689089454372 0.7735294103622437 7
1689089454399 0.7643011808395386 8
1689089454416 0.755483865737915 9
1689089454434 0.7470064163208008 10
1689089454452 0.7388143539428711 11
1689089454469 0.7308655977249146 12
1689089454486 0.723127007484436 13
1689089454502 0.7155716419219971 14
1689089454520 0.7081771492958069 15
1689089454537 0.7009257674217224 16
1689089454554 0.693801999092102 17
1689089454572 0.6867929697036743 18
1689089454590 0.6798878908157349 19
1689089454606 0.673077404499054 20
1689089454624 0.6663534641265869 21
1689089454642 0.6597088575363159 22
1689089454663 0.653137743473053 23
1689089454757 0.646634578704834 24
1689089454779 0.6401949524879456 25
1689089454802 0.6338145732879639 26
1689089454823 0.6274900436401367 27
1689089454844 0.6212179660797119 28
1689089454868 0.6149955987930298 29
1689089454894 0.6088206768035889 30
1689089454918 0.6026905179023743 31
1689089454939 0.596603512763977 32
1689089454960 0.5905578136444092 33
1689089454981 0.5845517516136169 34
1689089455001 0.5785840749740601 35
1689089455020 0.5726534128189087 36
1689089455039 0.5667587518692017 37
1689089455056 0.5608991384506226 38
1689089455074 0.5550736784934998 39
1689089455092 0.5492814779281616 40
1689089455109 0.5435218811035156 41
1689089455127 0.5377944707870483 42
1689089455145 0.5320985317230225 43
1689089455166 0.5264337062835693 44
1689089455184 0.5207997560501099 45
1689089455205 0.5151959657669067 46
1689089455227 0.5096222162246704 47
1689089455253 0.5040782690048218 48
1689089455281 0.4985639452934265 49
1689089455302 0.4930790066719055 50
1689089455322 0.4876234233379364 51
1689089455341 0.48219695687294006 52
1689089455360 0.4767995774745941 53
1689089455498 0.4714314341545105 54
1689089455522 0.4660922884941101 55
1689089455550 0.46078234910964966 56
1689089455577 0.45550158619880676 57
1689089455606 0.4502500593662262 58
1689089455637 0.44502800703048706 59
1689089455683 0.4398353397846222 60
1689089455709 0.4346723258495331 61
1689089455738 0.42953911423683167 62
1689089455764 0.42443597316741943 63
1689089455785 0.4193630814552307 64
1689089455803 0.41432076692581177 65
1689089455823 0.4093092083930969 66
1689089455849 0.4043286442756653 67
1689089455869 0.3993794322013855 68
1689089455886 0.39446204900741577 69
1689089455905 0.3895765244960785 70
1689089455923 0.3847237825393677 71
1689089455942 0.3799038231372833 72
1689089455959 0.37511730194091797 73
1689089455976 0.3703646659851074 74
1689089455993 0.3656464219093323 75
1689089456010 0.3609631657600403 76
1689089456029 0.3563154935836792 77
1689089456049 0.35170406103134155 78
1689089456067 0.3471294641494751 79
1689089456085 0.3425925076007843 80
1689089456104 0.3380940556526184 81
1689089456122 0.33363473415374756 82
1689089456139 0.32921546697616577 83
1689089456154 0.32483723759651184 84
1689089456171 0.3205011785030365 85
1689089456188 0.316208153963089 86
1689089456205 0.311959445476532 87
1689089456221 0.307756245136261 88
1689089456238 0.3035999536514282 89
1689089456253 0.299491822719574 90
1689089456272 0.2954333424568176 91
1689089456292 0.29142630100250244 92
1689089456320 0.2874724268913269 93
1689089456355 0.2835734784603119 94
1689089456376 0.2797313928604126 95
1689089456396 0.27594831585884094 96
1689089456414 0.2722265124320984 97
1689089456437 0.2685684263706207 98
1689089456457 0.26497647166252136 99
1689089456472 0.2614534795284271 100
1689089456491 0.25800231099128723 101
1689089456660 0.25507739186286926 102
1689089456677 0.2531684339046478 103
1689089456693 0.25315797328948975 104
1689089456711 0.2543982267379761 105
1689089456729 0.2555587887763977 106
1689089456749 0.2566365897655487 107
1689089456776 0.25762873888015747 108
1689089456797 0.2585327923297882 109
1689089456833 0.2593468725681305 110
1689089456848 0.26006966829299927 111
1689089456872 0.26070064306259155 112
1689089456888 0.2612403333187103 113
1689089456907 0.2616899609565735 114
1689089456925 0.2620517313480377 115
1689089456942 0.26232844591140747 116
1689089456959 0.26252347230911255 117
1689089456976 0.26264041662216187 118
1689089456994 0.2626832127571106 119
1689089457015 0.26265543699264526 120
1689089457034 0.2625606656074524 121
1689089457056 0.2624019384384155 122
1689089457077 0.2621820867061615 123
1689089457101 0.2619034945964813 124
1689089457122 0.26156821846961975 125
1689089457142 0.26117798686027527 126
1689089457162 0.26073455810546875 127
1689089457177 0.2602393627166748 128
1689089457194 0.25969398021698 129
1689089457209 0.25909996032714844 130
1689089457228 0.2584591507911682 131
1689089457244 0.2577732801437378 132
1689089457260 0.2570447027683258 133
1689089457279 0.2562756836414337 134
1689089457295 0.2554689049720764 135
1689089457314 0.2546272277832031 136
1689089457333 0.2537536025047302 137
1689089457352 0.2528512179851532 138
1689089457371 0.25192350149154663 139
1689089457389 0.25097352266311646 140
1689089457407 0.25000467896461487 141
1689089457422 0.25 142
1689089457442 0.25 143
1689089457464 0.2500000596046448 144
1689089457483 0.2499999701976776 145
1689089457500 0.25 146
1689089457515 0.2500000298023224 147
1689089457533 0.2500000298023224 148
1689089457550 0.25 149
1689089457566 0.2500000298023224 150
1689089457582 0.25 151
1689089457600 0.25 152
1689089457617 0.25 153
1689089457633 0.25 154
1689089457652 0.25 155
1689089457671 0.25 156
1689089457690 0.25 157
1689089457706 0.25 158
1689089457721 0.25 159
1689089457736 0.25 160
1689089457750 0.25 161
1689089457762 0.25 162
1689089457775 0.25 163
1689089457789 0.25 164
1689089457802 0.25 165
1689089457815 0.25 166
1689089457828 0.2500000298023224 167
1689089457842 0.25 168
1689089457855 0.2499999850988388 169
1689089457870 0.2500000298023224 170
1689089457885 0.25 171
1689089457900 0.25 172
1689089457917 0.25 173
1689089457934 0.25 174
1689089457951 0.2499999850988388 175
1689089457967 0.25 176
1689089457983 0.2499999701976776 177
1689089458237 0.25 178
1689089458256 0.25 179
1689089458281 0.25 180
1689089458301 0.2499999850988388 181
1689089458318 0.25 182
1689089458335 0.2499999701976776 183
1689089458352 0.2499999850988388 184
1689089458370 0.25 185
1689089458390 0.25 186
1689089458409 0.25 187
1689089458427 0.2499999850988388 188
1689089458444 0.2500000298023224 189
1689089458464 0.25 190
1689089458482 0.2499999701976776 191
1689089458500 0.25 192
1689089458516 0.25 193
1689089458534 0.25 194
1689089458551 0.2500000298023224 195
1689089458569 0.25 196
1689089458584 0.25 197
1689089458601 0.2500000298023224 198
1689089458616 0.25 199
1689089458635 0.2499999850988388 200
1689089458652 0.25 201
1689089458669 0.25 202
1689089458686 0.2499999850988388 203
1689089458703 0.2499999701976776 204
1689089458723 0.2500000298023224 205
1689089458741 0.25 206
1689089458760 0.25 207
1689089458787 0.25 208
1689089458807 0.2499999701976776 209
1689089458831 0.25 210
1689089458850 0.25 211
1689089458870 0.2499999850988388 212
1689089458886 0.25 213
1689089458903 0.25 214
1689089458918 0.25 215
1689089458935 0.2500000298023224 216
1689089458950 0.2499999850988388 217
1689089458964 0.25 218
1689089458979 0.2499999701976776 219
1689089458993 0.25 220
1689089459010 0.25 221
1689089459027 0.25 222
1689089459043 0.25 223
1689089459062 0.2499999701976776 224
1689089459077 0.25 225
1689089459092 0.25 226
1689089459107 0.2499999850988388 227
1689089459121 0.2499999850988388 228
1689089459136 0.25 229
1689089459150 0.2500000298023224 230
1689089459166 0.2500000298023224 231
1689089459181 0.25 232
1689089459199 0.2499999850988388 233
1689089459228 0.2499999701976776 234
1689089459249 0.25 235
1689089459266 0.25 236
1689089459283 0.25 237
1689089459303 0.24999995529651642 238
1689089459321 0.25 239
1689089459338 0.25 240
1689089459369 0.2499999701976776 241
1689089459386 0.25 242
1689089459403 0.25 243
1689089459424 0.2499999850988388 244
1689089459442 0.2499999701976776 245
1689089459461 0.25 246
1689089459479 0.2500000298023224 247
1689089459497 0.2499999701976776 248
1689089459517 0.25 249
1689089459537 0.2499999850988388 250
1689089459559 0.2499999850988388 251
1689089459578 0.24999995529651642 252
1689089459596 0.25 253
1689089459614 0.25 254
1689089459674 0.25 255
1689089459695 0.25 256
1689089459718 0.2500000298023224 257
1689089459734 0.2499999850988388 258
1689089459749 0.25 259
1689089459782 0.25 260
1689089459828 0.25 261
1689089459849 0.2499999850988388 262
1689089459866 0.25 263
1689089459884 0.25 264
1689089459901 0.25 265
1689089459920 0.25 266
1689089459939 0.2499999701976776 267
1689089459957 0.25 268
1689089459976 0.25 269
1689089459993 0.25 270
1689089460008 0.2499999850988388 271
1689089460029 0.2499999850988388 272
1689089460046 0.2500000298023224 273
1689089460064 0.25 274
1689089460076 0.25 275
1689089460089 0.25 276
1689089460102 0.2499999701976776 277
1689089460115 0.2500000596046448 278
1689089460127 0.2499999850988388 279
1689089460142 0.25 280
1689089460158 0.25 281
1689089460174 0.25 282
1689089460475 0.2499999701976776 283
1689089460490 0.25 284
1689089460504 0.25 285
1689089460517 0.25 286
1689089460531 0.2499999850988388 287
1689089460544 0.2499999850988388 288
1689089460558 0.2500000298023224 289
1689089460572 0.2500000298023224 290
1689089460585 0.25 291
1689089460600 0.2500000298023224 292
1689089460613 0.2499999701976776 293
1689089460625 0.2500000298023224 294
1689089460641 0.25 295
1689089460654 0.25 296
1689089460666 0.2499999850988388 297
1689089460681 0.2500000298023224 298
1689089460696 0.25 299
1689089460710 0.25 300
1689089460723 0.2500000298023224 301
1689089460738 0.2499999701976776 302
1689089460753 0.25 303
1689089460767 0.25 304
1689089460781 0.2500000298023224 305
1689089460794 0.25 306
1689089460808 0.25 307
1689089460822 0.25 308
1689089460836 0.2500000298023224 309
1689089460850 0.25 310
1689089460862 0.2499999850988388 311
1689089460875 0.2500000298023224 312
1689089460889 0.25 313
1689089460903 0.25 314
1689089460917 0.2499999850988388 315
1689089460931 0.25 316
1689089460946 0.2500000298023224 317
1689089460960 0.2499999850988388 318
1689089460974 0.25 319
1689089460988 0.25 320
1689089461000 0.25 321
1689089461014 0.25 322
1689089461026 0.2499999701976776 323
1689089461039 0.2500000298023224 324
1689089461053 0.25 325
1689089461067 0.2499999850988388 326
1689089461079 0.25 327
1689089461092 0.25 328
1689089461106 0.25 329
1689089461120 0.25 330
1689089461134 0.2500000298023224 331
1689089461147 0.25 332
1689089461161 0.25 333
1689089461174 0.2500000298023224 334
1689089461188 0.25 335
1689089461203 0.2499999850988388 336
1689089461219 0.25 337
1689089461237 0.25 338
1689089461254 0.25 339
1689089461270 0.2500000596046448 340
1689089461289 0.2499999850988388 341
1689089461307 0.25 342
1689089461324 0.25 343
1689089461339 0.25 344
1689089461353 0.25 345
1689089461373 0.25 346
1689089461400 0.2500000298023224 347
1689089461418 0.2500000298023224 348
1689089461438 0.2499999850988388 349
1689089461454 0.2499999701976776 350
1689089461471 0.2500000298023224 351
1689089461502 0.25 352
1689089461526 0.2499999701976776 353
1689089461550 0.25 354
1689089461569 0.2499999701976776 355
1689089461586 0.2500000298023224 356
1689089461602 0.25 357
1689089461618 0.25 358
1689089461634 0.25 359
1689089461650 0.25 360
1689089461665 0.25 361
1689089461680 0.2499999850988388 362
1689089461695 0.25 363
1689089461709 0.2500000298023224 364
1689089461724 0.25 365
1689089461741 0.25 366
1689089461757 0.25 367
1689089461771 0.2500000298023224 368
1689089461785 0.2499999701976776 369
1689089461799 0.2500000298023224 370
1689089461812 0.25 371
1689089461825 0.25 372
1689089461838 0.2499999850988388 373
1689089461853 0.25 374
1689089461866 0.25 375
1689089461878 0.25 376
1689089461891 0.25 377
1689089461905 0.2500000596046448 378
1689089461918 0.2499999850988388 379
1689089461933 0.2499999701976776 380
1689089461947 0.25 381
1689089461959 0.25 382
1689089461972 0.2500000298023224 383
1689089461985 0.25 384
1689089461998 0.25 385
1689089462011 0.2499999850988388 386
1689089462023 0.25 387
1689089462038 0.2500000298023224 388
1689089462052 0.2499999850988388 389
1689089462065 0.25 390
1689089462085 0.25 391
1689089462099 0.25 392
1689089462113 0.25 393
1689089462152 0.25 394
1689089462170 0.25 395
1689089462188 0.2499999701976776 396
1689089462202 0.2500000298023224 397
1689089462217 0.25 398
1689089462232 0.2499999850988388 399
1689089462245 0.25 400
1689089462259 0.25 401
1689089462274 0.25 402
1689089462288 0.25 403
1689089462303 0.25 404
1689089462316 0.25 405
1689089462331 0.25 406
1689089462345 0.25 407
1689089462357 0.2499999850988388 408
1689089462371 0.2499999850988388 409
1689089462385 0.25 410
1689089462398 0.25 411
1689089462409 0.2499999701976776 412
1689089462423 0.25 413
1689089462436 0.25 414
1689089462450 0.2500000298023224 415
1689089462463 0.25 416
1689089462476 0.25 417
1689089462490 0.25 418
1689089462505 0.2499999850988388 419
1689089462518 0.2500000298023224 420
1689089462532 0.2500000298023224 421
1689089462545 0.25 422
1689089462560 0.2499999850988388 423
1689089462574 0.25 424
1689089462588 0.2499999850988388 425
1689089462602 0.2500000596046448 426
1689089462617 0.25 427
1689089462632 0.25 428
1689089462647 0.25 429
1689089462660 0.2499999850988388 430
1689089462674 0.25 431
1689089462689 0.24999995529651642 432
1689089462702 0.25 433
1689089462716 0.25 434
1689089462728 0.2499999701976776 435
1689089462740 0.25 436
1689089462753 0.25 437
1689089462768 0.2499999701976776 438
1689089462783 0.25 439
1689089462797 0.25 440
1689089462809 0.2500000298023224 441
1689089462821 0.2499999701976776 442
1689089462836 0.2499999701976776 443
1689089462849 0.25 444
1689089462863 0.2499999850988388 445
1689089462875 0.2499999850988388 446
1689089462889 0.2499999850988388 447
1689089462903 0.25 448
1689089462915 0.2499999850988388 449
1689089462928 0.25 450
1689089462941 0.25 451
1689089462954 0.2500000298023224 452
1689089462969 0.2499999850988388 453
1689089462982 0.25 454
1689089462998 0.25 455
1689089463012 0.25 456
1689089463382 0.25 457
1689089463394 0.25 458
1689089463406 0.25 459
1689089463420 0.25 460
1689089463433 0.25 461
1689089463445 0.25 462
1689089463459 0.25 463
1689089463471 0.2499999850988388 464
1689089463486 0.25 465
1689089463500 0.2499999850988388 466
1689089463513 0.25 467
1689089463525 0.2500000298023224 468
1689089463539 0.25 469
1689089463552 0.2499999701976776 470
1689089463565 0.2499999850988388 471
1689089463579 0.25 472
1689089463592 0.2499999701976776 473
1689089463606 0.25 474
1689089463618 0.25 475
1689089463632 0.25 476
1689089463645 0.2499999850988388 477
1689089463658 0.2499999701976776 478
1689089463671 0.25 479
1689089463685 0.2499999701976776 480
1689089463698 0.25 481
1689089463709 0.2499999850988388 482
1689089463723 0.25 483
1689089463735 0.25 484
1689089463749 0.25 485
1689089463762 0.25 486
1689089463775 0.2500000298023224 487
1689089463788 0.2499999850988388 488
1689089463802 0.25 489
1689089463815 0.2499999850988388 490
1689089463827 0.25 491
1689089463841 0.25 492
1689089463855 0.25 493
1689089463868 0.25 494
1689089463881 0.2500000298023224 495
1689089463895 0.2499999701976776 496
1689089463908 0.25 497
1689089463921 0.25 498
1689089463935 0.25 499
