1690138170369 0.859374463558197 0
1690138170401 0.5363421440124512 1
1690138170417 0.3124363422393799 2
1690138170433 0.1727142632007599 3
1690138170449 0.09991568326950073 4
1690138170465 0.0757027417421341 5
1690138170481 0.08240514993667603 6
1690138170499 0.1047731563448906 7
1690138170513 0.13120779395103455 8
1690138170529 0.15413552522659302 9
1690138170585 0.16956967115402222 10
1690138170601 0.1762154996395111 11
1690138170617 0.17452318966388702 12
1690138170633 0.16592685878276825 13
1690138170649 0.15232285857200623 14
1690138170665 0.13574214279651642 15
1690138170689 0.11814765632152557 16
1690138170700 0.10130059719085693 17
1690138170721 0.08665812015533447 18
1690138170737 0.07528682798147202 19
1690138170745 0.06779108941555023 20
1690138170769 0.06426957994699478 21
1690138170785 0.06431888043880463 22
1690138170801 0.06710319221019745 23
1690138170817 0.07149556279182434 24
1690138170833 0.07627539336681366 25
1690138170849 0.08034366369247437 26
1690138170857 0.0829058364033699 27
1690138170873 0.08357841521501541 28
1690138170889 0.08239898830652237 29
1690138170905 0.07974839955568314 30
1690138170921 0.07621680200099945 31
1690138170945 0.07245329767465591 32
1690138171034 0.06903450191020966 33
1690138171051 0.06637466698884964 34
1690138171067 0.06468498706817627 35
1690138171075 0.06397797167301178 36
1690138171091 0.0641053318977356 37
1690138171115 0.0648145079612732 38
1690138171131 0.06581000983715057 39
1690138171155 0.06680876016616821 40
1690138171171 0.0675823912024498 41
1690138171187 0.06798302382230759 42
1690138171203 0.06795265525579453 43
1690138171227 0.06751745194196701 44
1690138171243 0.06677059084177017 45
1690138171259 0.06584742665290833 46
1690138171275 0.06489723920822144 47
1690138171291 0.06405609846115112 48
1690138171307 0.0634244754910469 49
1690138171323 0.06305311620235443 50
1690138171339 0.06293924152851105 51
1690138171355 0.06303304433822632 52
1690138171371 0.06325287371873856 53
1690138171387 0.06350572407245636 54
1690138171411 0.06370779126882553 55
1690138171427 0.063801109790802 56
1690138171443 0.06376244872808456 57
1690138171459 0.06360317021608353 58
1690138171475 0.06336144357919693 59
1690138171491 0.06308934092521667 60
1690138171500 0.06283879280090332 61
1690138171515 0.0626496747136116 62
1690138171539 0.06254284083843231 63
1690138171555 0.06251834332942963 64
1690138171571 0.06255891919136047 65
1690138171587 0.06263670325279236 66
1690138171604 0.06272108852863312 67
1690138171620 0.06278611719608307 68
1690138171636 0.06281545013189316 69
1690138171660 0.06280434876680374 70
1690138171863 0.06275883316993713 71
1690138171877 0.06269246339797974 72
1690138171909 0.06262189149856567 73
1690138171941 0.06256240606307983 74
1690138171973 0.06252433359622955 75
1690138171989 0.06251136213541031 76
1690138172005 0.06252049654722214 77
1690138172013 0.06254389882087708 78
1690138172029 0.06257154792547226 79
1690138172045 0.06259413063526154 80
1690138172061 0.06260529905557632 81
1690138172085 0.06260281801223755 82
1690138172101 0.06258845329284668 83
1690138172117 0.0625668615102768 84
1690138172133 0.0625438541173935 85
1690138172149 0.06252467632293701 86
1690138172165 0.06251265108585358 87
1690138172181 0.0625087320804596 88
1690138172189 0.06251154839992523 89
1690138172205 0.06251827627420425 90
1690138172221 0.06252559274435043 91
1690138172237 0.06253065168857574 92
1690138172261 0.06253181397914886 93
1690138172285 0.06252884864807129 94
1690138172317 0.062522754073143 95
1690138172349 0.0625152736902237 96
1690138172373 0.06250827759504318 97
1690138172405 0.06250324845314026 98
1690138172437 0.06250090897083282 99
1690138172469 0.06250111758708954 100
1690138172501 0.06250309944152832 101
1690138172525 0.06250572949647903 102
1690138172549 0.06250794976949692 103
1690138172565 0.06250900030136108 104
1690138172589 0.06250864267349243 105
1690138172601 0.06250708550214767 106
1690138172614 0.06250492483377457 107
1690138172629 0.06250278651714325 108
1690138172645 0.0625011995434761 109
1690138172669 0.0625004768371582 110
1690138172685 0.06250060349702835 111
1690138172701 0.06250131130218506 112
1690138172717 0.06250222027301788 113
1690138172733 0.06250298023223877 114
1690138172749 0.06250330805778503 115
1690138172765 0.0625031441450119 116
1690138172781 0.06250257790088654 117
1690138172801 0.06250181794166565 118
1690138172822 0.06250106543302536 119
1690138172846 0.06250052899122238 120
1690138172878 0.06250029057264328 121
1690138172902 0.06250034272670746 122
1690138172942 0.06250056624412537 123
1690138172974 0.06250083446502686 124
1690138172990 0.06250101327896118 125
1690138173006 0.06250106543302536 126
1690138173038 0.06250093132257462 127
1690138173054 0.06250068545341492 128
1690138173070 0.06250041723251343 129
1690138173086 0.06250017881393433 130
1690138173118 0.06250004470348358 131
1690138173142 0.0625000149011612 132
1690138173158 0.06250007450580597 133
1690138173182 0.06250017881393433 134
1690138173446 0.06250026822090149 135
1690138173477 0.06250032037496567 136
1690138173502 0.06250030547380447 137
1690138173525 0.0625002458691597 138
1690138173541 0.06250016391277313 139
1690138173557 0.06250008940696716 140
1690138173573 0.0625000149011612 141
1690138173597 0.06250002235174179 142
1690138173613 0.06250003725290298 143
1690138173637 0.06250005960464478 144
1690138173653 0.06250011920928955 145
1690138173677 0.06250011920928955 146
1690138173693 0.06250013411045074 147
1690138173709 0.06250010430812836 148
1690138173725 0.06250007450580597 149
1690138173741 0.06250003725290298 150
1690138173757 0.06250002235174179 151
1690138173773 0.0625 152
1690138173802 0.0625000149011612 153
1690138173813 0.06250002980232239 154
1690138173829 0.06250004470348358 155
1690138173845 0.06250004470348358 156
1690138173861 0.06250004470348358 157
1690138173885 0.06250004470348358 158
1690138173910 0.06250002980232239 159
1690138173926 0.0625000074505806 160
1690138173950 0.0625000149011612 161
1690138173966 0.0625000074505806 162
1690138173974 0.0625 163
1690138173990 0.0625000149011612 164
1690138174006 0.0625000149011612 165
1690138174022 0.0625 166
1690138174038 0.0625000074505806 167
1690138174054 0.0625000074505806 168
1690138174070 0.0625 169
1690138174086 0.0625000074505806 170
1690138174103 0.0625000074505806 171
1690138174118 0.0624999962747097 172
1690138174134 0.0625 173
1690138174158 0.0625 174
1690138174174 0.0625 175
1690138174190 0.0624999962747097 176
1690138174214 0.0625 177
1690138174230 0.0625000074505806 178
1690138174246 0.0625000149011612 179
1690138174262 0.0625000074505806 180
1690138174278 0.0625000074505806 181
1690138174302 0.0625000074505806 182
1690138174310 0.0624999925494194 183
1690138174326 0.0625000074505806 184
1690138174342 0.0625 185
1690138174358 0.0625 186
1690138174374 0.0625 187
1690138174390 0.0625000074505806 188
1690138174406 0.0625 189
1690138174422 0.0625 190
1690138174438 0.0625000074505806 191
1690138174454 0.0624999925494194 192
1690138174470 0.0625 193
1690138174486 0.0625 194
1690138174494 0.0625 195
1690138174518 0.0625 196
1690138174534 0.0625000149011612 197
1690138174550 0.0625 198
1690138174566 0.0625 199
1690138174582 0.0625000149011612 200
1690138174598 0.0624999925494194 201
1690138174606 0.0625000074505806 202
1690138174622 0.0624999925494194 203
1690138174638 0.0625 204
1690138174654 0.0624999962747097 205
1690138174670 0.0625 206
1690138174686 0.0624999962747097 207
1690138174703 0.0625000149011612 208
1690138174718 0.0624999962747097 209
1690138174734 0.0624999962747097 210
1690138174750 0.0625000074505806 211
1690138174766 0.0625 212
1690138174782 0.0625 213
1690138174803 0.0624999925494194 214
1690138174814 0.0625000074505806 215
1690138174830 0.0625000074505806 216
1690138174846 0.0625 217
1690138174862 0.0625 218
1690138174878 0.0624999962747097 219
1690138174886 0.0625 220
1690138174910 0.0625 221
1690138174926 0.0624999925494194 222
1690138174942 0.0625 223
1690138174958 0.0625 224
1690138174974 0.0625 225
1690138174990 0.0625 226
1690138175006 0.0625000149011612 227
1690138175022 0.0625000074505806 228
1690138175038 0.0624999962747097 229
1690138175054 0.0625 230
1690138175070 0.0625000149011612 231
1690138175086 0.0624999962747097 232
1690138175103 0.0625 233
1690138175119 0.0625 234
1690138175135 0.0624999925494194 235
1690138175151 0.0625000074505806 236
1690138175167 0.0625 237
1690138175191 0.0624999925494194 238
1690138175207 0.0625000074505806 239
1690138175215 0.0625 240
1690138175239 0.0625 241
1690138175255 0.0625 242
1690138175271 0.0625 243
1690138175279 0.0625 244
1690138175295 0.0625 245
1690138175311 0.0625 246
1690138175327 0.0625 247
1690138175343 0.0625 248
1690138175779 0.0625000149011612 249
1690138175809 0.0625000074505806 250
1690138175841 0.0625000074505806 251
1690138175865 0.0625000149011612 252
1690138175889 0.0625 253
1690138175913 0.0625000074505806 254
1690138175929 0.0625 255
1690138175945 0.0625 256
1690138175961 0.0625000149011612 257
1690138175985 0.0625000074505806 258
1690138176001 0.0624999925494194 259
1690138176017 0.0625000074505806 260
1690138176025 0.0625 261
1690138176041 0.0625000074505806 262
1690138176057 0.0625000149011612 263
1690138176073 0.0624999925494194 264
1690138176089 0.0624999962747097 265
1690138176105 0.0625000149011612 266
1690138176121 0.0624999925494194 267
1690138176137 0.0625 268
1690138176161 0.0625 269
1690138176177 0.0625000074505806 270
1690138176193 0.0625000149011612 271
1690138176209 0.0625 272
1690138176225 0.0624999925494194 273
1690138176249 0.0625 274
1690138176273 0.0625 275
1690138176297 0.0625 276
1690138176321 0.0624999962747097 277
1690138176337 0.0624999925494194 278
1690138176353 0.0625 279
1690138176369 0.0625 280
1690138176385 0.0625 281
1690138176405 0.0624999925494194 282
1690138176417 0.0625000074505806 283
1690138176441 0.0625 284
1690138176457 0.0625000074505806 285
1690138176473 0.0624999962747097 286
1690138176489 0.0625 287
1690138176513 0.0625 288
1690138176529 0.0624999962747097 289
1690138176545 0.0624999962747097 290
1690138176601 0.0624999962747097 291
1690138176617 0.0625000074505806 292
1690138176641 0.06249998137354851 293
1690138176657 0.0624999962747097 294
1690138176673 0.0624999925494194 295
1690138176689 0.0624999925494194 296
1690138176705 0.062499988824129105 297
1690138176721 0.062499985098838806 298
1690138176745 0.062499985098838806 299
