1689083816837 0.8039865493774414 0
1689083816862 0.7708850502967834 1
1689083816875 0.748127818107605 2
1689083816891 0.7297835350036621 3
1689083816906 0.7140024900436401 4
1689083816920 0.6999344229698181 5
1689083816934 0.6871087551116943 6
1689083816969 0.6752334237098694 7
1689083816983 0.6641139984130859 8
1689083816997 0.6536133289337158 9
1689083817010 0.6436312198638916 10
1689083817023 0.6340913772583008 11
1689083817037 0.6249352693557739 12
1689083817049 0.6161155104637146 13
1689083817063 0.6075948476791382 14
1689083817075 0.5993422269821167 15
1689083817089 0.5913323760032654 16
1689083817104 0.5835435390472412 17
1689083817118 0.5759578943252563 18
1689083817131 0.5685600638389587 19
1689083817177 0.5613367557525635 20
1689083817191 0.5542764067649841 21
1689083817205 0.5473694205284119 22
1689083817218 0.5406067967414856 23
1689083817232 0.5339809060096741 24
1689083817245 0.5274851322174072 25
1689083817259 0.521113395690918 26
1689083817271 0.514860212802887 27
1689083817285 0.5087211728096008 28
1689083817300 0.5026915073394775 29
1689083817314 0.49676793813705444 30
1689083817327 0.490946501493454 31
1689083817339 0.48522427678108215 32
1689083817353 0.47959816455841064 33
1689083817365 0.4740656614303589 34
1689083817379 0.4686242938041687 35
1689083817391 0.4632719159126282 36
1689083817404 0.45800626277923584 37
1689083817419 0.4528255760669708 38
1689083817433 0.44772809743881226 39
1689083817447 0.4427120089530945 40
1689083817458 0.4377759099006653 41
1689083817529 0.43291836977005005 42
1689083817542 0.4281378984451294 43
1689083817555 0.42343318462371826 44
1689083817570 0.41880324482917786 45
1689083817583 0.41424664855003357 46
1689083817597 0.4097623825073242 47
1689083817609 0.40534937381744385 48
1689083817623 0.4010064899921417 49
1689083817636 0.396732896566391 50
1689083817649 0.3925277292728424 51
1689083817663 0.3883899450302124 52
1689083817675 0.38431867957115173 53
1689083817689 0.380312979221344 54
1689083817704 0.37637224793434143 55
1689083817717 0.3724954426288605 56
1689083817731 0.3686818480491638 57
1689083817744 0.36493080854415894 58
1689083817756 0.3612413704395294 59
1689083817771 0.3576129376888275 60
1689083817784 0.3540447950363159 61
1689083817797 0.350536048412323 62
1689083817810 0.3470861315727234 63
1689083817824 0.3436943590641022 64
1689083817837 0.34036004543304443 65
1689083817852 0.3370824456214905 66
1689083817866 0.33386093378067017 67
1689083817882 0.33069467544555664 68
1689083817898 0.32758328318595886 69
1689083817914 0.32452595233917236 70
1689083817929 0.321522057056427 71
1689083817941 0.31857094168663025 72
1689083817955 0.31567203998565674 73
1689083817968 0.31282466650009155 74
1689083817983 0.31002819538116455 75
1689083817996 0.3072819709777832 76
1689083818087 0.30458536744117737 77
1689083818101 0.3019378185272217 78
1689083818115 0.2993386387825012 79
1689083818127 0.2967872619628906 80
1689083818141 0.29428306221961975 81
1689083818156 0.2918253540992737 82
1689083818170 0.28941357135772705 83
1689083818183 0.2870471179485321 84
1689083818198 0.2847254276275635 85
1689083818213 0.2824477255344391 86
1689083818234 0.28021350502967834 87
1689083818251 0.2780221104621887 88
1689083818274 0.27587300539016724 89
1689083818306 0.2737654149532318 90
1689083818329 0.27169886231422424 91
1689083818349 0.269672691822052 92
1689083818367 0.2676861882209778 93
1689083818381 0.265738844871521 94
1689083818397 0.2638299763202667 95
1689083818410 0.26195892691612244 96
1689083818423 0.2601250410079956 97
1689083818437 0.25832775235176086 98
1689083818450 0.2565663456916809 99
1689083818466 0.254840224981308 100
1689083818481 0.2531486749649048 101
1689083818497 0.2514910101890564 102
1689083818510 0.24986664950847626 103
1689083818523 0.24827484786510468 104
1689083818536 0.24671494960784912 105
1689083818549 0.24518626928329468 106
1689083818562 0.24368810653686523 107
1689083818574 0.2422197163105011 108
1689083818587 0.24078042805194855 109
1689083818602 0.23936951160430908 110
1689083818616 0.23798620700836182 111
1689083818630 0.23662978410720825 112
1689083818643 0.23529960215091705 113
1689083818655 0.23399478197097778 114
1689083818670 0.2327146977186203 115
1689083818684 0.23145848512649536 116
1689083818697 0.23022548854351044 117
1689083818711 0.22901487350463867 118
1689083818724 0.22782596945762634 119
1689083818738 0.22665804624557495 120
1689083818751 0.2255103439092636 121
1689083818861 0.2243821918964386 122
1689083818873 0.22327281534671783 123
1689083818887 0.22218169271945953 124
1689083818900 0.22110816836357117 125
1689083818914 0.2200516164302826 126
1689083818928 0.21901150047779083 127
1689083818940 0.21798734366893768 128
1689083818954 0.21697872877120972 129
1689083818968 0.21598517894744873 130
1689083818982 0.21500645577907562 131
1689083818996 0.21404221653938293 132
1689083819008 0.21309220790863037 133
1689083819022 0.212156280875206 134
1689083819037 0.2112342268228531 135
1689083819050 0.2103259265422821 136
1689083819063 0.20943139493465424 137
1689083819075 0.2085503786802292 138
1689083819089 0.2076829969882965 139
1689083819105 0.2068290412425995 140
1689083819121 0.20598842203617096 141
1689083819135 0.20516115427017212 142
1689083819149 0.20434701442718506 143
1689083819161 0.20354589819908142 144
1689083819174 0.20275765657424927 145
1689083819187 0.2019820511341095 146
1689083819200 0.201218843460083 147
1689083819215 0.20046764612197876 148
1689083819228 0.1997281312942505 149
1689083819242 0.19899992644786835 150
1689083819255 0.19828249514102936 151
1689083819270 0.19757533073425293 152
1689083819312 0.19687779247760773 153
1689083819330 0.19618919491767883 154
1689083819345 0.19550898671150208 155
1689083819359 0.19483646750450134 156
1689083819373 0.19417110085487366 157
1689083819388 0.19351232051849365 158
1689083819402 0.19285982847213745 159
1689083819416 0.1922132968902588 160
1689083819429 0.1915726661682129 161
1689083819442 0.19093787670135498 162
1689083819454 0.19030895829200745 163
1689083819467 0.18968600034713745 164
1689083819481 0.1890692263841629 165
1689083819494 0.18845877051353455 166
1689083819506 0.18785476684570312 167
1689083819519 0.18725739419460297 168
1689083819532 0.186666801571846 169
1689083819546 0.18608316779136658 170
1689083819558 0.18550659716129303 171
1689083819573 0.18493716418743134 172
1689083819587 0.18437495827674866 173
1689083819600 0.18382011353969574 174
1689083819614 0.1832726001739502 175
1689083819627 0.18273255228996277 176
1689083819640 0.1821998953819275 177
1689083819654 0.1816747486591339 178
1689083819668 0.18115705251693726 179
1689083819682 0.18064677715301514 180
1689083819695 0.18014399707317352 181
1689083819837 0.1796485185623169 182
1689083819850 0.1791604459285736 183
1689083819866 0.17867964506149292 184
1689083819881 0.17820608615875244 185
1689083819894 0.17773965001106262 186
1689083819906 0.17728029191493988 187
1689083819922 0.17682786285877228 188
1689083819937 0.17638227343559265 189
1689083819952 0.17594337463378906 190
1689083819965 0.17551106214523315 191
1689083819979 0.17508523166179657 192
1689083819993 0.17466560006141663 193
1689083820006 0.17425209283828735 194
1689083820024 0.17384445667266846 195
1689083820039 0.17344246804714203 196
1689083820052 0.17304593324661255 197
1689083820065 0.1726546585559845 198
1689083820079 0.17226840555667877 199
1689083820091 0.17188780009746552 200
1689083820105 0.17151708900928497 201
1689083820118 0.1711546629667282 202
1689083820132 0.17077277600765228 203
1689083820147 0.17040285468101501 204
1689083820161 0.17003825306892395 205
1689083820174 0.1696770042181015 206
1689083820190 0.16931778192520142 207
1689083820204 0.16896018385887146 208
1689083820218 0.1686035394668579 209
1689083820233 0.16824743151664734 210
1689083820248 0.16789127886295319 211
1689083820263 0.1675347238779068 212
1689083820275 0.16717708110809326 213
1689083820288 0.1668180674314499 214
1689083820301 0.16645726561546326 215
1689083820315 0.16609470546245575 216
1689083820330 0.16573014855384827 217
1689083820343 0.1653643250465393 218
1689083820355 0.16499188542366028 219
1689083820369 0.16461515426635742 220
1689083820384 0.16423337161540985 221
1689083820402 0.16384930908679962 222
1689083820420 0.16346165537834167 223
1689083820446 0.1630707085132599 224
1689083820473 0.1626759171485901 225
1689083820495 0.16227757930755615 226
1689083820518 0.16187535226345062 227
1689083820533 0.16146954894065857 228
1689083820548 0.1610599160194397 229
1689083820563 0.16064675152301788 230
1689083820578 0.16022954881191254 231
1689083820591 0.15980899333953857 232
1689083820604 0.1593831181526184 233
1689083820617 0.1589532047510147 234
1689083820631 0.15851745009422302 235
1689083820645 0.1580778956413269 236
1689083820657 0.15763340890407562 237
1689083820673 0.15718519687652588 238
1689083820687 0.15673252940177917 239
1689083820700 0.15627621114253998 240
1689083820713 0.15581580996513367 241
1689083820729 0.15535207092761993 242
1689083820745 0.15488456189632416 243
1689083820762 0.15441419184207916 244
1689083820777 0.15394021570682526 245
1689083820789 0.15346390008926392 246
1689083820803 0.15298384428024292 247
1689083820816 0.1525016874074936 248
1689083820830 0.15201592445373535 249
1689083820844 0.15152829885482788 250
1689083820855 0.15103763341903687 251
1689083820870 0.15054528415203094 252
1689083820885 0.15005028247833252 253
1689083820898 0.14955371618270874 254
1689083820912 0.14905476570129395 255
1689083820925 0.14855436980724335 256
1689083820938 0.1480516791343689 257
1689083820953 0.14754779636859894 258
1689083820966 0.14704164862632751 259
1689083820979 0.14653444290161133 260
1689083821159 0.1460249423980713 261
1689083821172 0.14551453292369843 262
1689083821186 0.1450018286705017 263
1689083821199 0.1444883495569229 264
1689083821213 0.14397282898426056 265
1689083821226 0.14345654845237732 266
1689083821239 0.14293847978115082 267
1689083821252 0.1424197554588318 268
1689083821265 0.14189937710762024 269
1689083821278 0.14137843251228333 270
1689083821291 0.14085589349269867 271
1689083821304 0.14033296704292297 272
1689083821317 0.13980843126773834 273
1689083821331 0.13928361237049103 274
1689083821343 0.13875719904899597 275
1689083821356 0.13823068141937256 276
1689083821369 0.13770261406898499 277
1689083821382 0.13717441260814667 278
1689083821396 0.13664481043815613 279
1689083821408 0.1361151933670044 280
1689083821421 0.13558435440063477 281
1689083821435 0.13505353033542633 282
1689083821449 0.13452158868312836 283
1689083821463 0.13398975133895874 284
1689083821475 0.13345688581466675 285
1689083821489 0.13292428851127625 286
1689083821502 0.13239064812660217 287
1689083821518 0.13185735046863556 288
1689083821532 0.13132308423519135 289
1689083821550 0.13078929483890533 290
1689083821565 0.1302545666694641 291
1689083821579 0.12972036004066467 292
1689083821592 0.12918533384799957 293
1689083821604 0.12865087389945984 294
1689083821618 0.128115713596344 295
1689083821631 0.12758120894432068 296
1689083821644 0.12704604864120483 297
1689083821656 0.12651172280311584 298
1689083821670 0.12597674131393433 299
1689083821684 0.12544265389442444 300
1689083821697 0.12490809708833694 301
1689083821710 0.12437443435192108 302
1689083821723 0.12384033203125 303
1689083821736 0.12330716848373413 304
1689083821750 0.12277370691299438 305
1689083821764 0.12224126607179642 306
1689083821777 0.12170850485563278 307
1689083821789 0.12117688357830048 308
1689083821804 0.12064500898122787 309
1689083821819 0.12011431902647018 310
1689083821832 0.11958352476358414 311
1689083821845 0.11905388534069061 312
1689083821858 0.11852412670850754 313
1689083821870 0.11799570173025131 314
1689083821884 0.11746720224618912 315
1689083821898 0.11694000661373138 316
1689083821919 0.11641278117895126 317
1689083821941 0.11588700115680695 318
1689083821959 0.11536115407943726 319
1689083821975 0.11483676731586456 320
1689083821988 0.11431239545345306 321
1689083822003 0.11378943920135498 322
1689083822017 0.1132664903998375 323
1689083822032 0.1127450168132782 324
1689083822046 0.1122235432267189 325
1689083822062 0.11170357465744019 326
1689083822076 0.1111835464835167 327
1689083822091 0.11066502332687378 328
1689083822106 0.11014646291732788 329
1689083822121 0.10962936282157898 330
1689083822135 0.10911213606595993 331
1689083822149 0.10859635472297668 332
1689083822162 0.10808046162128448 333
1689083822174 0.10756594687700272 334
1689083822188 0.10705120861530304 335
1689083822201 0.10653792321681976 336
1689083822214 0.10602431744337082 337
1689083822229 0.10551216453313828 338
1689083822242 0.10499969124794006 339
1689083822254 0.10448861122131348 340
1689083822268 0.103977270424366 341
1689083822282 0.10346738249063492 342
1689083822295 0.10295727103948593 343
1689083822308 0.10244864225387573 344
1689083822322 0.10193990916013718 345
1689083822337 0.1014326959848404 346
1689083822351 0.10092547535896301 347
1689083822364 0.10041999071836472 348
1689083822377 0.09991452097892761 349
1689083822389 0.09941086173057556 350
1689083822403 0.09890741109848022 351
1689083822417 0.09840589761734009 352
1689083822432 0.09790470451116562 353
1689083822446 0.09740554541349411 354
1689083822458 0.09690684080123901 355
1689083822472 0.09641032665967941 356
1689083822485 0.09591437131166458 357
1689083822499 0.09542076289653778 358
1689083822513 0.09492781013250351 359
1689083822527 0.09443733841180801 360
1689083822541 0.09394758939743042 361
1689083822555 0.09346048533916473 362
1689083822569 0.09297427535057068 363
1689083822583 0.0924907922744751 364
1689083822596 0.09200834482908249 365
1689083822608 0.0915287509560585 366
1689083822621 0.09105023741722107 367
1689083822635 0.0905747190117836 368
1689083822648 0.0901004821062088 369
1689083822884 0.08962931483983994 370
1689083822897 0.08915948122739792 371
1689083822909 0.08869292587041855 372
1689083822921 0.0882277861237526 373
1689083822934 0.08776606619358063 374
1689083822946 0.08730588853359222 375
1689083822961 0.08684919774532318 376
1689083822974 0.08639418333768845 377
1689083822987 0.08594275265932083 378
1689083823001 0.08549314737319946 379
1689083823016 0.08504727482795715 380
1689083823029 0.08460335433483124 381
1689083823040 0.08416324108839035 382
1689083823053 0.08372516930103302 383
1689083823067 0.08329109847545624 384
1689083823080 0.0828591138124466 385
1689083823094 0.08243125677108765 386
1689083823107 0.08200564980506897 387
1689083823121 0.08158429712057114 388
1689083823135 0.08116528391838074 389
1689083823149 0.08075062185525894 390
1689083823162 0.08033841848373413 391
1689083823175 0.07993066310882568 392
1689083823189 0.07952557504177094 393
1689083823202 0.0791250616312027 394
1689083823215 0.07872722297906876 395
1689083823228 0.07833415269851685 396
1689083823241 0.0779438391327858 397
1689083823254 0.07755836844444275 398
1689083823267 0.07717587053775787 399
1689083823281 0.07679829746484756 400
1689083823294 0.076423779129982 401
1689083823306 0.07605431973934174 402
1689083823321 0.07568805664777756 403
1689083823335 0.07532695680856705 404
1689083823348 0.07496915757656097 405
1689083823360 0.07461661100387573 406
1689083823374 0.07426747679710388 407
1689083823387 0.0739237442612648 408
1689083823401 0.07358351349830627 409
1689083823414 0.07324883341789246 410
1689083823429 0.072917640209198 411
1689083823441 0.07259219139814377 412
1689083823454 0.07227043807506561 413
1689083823467 0.0719544067978859 414
1689083823479 0.071642205119133 415
1689083823492 0.0713358148932457 416
1689083823505 0.07103336602449417 417
1689083823518 0.0707368329167366 418
1689083823532 0.07044430077075958 419
1689083823546 0.07015784084796906 420
1689083823558 0.06987546384334564 421
1689083823571 0.06959917396306992 422
1689083823585 0.06932715326547623 423
1689083823598 0.0690612941980362 424
1689083823611 0.0687997043132782 425
1689083823623 0.06854447722434998 426
1689083823636 0.0682935118675232 427
1689083823652 0.06804899871349335 428
1689083823666 0.0678088515996933 429
1689083823683 0.06757520139217377 430
1689083823700 0.0673459991812706 431
1689083823717 0.06712332367897034 432
1689083823735 0.06690520793199539 433
1689083823753 0.06669360399246216 434
1689083823769 0.06648659706115723 435
1689083823787 0.06628622114658356 436
1689083823804 0.06609047949314117 437
1689083823820 0.06590139120817184 438
1689083823836 0.065716952085495 439
1689083823850 0.06553913652896881 440
1689083823864 0.06536601483821869 441
1689083823877 0.06519952416419983 442
1689083823889 0.06503775715827942 443
1689083823902 0.06488263607025146 444
1689083823915 0.06473216414451599 445
1689083823928 0.06458832323551178 446
1689083823942 0.06444914638996124 447
1689083823954 0.06431648135185242 448
1689083823969 0.06418845057487488 449
1689083823982 0.06406691670417786 450
1689083823997 0.06394997239112854 451
1689083824010 0.06383936107158661 452
1689083824023 0.06373323500156403 453
1689083824036 0.06363336741924286 454
1689083824049 0.06353788822889328 455
1689083824064 0.06344850361347198 456
1689083824076 0.06336336582899094 457
1689083824089 0.06328414380550385 458
1689083824104 0.06320895999670029 459
1689083824117 0.06313957273960114 460
1689083824131 0.06307397037744522 461
1689083824144 0.06301388144493103 462
1689083824156 0.06295742839574814 463
1689083824169 0.06290614604949951 464
1689083824184 0.06285826116800308 465
1689083824197 0.06281523406505585 466
1689083824210 0.06277529895305634 467
1689083824222 0.06273987889289856 468
1689083824237 0.06270726025104523 469
1689083824252 0.06267868727445602 470
1689083824264 0.0626525804400444 471
1689083824279 0.06263016909360886 472
1689083824291 0.06260982155799866 473
1689083824304 0.06259267032146454 474
1689083824317 0.06257729232311249 475
1689083824331 0.06256464868783951 476
1689083824344 0.06255339086055756 477
1689083824355 0.06254442036151886 478
1689083824369 0.06253650784492493 479
1689083824382 0.06253046542406082 480
1689083824396 0.06252512335777283 481
1689083824409 0.06252124160528183 482
1689083824422 0.06251781433820724 483
1689083824436 0.0625155121088028 484
1689083824450 0.06251350790262222 485
1689083824463 0.06251227110624313 486
1689083824475 0.062511146068573 487
1689083824488 0.06251057237386703 488
1689083824502 0.06251009553670883 489
1689083824516 0.06250990927219391 490
1689083824529 0.06250975281000137 491
1689083824556 0.06250983476638794 492
1689083824575 0.06250987946987152 493
1689083824595 0.06251002848148346 494
1689083824611 0.0625101774930954 495
1689083824623 0.06251036375761032 496
1689083824637 0.06251056492328644 497
1689083824650 0.06251074373722076 498
1689083824664 0.06251093745231628 499
