1689083816837 0.673356294631958 0
1689083816862 0.6637556552886963 1
1689083816875 0.6569490432739258 2
1689083816891 0.6513323783874512 3
1689083816906 0.6464023590087891 4
1689083816920 0.6419273614883423 5
1689083816934 0.6377787590026855 6
1689083816969 0.6338764429092407 7
1689083816983 0.6301671266555786 8
1689083816997 0.6266131401062012 9
1689083817010 0.6231870651245117 10
1689083817023 0.6198676824569702 11
1689083817037 0.6166388392448425 12
1689083817049 0.6134876012802124 13
1689083817063 0.6104035973548889 14
1689083817075 0.6073781847953796 15
1689083817089 0.6044045090675354 16
1689083817104 0.6014764308929443 17
1689083817118 0.5985890626907349 18
1689083817131 0.5957381725311279 19
1689083817177 0.5929200649261475 20
1689083817191 0.5901316404342651 21
1689083817205 0.5873701572418213 22
1689083817218 0.5846332907676697 23
1689083817232 0.5819188356399536 24
1689083817245 0.5792251825332642 25
1689083817259 0.5765504837036133 26
1689083817271 0.5738933682441711 27
1689083817285 0.5712527632713318 28
1689083817300 0.5686273574829102 29
1689083817314 0.5660163164138794 30
1689083817327 0.5634186863899231 31
1689083817339 0.5608336925506592 32
1689083817353 0.5582605600357056 33
1689083817365 0.5556986331939697 34
1689083817379 0.553147554397583 35
1689083817391 0.5506066083908081 36
1689083817404 0.5480753779411316 37
1689083817419 0.5455535650253296 38
1689083817433 0.5430406332015991 39
1689083817447 0.5405362844467163 40
1689083817458 0.538040280342102 41
1689083817529 0.5355523824691772 42
1689083817542 0.5330722332000732 43
1689083817555 0.5305995941162109 44
1689083817570 0.5281344652175903 45
1689083817583 0.525676429271698 46
1689083817597 0.5232254266738892 47
1689083817609 0.5207812786102295 48
1689083817623 0.5183438658714294 49
1689083817636 0.5159130096435547 50
1689083817649 0.5134887099266052 51
1689083817663 0.5110708475112915 52
1689083817675 0.5086592435836792 53
1689083817689 0.506253719329834 54
1689083817704 0.503854513168335 55
1689083817717 0.5014612674713135 56
1689083817731 0.4990740120410919 57
1689083817744 0.4966927766799927 58
1689083817756 0.49431729316711426 59
1689083817771 0.4919477105140686 60
1689083817784 0.48958390951156616 61
1689083817797 0.48722583055496216 62
1689083817810 0.4848734736442566 63
1689083817824 0.4825267791748047 64
1689083817837 0.48018574714660645 65
1689083817852 0.4778502583503723 66
1689083817866 0.47552043199539185 67
1689083817882 0.47319597005844116 68
1689083817898 0.47087717056274414 69
1689083817914 0.46856385469436646 70
1689083817929 0.46625596284866333 71
1689083817941 0.46395355463027954 72
1689083817955 0.4616566002368927 73
1689083817968 0.45936504006385803 74
1689083817983 0.4570789337158203 75
1689083817996 0.45479816198349 76
1689083818087 0.45252275466918945 77
1689083818101 0.4502527713775635 78
1689083818115 0.4479880928993225 79
1689083818127 0.44572871923446655 80
1689083818141 0.44347473978996277 81
1689083818156 0.44122597575187683 82
1689083818170 0.4389825463294983 83
1689083818183 0.4367443919181824 84
1689083818198 0.43451160192489624 85
1689083818213 0.4322839677333832 86
1689083818234 0.4300616383552551 87
1689083818251 0.4278445243835449 88
1689083818274 0.4256327152252197 89
1689083818306 0.4234260320663452 90
1689083818329 0.42122459411621094 91
1689083818349 0.4190284013748169 92
1689083818367 0.4168373942375183 93
1689083818381 0.4146515727043152 94
1689083818397 0.4124709367752075 95
1689083818410 0.4102954566478729 96
1689083818423 0.4081251323223114 97
1689083818437 0.40595996379852295 98
1689083818450 0.40379995107650757 99
1689083818466 0.40164506435394287 100
1689083818481 0.39949530363082886 101
1689083818497 0.3973506689071655 102
1689083818510 0.3952111303806305 103
1689083818523 0.39307665824890137 104
1689083818536 0.3909473419189453 105
1689083818549 0.3888230323791504 106
1689083818562 0.3892008066177368 107
1689083818574 0.3897041082382202 108
1689083818587 0.3901830017566681 109
1689083818602 0.3906366229057312 110
1689083818616 0.39106398820877075 111
1689083818630 0.3914640545845032 112
1689083818643 0.39183586835861206 113
1689083818655 0.3921782374382019 114
1689083818670 0.3924902081489563 115
1689083818684 0.39277058839797974 116
1689083818697 0.3930182456970215 117
1689083818711 0.3932321071624756 118
1689083818724 0.39341115951538086 119
1689083818738 0.39355430006980896 120
1689083818751 0.39366060495376587 121
1689083818861 0.39372918009757996 122
1689083818873 0.39375925064086914 123
1689083818887 0.39375028014183044 124
1689083818900 0.3937019109725952 125
1689083818914 0.3936138153076172 126
1689083818928 0.3934861123561859 127
1689083818940 0.39331918954849243 128
1689083818954 0.3931136429309845 129
1689083818968 0.3928704857826233 130
1689083818982 0.3925909996032715 131
1689083818996 0.3922768831253052 132
1689083819008 0.39193010330200195 133
1689083819022 0.3915528655052185 134
1689083819037 0.3911477327346802 135
1689083819050 0.3907175064086914 136
1689083819063 0.39026498794555664 137
1689083819075 0.3897932171821594 138
1689083819089 0.3893052339553833 139
1689083819105 0.3888038992881775 140
1689083819121 0.388292133808136 141
1689083819135 0.38777270913124084 142
1689083819149 0.38724803924560547 143
1689083819161 0.38672035932540894 144
1689083819174 0.386191725730896 145
1689083819187 0.3856637477874756 146
1689083819200 0.38513779640197754 147
1689083819215 0.38461488485336304 148
1689083819228 0.38409578800201416 149
1689083819242 0.38358086347579956 150
1689083819255 0.3830704689025879 151
1689083819270 0.38256433606147766 152
1689083819312 0.382062166929245 153
1689083819330 0.38156336545944214 154
1689083819345 0.38106733560562134 155
1689083819359 0.38057321310043335 156
1689083819373 0.38008013367652893 157
1689083819388 0.3795871436595917 158
1689083819402 0.3790934085845947 159
1689083819416 0.37859830260276794 160
1689083819429 0.3781011700630188 161
1689083819442 0.37760165333747864 162
1689083819454 0.3770994544029236 163
1689083819467 0.37659451365470886 164
1689083819481 0.37608689069747925 165
1689083819494 0.3755766451358795 166
1689083819506 0.3750638961791992 167
1689083819519 0.3745488226413727 168
1689083819532 0.3740316331386566 169
1689083819546 0.37351250648498535 170
1689083819558 0.3729914426803589 171
1689083819573 0.3724687993526459 172
1689083819587 0.3719445466995239 173
1689083819600 0.37141886353492737 174
1689083819614 0.37089186906814575 175
1689083819627 0.37036368250846863 176
1689083819640 0.3698342442512512 177
1689083819654 0.3693038821220398 178
1689083819668 0.3687725067138672 179
1689083819682 0.3682401776313782 180
1689083819695 0.3677070438861847 181
1689083819837 0.36717307567596436 182
1689083819850 0.3666384220123291 183
1689083819866 0.36610305309295654 184
1689083819881 0.365567147731781 185
1689083819894 0.36503058671951294 186
1689083819906 0.36449360847473145 187
1689083819922 0.3639562129974365 188
1689083819937 0.3634181320667267 189
1689083819952 0.362880140542984 190
1689083819965 0.36234110593795776 191
1689083819979 0.36180323362350464 192
1689083819993 0.3612627387046814 193
1689083820006 0.36072662472724915 194
1689083820024 0.3601812720298767 195
1689083820039 0.3596564531326294 196
1689083820052 0.35908254981040955 197
1689083820065 0.3586348295211792 198
1689083820079 0.3578445315361023 199
1689083820091 0.35805103182792664 200
1689083820105 0.3555601239204407 201
1689083820118 0.35864853858947754 202
1689083820132 0.35486793518066406 203
1689083820147 0.35613003373146057 204
1689083820161 0.3546065092086792 205
1689083820174 0.35464391112327576 206
1689083820190 0.3537213206291199 207
1689083820204 0.3534700572490692 208
1689083820218 0.3526955544948578 209
1689083820233 0.352384090423584 210
1689083820248 0.35162433981895447 211
1689083820263 0.35135361552238464 212
1689083820275 0.3505077362060547 213
1689083820288 0.35041379928588867 214
1689083820301 0.3492741882801056 215
1689083820315 0.34970909357070923 216
1689083820330 0.34775370359420776 217
1689083820343 0.34935861825942993 218
1689083820355 0.34641069173812866 219
1689083820369 0.34826046228408813 220
1689083820384 0.3458414375782013 221
1689083820402 0.3467771112918854 222
1689083820420 0.34514957666397095 223
1689083820446 0.3455418348312378 224
1689083820473 0.34423840045928955 225
1689083820495 0.3444666862487793 226
1689083820518 0.34319841861724854 227
1689083820533 0.34349921345710754 228
1689083820548 0.3420429825782776 229
1689083820563 0.34265467524528503 230
1689083820578 0.34076666831970215 231
1689083820591 0.34189948439598083 232
1689083820604 0.3395317792892456 233
1689083820617 0.340935081243515 234
1689083820631 0.3385716378688812 235
1689083820645 0.33967792987823486 236
1689083820657 0.337690532207489 237
1689083820673 0.3384101986885071 238
1689083820687 0.3367003798484802 239
1689083820700 0.3372249901294708 240
1689083820713 0.33558857440948486 241
1689083820729 0.33611464500427246 242
1689083820745 0.3343737721443176 243
1689083820762 0.335064560174942 244
1689083820777 0.33308809995651245 245
1689083820789 0.33402490615844727 246
1689083820803 0.3318159878253937 247
1689083820816 0.33288317918777466 248
1689083820830 0.3306353986263275 249
1689083820844 0.3315998911857605 250
1689083820855 0.32949793338775635 251
1689083820870 0.3302643895149231 252
1689083820885 0.328316867351532 253
1689083820898 0.32894831895828247 254
1689083820912 0.3270605802536011 255
1689083820925 0.32766973972320557 256
1689083820938 0.3257341980934143 257
1689083820953 0.32642000913619995 258
1689083820966 0.32436269521713257 259
1689083820979 0.3251674771308899 260
1689083821159 0.32298821210861206 261
1689083821172 0.3238636255264282 262
1689083821186 0.32164379954338074 263
1689083821199 0.3224869966506958 264
1689083821213 0.3203180134296417 265
1689083821226 0.3210658133029938 266
1689083821239 0.3189736604690552 267
1689083821252 0.31963831186294556 268
1689083821265 0.31758660078048706 269
1689083821278 0.3182230591773987 270
1689083821291 0.31615400314331055 271
1689083821304 0.3168190121650696 272
1689083821317 0.3146883249282837 273
1689083821331 0.3154100775718689 274
1689083821343 0.3132105767726898 275
1689083821356 0.313973069190979 276
1689083821369 0.3117380142211914 277
1689083821382 0.3124946653842926 278
1689083821396 0.3102698028087616 279
1689083821408 0.31098246574401855 280
1689083821421 0.3087909519672394 281
1689083821435 0.30945467948913574 282
1689083821449 0.3072868883609772 283
1689083821463 0.30792468786239624 284
1689083821475 0.3057524859905243 285
1689083821489 0.306395560503006 286
1689083821502 0.30419257283210754 287
1689083821518 0.30486050248146057 288
1689083821532 0.30261749029159546 289
1689083821550 0.303308367729187 290
1689083821565 0.30103686451911926 291
1689083821579 0.3017309904098511 292
1689083821592 0.2994532287120819 293
1689083821604 0.3001289963722229 294
1689083821618 0.29786133766174316 295
1689083821631 0.2985101342201233 296
1689083821644 0.2962537109851837 297
1689083821656 0.2968827188014984 298
1689083821670 0.29462599754333496 299
1689083821684 0.2952508330345154 300
1689083821697 0.2929791212081909 301
1689083821710 0.29361313581466675 302
1689083821723 0.2913179397583008 303
1689083821736 0.2919645309448242 304
1689083821750 0.2896481156349182 305
1689083821764 0.290300577878952 306
1689083821777 0.28797295689582825 307
1689083821789 0.2886199951171875 308
1689083821804 0.28629162907600403 309
1689083821819 0.2869260013103485 310
1689083821832 0.28460124135017395 311
1689083821845 0.28522366285324097 312
1689083821858 0.2828989326953888 313
1689083821870 0.2835167348384857 314
1689083821884 0.2811850309371948 315
1689083821898 0.28180646896362305 316
1689083821919 0.2794618606567383 317
1689083821941 0.28009188175201416 318
1689083821959 0.2777335047721863 319
1689083821975 0.2783712148666382 320
1689083821988 0.27600324153900146 321
1689083822003 0.2766442894935608 322
1689083822017 0.2742727994918823 323
1689083822032 0.27491310238838196 324
1689083822046 0.2725423276424408 325
1689083822062 0.27318131923675537 326
1689083822076 0.2708120346069336 327
1689083822091 0.271452933549881 328
1689083822106 0.26908278465270996 329
1689083822121 0.2697310149669647 330
1689083822135 0.267356812953949 331
1689083822149 0.2680171728134155 332
1689083822162 0.2656375765800476 333
1689083822174 0.2663118541240692 334
1689083822188 0.2639278471469879 335
1689083822201 0.26461485028266907 336
1689083822214 0.2622293531894684 337
1689083822229 0.26292628049850464 338
1689083822242 0.26054149866104126 339
1689083822254 0.26124560832977295 340
1689083822268 0.25886163115501404 341
1689083822282 0.25957179069519043 342
1689083822295 0.25718629360198975 343
1689083822308 0.257902055978775 344
1689083822322 0.25551149249076843 345
1689083822337 0.25623244047164917 346
1689083822351 0.2538336217403412 347
1689083822364 0.25455841422080994 348
1689083822377 0.252149760723114 349
1689083822389 0.2528756856918335 350
1689083822403 0.2504570484161377 351
1689083822417 0.2511812746524811 352
1689083822432 0.2500000298023224 353
1689083822446 0.25 354
1689083822458 0.25 355
1689083822472 0.2499999850988388 356
1689083822485 0.25 357
1689083822499 0.2500000298023224 358
1689083822513 0.2500000298023224 359
1689083822527 0.2500000298023224 360
1689083822541 0.2499999850988388 361
1689083822555 0.2499999701976776 362
1689083822569 0.2499999701976776 363
1689083822583 0.2499999701976776 364
1689083822596 0.25 365
1689083822608 0.2500000298023224 366
1689083822621 0.25 367
1689083822635 0.2499999701976776 368
1689083822648 0.2500000298023224 369
1689083822884 0.25 370
1689083822897 0.2499999701976776 371
1689083822909 0.25 372
1689083822921 0.2499999701976776 373
1689083822934 0.25 374
1689083822946 0.25 375
1689083822961 0.25 376
1689083822974 0.25 377
1689083822987 0.2499999701976776 378
1689083823001 0.24999994039535522 379
1689083823016 0.2499999701976776 380
1689083823029 0.25 381
1689083823040 0.25 382
1689083823053 0.25 383
1689083823067 0.2500000298023224 384
1689083823080 0.25 385
1689083823094 0.25 386
1689083823107 0.2499999850988388 387
1689083823121 0.2500000596046448 388
1689083823135 0.2500000298023224 389
1689083823149 0.2500000298023224 390
1689083823162 0.25 391
1689083823175 0.24999994039535522 392
1689083823189 0.2499999701976776 393
1689083823202 0.25 394
1689083823215 0.2499999850988388 395
1689083823228 0.2500000298023224 396
1689083823241 0.25 397
1689083823254 0.2499999701976776 398
1689083823267 0.25 399
1689083823281 0.25 400
1689083823294 0.2499999850988388 401
1689083823306 0.2499999701976776 402
1689083823321 0.25 403
1689083823335 0.25 404
1689083823348 0.2500000596046448 405
1689083823360 0.25 406
1689083823374 0.25 407
1689083823387 0.25 408
1689083823401 0.2500000298023224 409
1689083823414 0.2500000596046448 410
1689083823429 0.24999994039535522 411
1689083823441 0.2499999701976776 412
1689083823454 0.25 413
1689083823467 0.25 414
1689083823479 0.25 415
1689083823492 0.25 416
1689083823505 0.2500000298023224 417
1689083823518 0.25 418
1689083823532 0.25 419
1689083823546 0.25 420
1689083823558 0.2500000298023224 421
1689083823571 0.24999994039535522 422
1689083823585 0.25 423
1689083823598 0.2499999850988388 424
1689083823611 0.25 425
1689083823623 0.2500000596046448 426
1689083823636 0.24999995529651642 427
1689083823652 0.2500000298023224 428
1689083823666 0.24999995529651642 429
1689083823683 0.25 430
1689083823700 0.25 431
1689083823717 0.25 432
1689083823735 0.2500000596046448 433
1689083823753 0.2499999850988388 434
1689083823769 0.24999994039535522 435
1689083823787 0.2499999701976776 436
1689083823804 0.2499999701976776 437
1689083823820 0.25 438
1689083823836 0.2500000298023224 439
1689083823850 0.2500000298023224 440
1689083823864 0.25 441
1689083823877 0.2499999701976776 442
1689083823889 0.25 443
1689083823902 0.2500000298023224 444
1689083823915 0.25 445
1689083823928 0.25 446
1689083823942 0.2500000596046448 447
1689083823954 0.25 448
1689083823969 0.2499999701976776 449
1689083823982 0.2499999701976776 450
1689083823997 0.2500000298023224 451
1689083824010 0.25 452
1689083824023 0.25 453
1689083824036 0.25 454
1689083824049 0.2500000298023224 455
1689083824064 0.25 456
1689083824076 0.2500000596046448 457
1689083824089 0.2500000298023224 458
1689083824104 0.2499999850988388 459
1689083824117 0.25000008940696716 460
1689083824131 0.25 461
1689083824144 0.2500000298023224 462
1689083824156 0.2500000298023224 463
1689083824169 0.25 464
1689083824184 0.25 465
1689083824197 0.25 466
1689083824210 0.2499999850988388 467
1689083824222 0.2500000298023224 468
1689083824237 0.2500000596046448 469
1689083824252 0.25 470
1689083824264 0.25 471
1689083824279 0.2500000596046448 472
1689083824291 0.2500000298023224 473
1689083824304 0.2499999850988388 474
1689083824317 0.25 475
1689083824331 0.2499999850988388 476
1689083824344 0.2499999701976776 477
1689083824355 0.2499999701976776 478
1689083824369 0.2499999701976776 479
1689083824382 0.2500000596046448 480
1689083824396 0.25 481
1689083824409 0.2500000298023224 482
1689083824422 0.24999995529651642 483
1689083824436 0.2499999850988388 484
1689083824450 0.2500000298023224 485
1689083824463 0.2500000596046448 486
1689083824475 0.25 487
1689083824488 0.2499999701976776 488
1689083824502 0.2500000298023224 489
1689083824516 0.25 490
1689083824529 0.2499999701976776 491
1689083824556 0.2500000298023224 492
1689083824575 0.2500000298023224 493
1689083824595 0.25 494
1689083824611 0.25 495
1689083824623 0.25 496
1689083824637 0.2500000298023224 497
1689083824650 0.25 498
1689083824664 0.2500000298023224 499
