1688657919918 0.1310478150844574 0
1688657919965 0.12254438549280167 1
1688657919986 0.11754880100488663 2
1688657920006 0.1139795184135437 3
1688657920024 0.11121583729982376 4
1688657920044 0.10897503793239594 5
1688657920063 0.10709953308105469 6
1688657920083 0.10548964887857437 7
1688657920103 0.10407678782939911 8
1688657920123 0.10281101614236832 9
1688657920151 0.10165446996688843 10
1688657920213 0.10057836771011353 11
1688657920232 0.0995604619383812 12
1688657920251 0.09858424216508865 13
1688657920272 0.09763789176940918 14
1688657920291 0.09671323746442795 15
1688657920310 0.09580497443675995 16
1688657920331 0.09490971267223358 17
1688657920352 0.09402584284543991 18
1688657920371 0.09315253794193268 19
1688657920389 0.09228941798210144 20
1688657920408 0.09143653512001038 21
1688657920427 0.09059414267539978 22
1688657920446 0.08976256102323532 23
1688657920465 0.08894210308790207 24
1688657920484 0.0881330594420433 25
1688657920502 0.08733578771352768 26
1688657920521 0.08655066788196564 27
1688657920541 0.08577779680490494 28
1688657920559 0.08501765877008438 29
1688657920647 0.08427035063505173 30
1688657920668 0.08353598415851593 31
1688657920685 0.08281496912240982 32
1688657920706 0.08210738003253937 33
1688657920730 0.08141323924064636 34
1688657920750 0.0807328149676323 35
1688657920771 0.08006617426872253 36
1688657920791 0.07941338419914246 37
1688657920810 0.07877451926469803 38
1688657920829 0.07814960926771164 39
1688657920847 0.07753881812095642 40
1688657920869 0.07694204896688461 41
1688657920888 0.07635931670665741 42
1688657920907 0.07579073309898376 43
1688657920934 0.07523626834154129 44
1688657920956 0.07469587028026581 45
1688657920982 0.07416954636573792 46
1688657921004 0.07365718483924866 47
1688657921026 0.07315876334905624 48
1688657921044 0.07267436385154724 49
1688657921062 0.07220377773046494 50
1688657921087 0.07174699753522873 51
1688657921111 0.07130388170480728 52
1688657921136 0.07087446749210358 53
1688657921160 0.0704585462808609 54
1688657921183 0.07005609571933746 55
1688657921204 0.06966692209243774 56
1688657921223 0.06929093599319458 57
1688657921242 0.06892804801464081 58
1688657921351 0.06857813149690628 59
1688657921372 0.06824097782373428 60
1688657921390 0.06791648268699646 61
1688657921408 0.06760447472333908 62
1688657921426 0.06730480492115021 63
1688657921444 0.06701728701591492 64
1688657921464 0.0667416974902153 65
1688657921485 0.06647791713476181 66
1688657921505 0.06622575223445892 67
1688657921529 0.06598491966724396 68
1688657921551 0.06575533747673035 69
1688657921571 0.06553667783737183 70
1688657921590 0.06532874703407288 71
1688657921609 0.06513132154941559 72
1688657921631 0.06494414806365967 73
1688657921657 0.06476698070764542 74
1688657921684 0.06459952145814896 75
1688657921711 0.06444159150123596 76
1688657921748 0.06429283320903778 77
1688657921784 0.06415301561355591 78
1688657921820 0.06402180343866348 79
1688657921852 0.06389893591403961 80
1688657921882 0.06378413736820221 81
1688657921910 0.06367704272270203 82
1688657921939 0.06357739865779877 83
1688657921966 0.06348481774330139 84
1688657921994 0.06339898705482483 85
1688657922025 0.06331957131624222 86
1688657922055 0.06324635446071625 87
1688657922082 0.06317882239818573 88
1688657922110 0.06311676651239395 89
1688657922263 0.06305983662605286 90
1688657922280 0.06300769001245499 91
1688657922301 0.06295998394489288 92
1688657922319 0.06291651725769043 93
1688657922339 0.0628768801689148 94
1688657922358 0.06284081935882568 95
1688657922409 0.0628080815076828 96
1688657922443 0.06277837604284286 97
1688657922477 0.06275143474340439 98
1688657922502 0.06272703409194946 99
1688657922522 0.06270494312047958 100
1688657922539 0.06268495321273804 101
1688657922558 0.06266681849956512 102
1688657922575 0.06265047192573547 103
1688657922593 0.0626356452703476 104
1688657922612 0.06262220442295074 105
1688657922632 0.0626099705696106 106
1688657922652 0.06259883940219879 107
1688657922671 0.06258877366781235 108
1688657922691 0.06257959455251694 109
1688657922710 0.06257117539644241 110
1688657922729 0.06256349384784698 111
1688657922748 0.06255647540092468 112
1688657922767 0.06255006790161133 113
1688657922787 0.06254424154758453 114
1688657922806 0.06253895163536072 115
1688657922825 0.06253408640623093 116
1688657922845 0.06252969801425934 117
1688657922864 0.06252576410770416 118
1688657922883 0.06252215802669525 119
1688657922906 0.06251899152994156 120
1688657922924 0.06251613795757294 121
1688657922943 0.06251363456249237 122
1688657922962 0.0625113770365715 123
1688657922983 0.0625094473361969 124
1688657923002 0.06250780820846558 125
1688657923022 0.06250651180744171 126
1688657923041 0.06250698119401932 127
1688657923059 0.06252528727054596 128
1688657923077 0.06265062838792801 129
1688657923267 0.06264171004295349 130
1688657923296 0.0625477135181427 131
1688657923324 0.06251595169305801 132
1688657923351 0.06250694394111633 133
1688657923384 0.06250413507223129 134
1688657923412 0.062502920627594 135
1688657923441 0.06250230967998505 136
1688657923471 0.06250201165676117 137
1688657923498 0.06250184774398804 138
1688657923528 0.06250182539224625 139
1688657923566 0.06250220537185669 140
1688657923603 0.06250333786010742 141
1688657923646 0.06250627338886261 142
1688657923677 0.06251377612352371 143
1688657923707 0.0625312328338623 144
1688657923735 0.0625569075345993 145
1688657923764 0.06256580352783203 146
1688657923794 0.06254789233207703 147
1688657923831 0.06252837926149368 148
1688657923866 0.06251626461744308 149
1688657923896 0.06251029670238495 150
1688657923925 0.06250740587711334 151
1688657923955 0.06250624358654022 152
1688657923983 0.0625060647726059 153
1688657924019 0.06250683218240738 154
1688657924055 0.06250869482755661 155
1688657924086 0.06251224130392075 156
1688657924120 0.06251805275678635 157
1688657924155 0.06252637505531311 158
1688657924185 0.0625344067811966 159
1688657924221 0.0625380128622055 160
1688657924252 0.06253451108932495 161
1688657924276 0.0625278651714325 162
1688657924308 0.06252113729715347 163
1688657924340 0.06251651048660278 164
1688657924371 0.06251354515552521 165
1688657924405 0.06251213699579239 166
1688657924430 0.06251184642314911 167
1688657924609 0.06251260638237 168
1688657924630 0.06251436471939087 169
1688657924653 0.06251713633537292 170
1688657924680 0.06252077221870422 171
1688657924703 0.06252452731132507 172
1688657924730 0.06252704560756683 173
1688657924765 0.06252783536911011 174
1688657924791 0.06252624839544296 175
1688657924812 0.06252365559339523 176
1688657924832 0.06252064555883408 177
1688657924856 0.06251832842826843 178
1688657924874 0.06251666694879532 179
1688657924894 0.06251587718725204 180
1688657924912 0.0625157356262207 181
1688657924930 0.0625164732336998 182
1688657924949 0.06251765787601471 183
1688657924969 0.062519371509552 184
1688657924988 0.06252115964889526 185
1688657925007 0.06252273917198181 186
1688657925025 0.06252353638410568 187
1688657925043 0.06252361834049225 188
1688657925061 0.06252272427082062 189
1688657925080 0.06252157688140869 190
1688657925100 0.06252013146877289 191
1688657925119 0.06251905858516693 192
1688657925139 0.06251822412014008 193
1688657925163 0.06251795589923859 194
1688657925184 0.06251795589923859 195
1688657925205 0.06251847743988037 196
1688657925223 0.06251915544271469 197
1688657925241 0.06252013146877289 198
1688657925259 0.06252087652683258 199
1688657925278 0.0625215470790863 200
1688657925297 0.0625217854976654 201
1688657925318 0.06252169609069824 202
1688657925339 0.06252121925354004 203
1688657925364 0.06252066045999527 204
1688657925386 0.06251993030309677 205
1688657925406 0.06251949071884155 206
1688657925426 0.06251908838748932 207
1688657925445 0.06251905858516693 208
1688657925464 0.06251908093690872 209
1688657925485 0.06251944601535797 210
1688657925506 0.06251977384090424 211
1688657925524 0.06252024322748184 212
1688657925543 0.0625205785036087 213
1688657925562 0.06252090632915497 214
1688657925588 0.06252088397741318 215
1688657925608 0.062520831823349 216
1688657925627 0.06252054870128632 217
1688657925646 0.06252032518386841 218
1688657925860 0.06251995265483856 219
1688657925888 0.06251977384090424 220
1688657925908 0.06251958012580872 221
1688657925927 0.0625196099281311 222
1688657925948 0.06251965463161469 223
1688657925969 0.0625198632478714 224
1688657925988 0.06251998990774155 225
1688657926007 0.06252025067806244 226
1688657926025 0.06252036988735199 227
1688657926051 0.06252053380012512 228
1688657926072 0.06252047419548035 229
1688657926090 0.06252043694257736 230
1688657926111 0.06252026557922363 231
1688657926129 0.06252019107341766 232
1688657926149 0.06252000480890274 233
1688657926167 0.06251995265483856 234
1688657926187 0.06251981109380722 235
1688657926205 0.06251989305019379 236
1688657926230 0.06251990050077438 237
1688657926272 0.06252001225948334 238
1688657926312 0.06252007186412811 239
1688657926342 0.06252024322748184 240
1688657926370 0.06252027302980423 241
1688657926400 0.062520332634449 242
1688657926420 0.06252020597457886 243
1688657926443 0.06252028048038483 244
1688657926469 0.06252017617225647 245
1688657926494 0.06252013891935349 246
1688657926518 0.06251999735832214 247
1688657926541 0.06252007186412811 248
1688657926564 0.06251993775367737 249
1688657926588 0.06252003461122513 250
1688657926613 0.06251998990774155 251
1688657926637 0.0625201016664505 252
1688657926658 0.0625201165676117 253
1688657926682 0.06252020597457886 254
1688657926706 0.06252013891935349 255
1688657926730 0.06252023577690125 256
1688657926756 0.06252017617225647 257
1688657926777 0.06252019107341766 258
1688657926803 0.0625201091170311 259
1688657926827 0.06252012401819229 260
1688657926857 0.06252004951238632 261
1688657926879 0.0625201165676117 262
1688657926903 0.06252003461122513 263
1688657926927 0.06252007186412811 264
1688657926952 0.06252001971006393 265
1688657926974 0.0625200942158699 266
1688657927002 0.0625201016664505 267
1688657927025 0.06252020597457886 268
1688657927045 0.06252013891935349 269
1688657927067 0.06252022087574005 270
1688657927088 0.0625201016664505 271
1688657927110 0.06252015382051468 272
1688657927136 0.0625201091170311 273
1688657927163 0.06252016127109528 274
1688657927408 0.06252004951238632 275
1688657927435 0.0625201091170311 276
1688657927459 0.06252007186412811 277
1688657927481 0.06252016127109528 278
1688657927512 0.06252006441354752 279
1688657927535 0.0625201016664505 280
1688657927556 0.0625200867652893 281
1688657927578 0.06252014636993408 282
1688657927600 0.0625201016664505 283
1688657927623 0.06252016872167587 284
1688657927644 0.0625200942158699 285
1688657927665 0.06252013891935349 286
1688657927686 0.06252005696296692 287
1688657927707 0.06252014636993408 288
1688657927728 0.06252005696296692 289
1688657927750 0.06252014636993408 290
1688657927774 0.06252007186412811 291
1688657927794 0.06252013146877289 292
1688657927817 0.06252007186412811 293
1688657927838 0.06252013146877289 294
1688657927863 0.06252007931470871 295
1688657927887 0.06252014636993408 296
1688657927908 0.0625200867652893 297
1688657927927 0.06252016872167587 298
1688657927949 0.0625201016664505 299
1688657927972 0.06252017617225647 300
1688657927990 0.06252007186412811 301
1688657928009 0.06252013146877289 302
1688657928030 0.06252007931470871 303
1688657928050 0.06252013146877289 304
1688657928070 0.06252005696296692 305
1688657928088 0.06252014636993408 306
1688657928107 0.06252005696296692 307
1688657928125 0.06252016127109528 308
1688657928143 0.06252007186412811 309
1688657928164 0.06252017617225647 310
1688657928184 0.06252004951238632 311
1688657928207 0.06252014636993408 312
1688657928229 0.06252005696296692 313
1688657928253 0.06252012401819229 314
1688657928276 0.06252007186412811 315
1688657928294 0.06252012401819229 316
1688657928312 0.06252007931470871 317
1688657928331 0.0625201165676117 318
1688657928356 0.0625200867652893 319
1688657928375 0.06252012401819229 320
1688657928395 0.06252007186412811 321
1688657928416 0.06252014636993408 322
1688657928437 0.06252004206180573 323
1688657928455 0.06252014636993408 324
1688657928475 0.06252007931470871 325
1688657928494 0.0625201165676117 326
1688657928513 0.0625201016664505 327
1688657928533 0.06252016127109528 328
1688657928552 0.06252003461122513 329
1688657928572 0.06252013891935349 330
1688657928590 0.06252004206180573 331
1688657928610 0.06252017617225647 332
1688657928628 0.0625200867652893 333
1688657928649 0.06252014636993408 334
1688657928668 0.06252002716064453 335
1688657928687 0.06252013891935349 336
1688657928705 0.06252007931470871 337
1688657928723 0.06252013146877289 338
1688657928742 0.06252005696296692 339
1688657928761 0.0625201016664505 340
1688657928780 0.06252004951238632 341
1688657928800 0.0625201091170311 342
1688657928820 0.06252004951238632 343
1688657928839 0.06252012401819229 344
1688657928858 0.06252007186412811 345
1688657928877 0.06252013891935349 346
1688657928896 0.06252007186412811 347
1688657928915 0.06252013146877289 348
1688657928936 0.06252003461122513 349
1688657928955 0.0625201091170311 350
1688657928973 0.06252002716064453 351
1688657928992 0.06252013146877289 352
1688657929012 0.0625200867652893 353
1688657929296 0.0625201016664505 354
1688657929316 0.06252002716064453 355
1688657929338 0.06252014636993408 356
1688657929357 0.06252005696296692 357
1688657929376 0.06252012401819229 358
1688657929399 0.06252004206180573 359
1688657929420 0.06252015382051468 360
1688657929442 0.06252004951238632 361
1688657929467 0.06252013146877289 362
1688657929495 0.06252004951238632 363
1688657929514 0.06252013146877289 364
1688657929535 0.06252006441354752 365
1688657929554 0.06252013891935349 366
1688657929577 0.06252004206180573 367
1688657929607 0.0625201165676117 368
1688657929636 0.06252006441354752 369
1688657929660 0.06252016127109528 370
1688657929684 0.06252007931470871 371
1688657929708 0.0625201016664505 372
1688657929726 0.06252005696296692 373
1688657929744 0.06252012401819229 374
1688657929763 0.06252004951238632 375
1688657929782 0.06252014636993408 376
1688657929801 0.06252005696296692 377
1688657929819 0.0625201016664505 378
1688657929837 0.06252004206180573 379
1688657929855 0.06252014636993408 380
1688657929873 0.06252002716064453 381
1688657929892 0.0625200867652893 382
1688657929911 0.06252004206180573 383
1688657929929 0.0625201016664505 384
1688657929947 0.0625200867652893 385
1688657929966 0.0625201016664505 386
1688657929984 0.06252001971006393 387
1688657930009 0.06252013146877289 388
1688657930110 0.06252005696296692 389
1688657930134 0.0625201165676117 390
1688657930158 0.06252002716064453 391
1688657930177 0.06252013146877289 392
1688657930205 0.06252005696296692 393
1688657930228 0.06252013146877289 394
1688657930252 0.06252005696296692 395
1688657930274 0.0625201016664505 396
1688657930292 0.06252005696296692 397
1688657930310 0.06252014636993408 398
1688657930328 0.06252007186412811 399
1688657930347 0.0625201165676117 400
1688657930364 0.06252004951238632 401
1688657930382 0.0625201165676117 402
1688657930408 0.06252004951238632 403
1688657930427 0.06252014636993408 404
1688657930446 0.06252007186412811 405
1688657930466 0.0625201091170311 406
1688657930485 0.06252007186412811 407
1688657930504 0.06252013891935349 408
1688657930523 0.06252003461122513 409
1688657930541 0.0625201165676117 410
1688657930559 0.06252004206180573 411
1688657930580 0.06252014636993408 412
1688657930598 0.06252004951238632 413
1688657930619 0.06252013891935349 414
1688657930639 0.06252005696296692 415
1688657930657 0.06252005696296692 416
1688657930675 0.06252007186412811 417
1688657930694 0.0625201165676117 418
1688657930712 0.06252007186412811 419
1688657930733 0.0625201165676117 420
1688657930751 0.06252007931470871 421
1688657930770 0.06252013146877289 422
1688657930789 0.06252001225948334 423
1688657930807 0.0625201165676117 424
1688657930830 0.06252004206180573 425
1688657930852 0.06252012401819229 426
1688657930873 0.06252003461122513 427
1688657930892 0.0625201016664505 428
1688657930910 0.06252002716064453 429
1688657930937 0.0625201016664505 430
1688657930957 0.06252002716064453 431
1688657930976 0.0625201016664505 432
1688657930994 0.06252004206180573 433
1688657931014 0.0625201165676117 434
1688657931034 0.06252005696296692 435
1688657931053 0.0625201091170311 436
1688657931071 0.06252007186412811 437
1688657931090 0.06252007186412811 438
1688657931109 0.06252004951238632 439
1688657931129 0.0625201091170311 440
1688657931154 0.06252004206180573 441
1688657931181 0.0625200942158699 442
1688657931200 0.06252005696296692 443
1688657931226 0.0625200942158699 444
1688657931248 0.06252001225948334 445
1688657931269 0.06252013146877289 446
1688657931288 0.06252001225948334 447
1688657931306 0.06252013146877289 448
1688657931639 0.06252001225948334 449
1688657931660 0.0625200867652893 450
1688657931686 0.06252004206180573 451
1688657931712 0.0625200867652893 452
1688657931732 0.06252004206180573 453
1688657931754 0.0625200867652893 454
1688657931782 0.06251999735832214 455
1688657931807 0.0625201165676117 456
1688657931833 0.06252001225948334 457
1688657931855 0.0625200942158699 458
1688657931875 0.06252004206180573 459
1688657931905 0.06252014636993408 460
1688657931931 0.06252003461122513 461
1688657931954 0.0625201091170311 462
1688657931982 0.06252005696296692 463
1688657932009 0.0625200867652893 464
1688657932035 0.06252004206180573 465
1688657932056 0.0625201165676117 466
1688657932075 0.06252001225948334 467
1688657932100 0.0625201091170311 468
1688657932121 0.06252001225948334 469
1688657932145 0.0625200867652893 470
1688657932169 0.06252002716064453 471
1688657932191 0.0625201016664505 472
1688657932212 0.06252001971006393 473
1688657932235 0.0625200867652893 474
1688657932254 0.06252003461122513 475
1688657932276 0.0625200942158699 476
1688657932294 0.06252002716064453 477
1688657932312 0.0625201016664505 478
1688657932339 0.06252003461122513 479
1688657932367 0.0625201091170311 480
1688657932391 0.06252004206180573 481
1688657932415 0.0625201165676117 482
1688657932438 0.06252001225948334 483
1688657932459 0.0625200942158699 484
1688657932481 0.06252000480890274 485
1688657932502 0.0625200942158699 486
1688657932522 0.06252002716064453 487
1688657932546 0.0625201016664505 488
1688657932567 0.06252001225948334 489
1688657932586 0.0625201091170311 490
1688657932605 0.06252004951238632 491
1688657932623 0.0625200867652893 492
1688657932641 0.06252001971006393 493
1688657932665 0.0625200942158699 494
1688657932684 0.06252003461122513 495
1688657932703 0.06252007931470871 496
1688657932722 0.06252004206180573 497
1688657932741 0.0625201165676117 498
1688657932759 0.06252004951238632 499
