1688657919918 0.25 0
1688657919965 0.25540608167648315 1
1688657919986 0.25877848267555237 2
1688657920006 0.261257141828537 3
1688657920024 0.2631703019142151 4
1688657920044 0.2646578550338745 5
1688657920063 0.26579034328460693 6
1688657920083 0.26660630106925964 7
1688657920103 0.26712796092033386 8
1688657920123 0.26736998558044434 9
1688657920151 0.26734399795532227 10
1688657920213 0.2670629620552063 11
1688657920232 0.26654213666915894 12
1688657920251 0.26580125093460083 13
1688657920272 0.26486384868621826 14
1688657920291 0.2637556791305542 15
1688657920310 0.26250314712524414 16
1688657920331 0.26113152503967285 17
1688657920352 0.2596638798713684 18
1688657920371 0.25811997056007385 19
1688657920389 0.25651609897613525 20
1688657920408 0.25486549735069275 21
1688657920427 0.25317859649658203 22
1688657920446 0.25146353244781494 23
1688657920465 0.2500000298023224 24
1688657920484 0.25 25
1688657920502 0.2499999701976776 26
1688657920521 0.2500000298023224 27
1688657920541 0.24999994039535522 28
1688657920559 0.2500000298023224 29
1688657920647 0.2500000596046448 30
1688657920668 0.2499999701976776 31
1688657920685 0.2499999850988388 32
1688657920706 0.2500000596046448 33
1688657920730 0.2499999701976776 34
1688657920750 0.2499999701976776 35
1688657920771 0.25 36
1688657920791 0.2500000298023224 37
1688657920810 0.2500000298023224 38
1688657920829 0.2499999701976776 39
1688657920847 0.2500000298023224 40
1688657920869 0.2500000298023224 41
1688657920888 0.24999992549419403 42
1688657920907 0.24999994039535522 43
1688657920934 0.2499999850988388 44
1688657920956 0.25 45
1688657920982 0.2500000596046448 46
1688657921004 0.2500000298023224 47
1688657921026 0.24999994039535522 48
1688657921044 0.25 49
1688657921062 0.25 50
1688657921087 0.25 51
1688657921111 0.24999992549419403 52
1688657921136 0.2499999701976776 53
1688657921160 0.24999995529651642 54
1688657921183 0.25 55
1688657921204 0.25 56
1688657921223 0.24999995529651642 57
1688657921242 0.24999995529651642 58
1688657921351 0.25 59
1688657921372 0.25 60
1688657921390 0.25 61
1688657921408 0.2500000298023224 62
1688657921426 0.2500000596046448 63
1688657921444 0.2500000596046448 64
1688657921464 0.25 65
1688657921485 0.25 66
1688657921505 0.25 67
1688657921529 0.24999994039535522 68
1688657921551 0.25 69
1688657921571 0.25 70
1688657921590 0.25 71
1688657921609 0.25 72
1688657921631 0.25 73
1688657921657 0.2500000298023224 74
1688657921684 0.2499999701976776 75
1688657921711 0.2500000298023224 76
1688657921748 0.2500000298023224 77
1688657921784 0.2500000298023224 78
1688657921820 0.2499999850988388 79
1688657921852 0.24999994039535522 80
1688657921882 0.2499999850988388 81
1688657921910 0.24999995529651642 82
1688657921939 0.2500000298023224 83
1688657921966 0.2500000298023224 84
1688657921994 0.2500000298023224 85
1688657922025 0.2499999701976776 86
1688657922055 0.2500000596046448 87
1688657922082 0.2499999850988388 88
1688657922110 0.25 89
1688657922263 0.25 90
1688657922280 0.25 91
1688657922301 0.24999992549419403 92
1688657922319 0.2499999850988388 93
1688657922339 0.2499999701976776 94
1688657922358 0.2499999701976776 95
1688657922409 0.25 96
1688657922443 0.2500000298023224 97
1688657922477 0.2500000298023224 98
1688657922502 0.2500000298023224 99
1688657922522 0.2500000298023224 100
1688657922539 0.25 101
1688657922558 0.24999994039535522 102
1688657922575 0.25 103
1688657922593 0.25 104
1688657922612 0.2500000298023224 105
1688657922632 0.2499999701976776 106
1688657922652 0.24999991059303284 107
1688657922671 0.2499999850988388 108
1688657922691 0.2500000596046448 109
1688657922710 0.25 110
1688657922729 0.2499999850988388 111
1688657922748 0.24999995529651642 112
1688657922767 0.24999994039535522 113
1688657922787 0.24999995529651642 114
1688657922806 0.2500000298023224 115
1688657922825 0.2499999701976776 116
1688657922845 0.2499999701976776 117
1688657922864 0.2500000298023224 118
1688657922883 0.24999995529651642 119
1688657922906 0.25 120
1688657922924 0.25 121
1688657922943 0.2500000298023224 122
1688657922962 0.24999994039535522 123
1688657922983 0.2499999701976776 124
1688657923002 0.25 125
1688657923022 0.25 126
1688657923041 0.25 127
1688657923059 0.25 128
1688657923077 0.2499999850988388 129
1688657923267 0.2500000298023224 130
1688657923296 0.2499999850988388 131
1688657923324 0.25 132
1688657923351 0.24999994039535522 133
1688657923384 0.25000008940696716 134
1688657923412 0.2500000298023224 135
1688657923441 0.25 136
1688657923471 0.2500000596046448 137
1688657923498 0.2500000298023224 138
1688657923528 0.24999994039535522 139
1688657923566 0.24999995529651642 140
1688657923603 0.2500000298023224 141
1688657923646 0.2500000596046448 142
1688657923677 0.25 143
1688657923707 0.25 144
1688657923735 0.25 145
1688657923764 0.2499999701976776 146
1688657923794 0.2499999701976776 147
1688657923831 0.25 148
1688657923866 0.24999994039535522 149
1688657923896 0.24999994039535522 150
1688657923925 0.2499999701976776 151
1688657923955 0.2500000298023224 152
1688657923983 0.25 153
1688657924019 0.2500000298023224 154
1688657924055 0.2500000298023224 155
1688657924086 0.2500000298023224 156
1688657924120 0.24999992549419403 157
1688657924155 0.2499999850988388 158
1688657924185 0.24999994039535522 159
1688657924221 0.2500000596046448 160
1688657924252 0.25 161
1688657924276 0.25 162
1688657924308 0.24999991059303284 163
1688657924340 0.25 164
1688657924371 0.25 165
1688657924405 0.2499999701976776 166
1688657924430 0.2500000298023224 167
1688657924609 0.2499999850988388 168
1688657924630 0.2500000298023224 169
1688657924653 0.24999989569187164 170
1688657924680 0.25000008940696716 171
1688657924703 0.2500000298023224 172
1688657924730 0.24999994039535522 173
1688657924765 0.25 174
1688657924791 0.2500000298023224 175
1688657924812 0.2500000298023224 176
1688657924832 0.25 177
1688657924856 0.25 178
1688657924874 0.25000008940696716 179
1688657924894 0.2500000298023224 180
1688657924912 0.24999994039535522 181
1688657924930 0.2500000298023224 182
1688657924949 0.25 183
1688657924969 0.24999994039535522 184
1688657924988 0.2500000596046448 185
1688657925007 0.25 186
1688657925025 0.2500000596046448 187
1688657925043 0.2500000596046448 188
1688657925061 0.2500000298023224 189
1688657925080 0.2500000596046448 190
1688657925100 0.25 191
1688657925119 0.2499999850988388 192
1688657925139 0.25 193
1688657925163 0.25 194
1688657925184 0.2499999701976776 195
1688657925205 0.2499999701976776 196
1688657925223 0.2499999701976776 197
1688657925241 0.2500000298023224 198
1688657925259 0.2499999850988388 199
1688657925278 0.24999995529651642 200
1688657925297 0.2500000596046448 201
1688657925318 0.2499999850988388 202
1688657925339 0.2500000298023224 203
1688657925364 0.25 204
1688657925386 0.24999994039535522 205
1688657925406 0.2499999701976776 206
1688657925426 0.25 207
1688657925445 0.2500000298023224 208
1688657925464 0.2499999850988388 209
1688657925485 0.25 210
1688657925506 0.2499999850988388 211
1688657925524 0.24999991059303284 212
1688657925543 0.25 213
1688657925562 0.2500000298023224 214
1688657925588 0.25 215
1688657925608 0.24999995529651642 216
1688657925627 0.25 217
1688657925646 0.25 218
1688657925860 0.2500000298023224 219
1688657925888 0.2499999701976776 220
1688657925908 0.25 221
1688657925927 0.2499999850988388 222
1688657925948 0.2500000596046448 223
1688657925969 0.25 224
1688657925988 0.24999995529651642 225
1688657926007 0.24999994039535522 226
1688657926025 0.2499999850988388 227
1688657926051 0.25 228
1688657926072 0.2500000298023224 229
1688657926090 0.24999994039535522 230
1688657926111 0.2500000298023224 231
1688657926129 0.25 232
1688657926149 0.2500000596046448 233
1688657926167 0.25 234
1688657926187 0.2499999850988388 235
1688657926205 0.25 236
1688657926230 0.2500000298023224 237
1688657926272 0.24999992549419403 238
1688657926312 0.25 239
1688657926342 0.2499999850988388 240
1688657926370 0.2500000596046448 241
1688657926400 0.2499999701976776 242
1688657926420 0.24999991059303284 243
1688657926443 0.25 244
1688657926469 0.2500000596046448 245
1688657926494 0.25 246
1688657926518 0.2499999850988388 247
1688657926541 0.2500000596046448 248
1688657926564 0.2499999701976776 249
1688657926588 0.25 250
1688657926613 0.2499999850988388 251
1688657926637 0.2499999701976776 252
1688657926658 0.2500000596046448 253
1688657926682 0.25 254
1688657926706 0.2499999701976776 255
1688657926730 0.2499999850988388 256
1688657926756 0.25 257
1688657926777 0.2499999701976776 258
1688657926803 0.25 259
1688657926827 0.2499999701976776 260
1688657926857 0.2500000298023224 261
1688657926879 0.2500000596046448 262
1688657926903 0.2500000596046448 263
1688657926927 0.24999995529651642 264
1688657926952 0.2499999701976776 265
1688657926974 0.24999991059303284 266
1688657927002 0.25 267
1688657927025 0.2500000596046448 268
1688657927045 0.2500000298023224 269
1688657927067 0.2500000596046448 270
1688657927088 0.2499999701976776 271
1688657927110 0.2499999701976776 272
1688657927136 0.2500000596046448 273
1688657927163 0.2500000596046448 274
1688657927408 0.2499999850988388 275
1688657927435 0.2499999850988388 276
1688657927459 0.2500000596046448 277
1688657927481 0.2500000596046448 278
1688657927512 0.25 279
1688657927535 0.24999992549419403 280
1688657927556 0.25 281
1688657927578 0.2499999701976776 282
1688657927600 0.25 283
1688657927623 0.25 284
1688657927644 0.2500000298023224 285
1688657927665 0.2499999701976776 286
1688657927686 0.2499999850988388 287
1688657927707 0.25 288
1688657927728 0.25 289
1688657927750 0.2500000596046448 290
1688657927774 0.2500000298023224 291
1688657927794 0.2499999850988388 292
1688657927817 0.25 293
1688657927838 0.2499999701976776 294
1688657927863 0.25 295
1688657927887 0.25 296
1688657927908 0.25 297
1688657927927 0.2500000298023224 298
1688657927949 0.2500000596046448 299
1688657927972 0.2500000596046448 300
1688657927990 0.25 301
1688657928009 0.2499999701976776 302
1688657928030 0.2500000596046448 303
1688657928050 0.25 304
1688657928070 0.2499999701976776 305
1688657928088 0.2500000298023224 306
1688657928107 0.25 307
1688657928125 0.2500000298023224 308
1688657928143 0.25 309
1688657928164 0.2500000596046448 310
1688657928184 0.24999995529651642 311
1688657928207 0.2500000298023224 312
1688657928229 0.2499999850988388 313
1688657928253 0.2499999701976776 314
1688657928276 0.25 315
1688657928294 0.2499999701976776 316
1688657928312 0.2500000596046448 317
1688657928331 0.24999994039535522 318
1688657928356 0.2500000596046448 319
1688657928375 0.2499999850988388 320
1688657928395 0.25 321
1688657928416 0.25 322
1688657928437 0.24999994039535522 323
1688657928455 0.25 324
1688657928475 0.2500000298023224 325
1688657928494 0.24999995529651642 326
1688657928513 0.2500000596046448 327
1688657928533 0.2500000596046448 328
1688657928552 0.24999994039535522 329
1688657928572 0.25 330
1688657928590 0.24999994039535522 331
1688657928610 0.2500000596046448 332
1688657928628 0.2500000298023224 333
1688657928649 0.2500000298023224 334
1688657928668 0.24999992549419403 335
1688657928687 0.25 336
1688657928705 0.2500000298023224 337
1688657928723 0.25 338
1688657928742 0.2499999850988388 339
1688657928761 0.24999994039535522 340
1688657928780 0.2499999850988388 341
1688657928800 0.24999995529651642 342
1688657928820 0.2499999850988388 343
1688657928839 0.2499999850988388 344
1688657928858 0.2500000298023224 345
1688657928877 0.25 346
1688657928896 0.2500000298023224 347
1688657928915 0.2499999850988388 348
1688657928936 0.2499999701976776 349
1688657928955 0.24999995529651642 350
1688657928973 0.24999995529651642 351
1688657928992 0.25 352
1688657929012 0.2500000596046448 353
1688657929296 0.2499999701976776 354
1688657929316 0.2499999701976776 355
1688657929338 0.25 356
1688657929357 0.25 357
1688657929376 0.2499999850988388 358
1688657929399 0.2499999701976776 359
1688657929420 0.2500000596046448 360
1688657929442 0.2499999850988388 361
1688657929467 0.25 362
1688657929495 0.2499999850988388 363
1688657929514 0.25 364
1688657929535 0.2500000298023224 365
1688657929554 0.2500000298023224 366
1688657929577 0.2499999850988388 367
1688657929607 0.2499999850988388 368
1688657929636 0.25 369
1688657929660 0.2500000596046448 370
1688657929684 0.2500000596046448 371
1688657929708 0.24999995529651642 372
1688657929726 0.25 373
1688657929744 0.2499999850988388 374
1688657929763 0.2499999850988388 375
1688657929782 0.2500000298023224 376
1688657929801 0.25 377
1688657929819 0.24999994039535522 378
1688657929837 0.2499999850988388 379
1688657929855 0.2500000596046448 380
1688657929873 0.2499999701976776 381
1688657929892 0.24999994039535522 382
1688657929911 0.2499999850988388 383
1688657929929 0.2499999701976776 384
1688657929947 0.25000008940696716 385
1688657929966 0.2499999701976776 386
1688657929984 0.24999994039535522 387
1688657930009 0.25 388
1688657930110 0.25 389
1688657930134 0.25 390
1688657930158 0.2499999701976776 391
1688657930177 0.25 392
1688657930205 0.25 393
1688657930228 0.25 394
1688657930252 0.2500000298023224 395
1688657930274 0.2499999701976776 396
1688657930292 0.2500000298023224 397
1688657930310 0.2500000596046448 398
1688657930328 0.2500000596046448 399
1688657930347 0.25 400
1688657930364 0.25 401
1688657930382 0.25 402
1688657930408 0.25 403
1688657930427 0.2500000596046448 404
1688657930446 0.2500000298023224 405
1688657930466 0.2499999850988388 406
1688657930485 0.2500000596046448 407
1688657930504 0.2500000596046448 408
1688657930523 0.25 409
1688657930541 0.25 410
1688657930559 0.25 411
1688657930580 0.2500000596046448 412
1688657930598 0.25 413
1688657930619 0.2500000596046448 414
1688657930639 0.2500000298023224 415
1688657930657 0.24999989569187164 416
1688657930675 0.2500000596046448 417
1688657930694 0.25 418
1688657930712 0.2500000596046448 419
1688657930733 0.25 420
1688657930751 0.2500000596046448 421
1688657930770 0.2500000298023224 422
1688657930789 0.24999994039535522 423
1688657930807 0.2500000298023224 424
1688657930830 0.25 425
1688657930852 0.2500000298023224 426
1688657930873 0.25 427
1688657930892 0.2499999701976776 428
1688657930910 0.2499999850988388 429
1688657930937 0.2499999850988388 430
1688657930957 0.2499999701976776 431
1688657930976 0.25 432
1688657930994 0.25 433
1688657931014 0.25 434
1688657931034 0.2500000298023224 435
1688657931053 0.25 436
1688657931071 0.2500000596046448 437
1688657931090 0.24999994039535522 438
1688657931109 0.2500000298023224 439
1688657931129 0.25 440
1688657931154 0.25 441
1688657931181 0.2499999850988388 442
1688657931200 0.2500000596046448 443
1688657931226 0.2499999701976776 444
1688657931248 0.2499999701976776 445
1688657931269 0.2500000298023224 446
1688657931288 0.24999994039535522 447
1688657931306 0.2500000596046448 448
1688657931639 0.2499999701976776 449
1688657931660 0.24999994039535522 450
1688657931686 0.25 451
1688657931712 0.24999994039535522 452
1688657931732 0.2500000298023224 453
1688657931754 0.2499999850988388 454
1688657931782 0.24999994039535522 455
1688657931807 0.2500000298023224 456
1688657931833 0.2499999701976776 457
1688657931855 0.2499999850988388 458
1688657931875 0.25 459
1688657931905 0.2500000596046448 460
1688657931931 0.25 461
1688657931954 0.25 462
1688657931982 0.2500000596046448 463
1688657932009 0.24999995529651642 464
1688657932035 0.2500000298023224 465
1688657932056 0.2500000596046448 466
1688657932075 0.2499999701976776 467
1688657932100 0.2500000298023224 468
1688657932121 0.2499999701976776 469
1688657932145 0.2499999850988388 470
1688657932169 0.25 471
1688657932191 0.25 472
1688657932212 0.2499999701976776 473
1688657932235 0.2499999701976776 474
1688657932254 0.25 475
1688657932276 0.2499999850988388 476
1688657932294 0.25 477
1688657932312 0.25 478
1688657932339 0.25 479
1688657932367 0.2500000298023224 480
1688657932391 0.2500000596046448 481
1688657932415 0.2500000596046448 482
1688657932438 0.2499999701976776 483
1688657932459 0.25 484
1688657932481 0.2499999701976776 485
1688657932502 0.2499999850988388 486
1688657932522 0.25 487
1688657932546 0.25 488
1688657932567 0.2499999701976776 489
1688657932586 0.25 490
1688657932605 0.2500000596046448 491
1688657932623 0.2499999701976776 492
1688657932641 0.25 493
1688657932665 0.25 494
1688657932684 0.2500000298023224 495
1688657932703 0.2499999701976776 496
1688657932722 0.2500000596046448 497
1688657932741 0.2500000298023224 498
1688657932759 0.2500000596046448 499
