1690138040557 0.3164316415786743 0
1690138040613 0.25848686695098877 1
1690138040637 0.22152763605117798 2
1690138040661 0.2001998871564865 3
1690138040686 0.18966740369796753 4
1690138040702 0.18601571023464203 5
1690138040726 0.1863166093826294 6
1690138040750 0.18850599229335785 7
1690138040766 0.19123196601867676 8
1690138040790 0.19370786845684052 9
1690138040798 0.19555562734603882 10
1690138040822 0.19664621353149414 11
1690138040838 0.19696810841560364 12
1690138040854 0.1965482234954834 13
1690138040870 0.19542719423770905 14
1690138040894 0.19366717338562012 15
1690138040966 0.1913631111383438 16
1690138040985 0.18863961100578308 17
1690138040998 0.18563206493854523 18
1690138041014 0.18246126174926758 19
1690138041030 0.1792115718126297 20
1690138041054 0.1759204864501953 21
1690138041070 0.1725820153951645 22
1690138041086 0.1691626012325287 23
1690138041102 0.1656230390071869 24
1690138041118 0.16193602979183197 25
1690138041134 0.15809157490730286 26
1690138041150 0.15408942103385925 27
1690138041166 0.14992615580558777 28
1690138041182 0.14559032022953033 29
1690138041198 0.1410706639289856 30
1690138041214 0.13637323677539825 31
1690138041230 0.13153287768363953 32
1690138041246 0.126606747508049 33
1690138041270 0.12165257334709167 34
1690138041286 0.11670950055122375 35
1690138041310 0.11180093884468079 36
1690138041326 0.10695812106132507 37
1690138041342 0.10223620384931564 38
1690138041358 0.09770017862319946 39
1690138041374 0.09339465200901031 40
1690138041391 0.08933310210704803 41
1690138041407 0.08551937341690063 42
1690138041423 0.08197201788425446 43
1690138041431 0.0787200778722763 44
1690138041447 0.07577911019325256 45
1690138041567 0.07314515113830566 46
1690138041583 0.0708158016204834 47
1690138041599 0.06880542635917664 48
1690138041615 0.06712938845157623 49
1690138041631 0.06578192114830017 50
1690138041647 0.064738929271698 51
1690138041663 0.06397627294063568 52
1690138041671 0.06347145140171051 53
1690138041687 0.06318982690572739 54
1690138041703 0.0630825012922287 55
1690138041719 0.0631023421883583 56
1690138041735 0.06321340799331665 57
1690138041751 0.06338229775428772 58
1690138041767 0.06357228755950928 59
1690138041783 0.06375239789485931 60
1690138041791 0.06390628218650818 61
1690138041807 0.0640263557434082 62
1690138041823 0.06410552561283112 63
1690138041839 0.06413953751325607 64
1690138041855 0.06413190066814423 65
1690138041871 0.06408930569887161 66
1690138041886 0.06401509046554565 67
1690138041903 0.06391216069459915 68
1690138041919 0.0637875348329544 69
1690138041935 0.06364908814430237 70
1690138041951 0.06350117176771164 71
1690138041967 0.06334768980741501 72
1690138041983 0.06319525837898254 73
1690138041999 0.0630502998828888 74
1690138042015 0.06291649490594864 75
1690138042031 0.06279723346233368 76
1690138042047 0.06269706785678864 77
1690138042063 0.0626182109117508 78
1690138042079 0.06256019324064255 79
1690138042095 0.06252235919237137 80
1690138042111 0.06250372529029846 81
1690138042127 0.06250090897083282 82
1690138042143 0.06250958144664764 83
1690138042159 0.06252611428499222 84
1690138042175 0.06254695355892181 85
1690138042191 0.06256807595491409 86
1690138042207 0.06258653104305267 87
1690138042223 0.0626010000705719 88
1690138042239 0.06261032819747925 89
1690138042255 0.06261396408081055 90
1690138042271 0.06261269748210907 91
1690138042287 0.06260766088962555 92
1690138042303 0.06259967386722565 93
1690138042319 0.0625898689031601 94
1690138042343 0.06257954239845276 95
1690138042359 0.06256935000419617 96
1690138042367 0.06255966424942017 97
1690138042386 0.0625508576631546 98
1690138042399 0.06254308670759201 99
1690138042415 0.06253615021705627 100
1690138042439 0.06252990663051605 101
1690138042447 0.06252434849739075 102
1690138042463 0.06251934170722961 103
1690138042486 0.06251479685306549 104
1690138042736 0.06251080334186554 105
1690138042760 0.06250748783349991 106
1690138042768 0.06250476837158203 107
1690138042787 0.06250287592411041 108
1690138042800 0.06250182539224625 109
1690138042816 0.0625014454126358 110
1690138042832 0.06250171363353729 111
1690138042848 0.06250254064798355 112
1690138042864 0.0625036209821701 113
1690138042880 0.062504842877388 114
1690138042896 0.06250599771738052 115
1690138042912 0.06250691413879395 116
1690138042928 0.06250748783349991 117
1690138042944 0.06250771880149841 118
1690138042960 0.06250753998756409 119
1690138042976 0.06250699609518051 120
1690138042992 0.06250624358654022 121
1690138043008 0.062505342066288 122
1690138043024 0.06250438094139099 123
1690138043048 0.06250342726707458 124
1690138043072 0.06250260025262833 125
1690138043088 0.06250187754631042 126
1690138043104 0.06250134110450745 127
1690138043120 0.06250093877315521 128
1690138043136 0.06250067055225372 129
1690138043152 0.06250050663948059 130
1690138043168 0.06250043213367462 131
1690138043187 0.06250037997961044 132
1690138043200 0.06250035762786865 133
1690138043216 0.06250036507844925 134
1690138043232 0.06250037252902985 135
1690138043248 0.06250036507844925 136
1690138043264 0.06250037252902985 137
1690138043280 0.06250042468309402 138
1690138043296 0.06250041723251343 139
1690138043312 0.0625004842877388 140
1690138043328 0.06250052154064178 141
1690138043344 0.06250053644180298 142
1690138043360 0.06250052154064178 143
1690138043376 0.06250050663948059 144
1690138043392 0.06250050663948059 145
1690138043409 0.0625004768371582 146
1690138043424 0.06250038743019104 147
1690138043441 0.06250034272670746 148
1690138043457 0.0625002458691597 149
1690138043473 0.06250019371509552 150
1690138043489 0.06250013411045074 151
1690138043505 0.06250007450580597 152
1690138043529 0.06250003725290298 153
1690138043545 0.0625 154
1690138043561 0.0625000074505806 155
1690138043585 0.062499985098838806 156
1690138043593 0.0625000149011612 157
1690138043609 0.06250002235174179 158
1690138043625 0.06250004470348358 159
1690138043641 0.06250005215406418 160
1690138043657 0.06250005960464478 161
1690138043665 0.06250005960464478 162
1690138043688 0.06250005215406418 163
1690138043697 0.06250005960464478 164
1690138043713 0.06250003725290298 165
1690138043729 0.06250005215406418 166
1690138043745 0.06250003725290298 167
1690138043761 0.06250003725290298 168
1690138043777 0.06250002980232239 169
1690138043793 0.06250004470348358 170
1690138043809 0.06250002980232239 171
1690138043825 0.0625000074505806 172
1690138043841 0.0625000149011612 173
1690138043849 0.06250002980232239 174
1690138043865 0.0624999962747097 175
1690138043921 0.0625 176
1690138043945 0.0625 177
1690138043969 0.06249998137354851 178
1690138043977 0.0624999962747097 179
1690138043993 0.062499985098838806 180
1690138044009 0.0625000149011612 181
1690138044025 0.0625000074505806 182
1690138044041 0.0625000074505806 183
1690138044057 0.06250002235174179 184
1690138044065 0.0625000149011612 185
1690138044088 0.0625000149011612 186
1690138044097 0.0625 187
1690138044113 0.0625000074505806 188
1690138044129 0.06250002980232239 189
1690138044145 0.0625 190
1690138044161 0.0625000149011612 191
1690138044177 0.0625000149011612 192
1690138044193 0.0625000149011612 193
1690138044209 0.06249998137354851 194
1690138044225 0.0624999962747097 195
1690138044241 0.0625000149011612 196
1690138044257 0.0625000149011612 197
1690138044273 0.0625 198
1690138044289 0.0625000074505806 199
1690138044297 0.0624999962747097 200
1690138044313 0.062499985098838806 201
1690138044329 0.0625 202
1690138044345 0.0625000149011612 203
1690138044369 0.0624999925494194 204
1690138044385 0.0624999925494194 205
1690138044393 0.0625000149011612 206
1690138044409 0.0625 207
1690138044425 0.0625000074505806 208
1690138044441 0.062499985098838806 209
1690138044457 0.0625 210
1690138044473 0.0625000149011612 211
1690138044488 0.0625000074505806 212
1690138044506 0.0624999925494194 213
1690138044522 0.0625000149011612 214
1690138044538 0.0625 215
1690138044554 0.0624999962747097 216
1690138044570 0.0625 217
1690138044586 0.0625000074505806 218
1690138044602 0.062499988824129105 219
1690138044610 0.0625 220
1690138044634 0.0625 221
1690138044650 0.0625 222
1690138044666 0.0625 223
1690138044682 0.0624999962747097 224
1690138044698 0.062499988824129105 225
1690138044714 0.062499985098838806 226
1690138044730 0.0625000074505806 227
1690138044746 0.0625000149011612 228
1690138044762 0.06249998137354851 229
1690138044778 0.062499988824129105 230
1690138044802 0.0625 231
1690138044818 0.0625000149011612 232
1690138045234 0.06249998137354851 233
1690138045252 0.0625 234
1690138045260 0.0625 235
1690138045284 0.062499988824129105 236
1690138045292 0.0625 237
1690138045316 0.0625 238
1690138045332 0.0624999962747097 239
1690138045348 0.0625000149011612 240
1690138045364 0.0625 241
1690138045380 0.0625000074505806 242
1690138045404 0.0625 243
1690138045436 0.0625 244
1690138045452 0.0624999925494194 245
1690138045468 0.0624999925494194 246
1690138045484 0.0625000149011612 247
1690138045500 0.0625000074505806 248
1690138045516 0.062499985098838806 249
1690138045532 0.06249998137354851 250
1690138045540 0.0625 251
1690138045556 0.062499988824129105 252
1690138045572 0.0625 253
1690138045590 0.0625 254
1690138045604 0.0625000074505806 255
1690138045620 0.062499985098838806 256
1690138045636 0.0625 257
1690138045652 0.0624999925494194 258
1690138045668 0.0625000074505806 259
1690138045676 0.0624999962747097 260
1690138045692 0.0625000074505806 261
1690138045708 0.0624999925494194 262
1690138045732 0.0625000149011612 263
1690138045748 0.062499988824129105 264
1690138045756 0.0625000074505806 265
1690138045772 0.0624999962747097 266
1690138045790 0.062499988824129105 267
1690138045805 0.0624999925494194 268
1690138045821 0.0624999925494194 269
1690138045828 0.062499988824129105 270
1690138045845 0.0625000149011612 271
1690138045869 0.0625 272
1690138045893 0.0625000149011612 273
1690138045917 0.0625 274
1690138045933 0.0625 275
1690138045957 0.0624999925494194 276
1690138045973 0.0625000074505806 277
1690138045997 0.062499988824129105 278
1690138046013 0.0625 279
1690138046029 0.0624999925494194 280
1690138046045 0.0624999925494194 281
1690138046053 0.06250002980232239 282
1690138046069 0.0625000074505806 283
1690138046085 0.0625 284
1690138046101 0.0624999925494194 285
1690138046117 0.0625000149011612 286
1690138046133 0.0624999925494194 287
1690138046149 0.0624999925494194 288
1690138046157 0.0624999962747097 289
1690138046173 0.0624999925494194 290
1690138046190 0.0624999925494194 291
1690138046205 0.06250002235174179 292
1690138046213 0.0625000149011612 293
1690138046229 0.06249997764825821 294
1690138046245 0.06249998137354851 295
1690138046261 0.0624999925494194 296
1690138046277 0.062499988824129105 297
1690138046293 0.06249997764825821 298
1690138046309 0.0624999962747097 299
