1690135984858 0.7063199281692505 0
1690135984914 0.6684095859527588 1
1690135984938 0.6286952495574951 2
1690135984954 0.5871171355247498 3
1690135984970 0.5436345934867859 4
1690135984986 0.4982283115386963 5
1690135985010 0.4509049355983734 6
1690135985026 0.4016997218132019 7
1690135985042 0.3506773114204407 8
1690135985058 0.3069804310798645 9
1690135985074 0.3099862337112427 10
1690135985090 0.3376391530036926 11
1690135985106 0.3512105345726013 12
1690135985178 0.35387712717056274 13
1690135985194 0.34793588519096375 14
1690135985210 0.33510562777519226 15
1690135985227 0.3167109191417694 16
1690135985242 0.29379838705062866 17
1690135985258 0.27429068088531494 18
1690135985275 0.28024113178253174 19
1690135985290 0.2915593981742859 20
1690135985306 0.29521042108535767 21
1690135985314 0.29220840334892273 22
1690135985331 0.2833508849143982 23
1690135985347 0.2692779004573822 24
1690135985363 0.25255221128463745 25
1690135985379 0.266230046749115 26
1690135985395 0.2725887894630432 27
1690135985403 0.2723715901374817 28
1690135985419 0.266398549079895 29
1690135985435 0.2554040551185608 30
1690135985451 0.24808208644390106 31
1690135985467 0.25745153427124023 32
1690135985483 0.26213014125823975 33
1690135985499 0.2602505385875702 34
1690135985515 0.25251322984695435 35
1690135985531 0.2463536411523819 36
1690135985547 0.24585284292697906 37
1690135985563 0.251772403717041 38
1690135985579 0.25382593274116516 39
1690135985595 0.25019359588623047 40
1690135985611 0.2445245087146759 41
1690135985619 0.2443656623363495 42
1690135985635 0.2442110776901245 43
1690135985651 0.2440582811832428 44
1690135985667 0.24390529096126556 45
1690135985787 0.24718241393566132 46
1690135985803 0.24415424466133118 47
1690135985819 0.2429760843515396 48
1690135985835 0.24251723289489746 49
1690135985851 0.24206221103668213 50
1690135985867 0.24160969257354736 51
1690135985883 0.2473076432943344 52
1690135985907 0.2410425990819931 53
1690135985923 0.24090884625911713 54
1690135985939 0.24075761437416077 55
1690135985955 0.2405894547700882 56
1690135985971 0.24040471017360687 57
1690135985987 0.24020366370677948 58
1690135986003 0.2399866282939911 59
1690135986019 0.2397538721561432 60
1690135986028 0.23950551450252533 61
1690135986043 0.23924171924591064 62
1690135986059 0.2389625608921051 63
1690135986075 0.23866808414459229 64
1690135986091 0.23835831880569458 65
1690135986107 0.2380332052707672 66
1690135986128 0.2376926988363266 67
1690135986139 0.23733669519424438 68
1690135986163 0.23696501553058624 69
1690135986179 0.2365775853395462 70
1690135986195 0.23617416620254517 71
1690135986211 0.2357545644044876 72
1690135986228 0.23531851172447205 73
1690135986243 0.2348656952381134 74
1690135986259 0.23439589142799377 75
1690135986267 0.23390869796276093 76
1690135986283 0.2334037572145462 77
1690135986299 0.23288068175315857 78
1690135986323 0.2323390543460846 79
1690135986339 0.23177842795848846 80
1690135986347 0.2311982959508896 81
1690135986363 0.23059813678264618 82
1690135986379 0.22997742891311646 83
1690135986395 0.22933551669120789 84
1690135986411 0.22867180407047272 85
1690135986428 0.22938388586044312 86
1690135986451 0.22763414680957794 87
1690135986475 0.2272372990846634 88
1690135986491 0.22679680585861206 89
1690135986523 0.22631405293941498 90
1690135986539 0.2257901132106781 91
1690135986564 0.22522589564323425 92
1690135986587 0.22462204098701477 93
1690135986603 0.2239789068698883 94
1690135986619 0.22329683601856232 95
1690135986635 0.2225758284330368 96
1690135986660 0.22181585431098938 97
1690135986676 0.22101664543151855 98
1690135986692 0.22017785906791687 99
1690135986708 0.21929897367954254 100
1690135986931 0.21837931871414185 101
1690135986941 0.2174181342124939 102
1690135986965 0.2164144515991211 103
1690135986989 0.21536725759506226 104
1690135987005 0.21468326449394226 105
1690135987021 0.2136790156364441 106
1690135987037 0.21300236880779266 107
1690135987053 0.21224786341190338 108
1690135987069 0.21141725778579712 109
1690135987085 0.2105119526386261 110
1690135987101 0.20953291654586792 111
1690135987117 0.20848074555397034 112
1690135987133 0.207355797290802 113
1690135987149 0.2061581164598465 114
1690135987157 0.20488744974136353 115
1690135987173 0.20354312658309937 116
1690135987189 0.2021244317293167 117
1690135987205 0.2006303369998932 118
1690135987221 0.19905948638916016 119
1690135987237 0.19828476011753082 120
1690135987253 0.19642573595046997 121
1690135987269 0.19531495869159698 122
1690135987285 0.19408118724822998 123
1690135987301 0.19272667169570923 124
1690135987317 0.19125330448150635 125
1690135987333 0.18966229259967804 126
1690135987357 0.18795453011989594 127
1690135987381 0.18613028526306152 128
1690135987389 0.1841895580291748 129
1690135987405 0.1821320503950119 130
1690135987421 0.17995698750019073 131
1690135987437 0.18121860921382904 132
1690135987453 0.1771160364151001 133
1690135987469 0.17634481191635132 134
1690135987485 0.17535847425460815 135
1690135987501 0.17416499555110931 136
1690135987517 0.17356175184249878 137
1690135987533 0.17015916109085083 138
1690135987541 0.16742868721485138 139
1690135987557 0.16457703709602356 140
1690135987581 0.16160166263580322 141
1690135987597 0.15850003063678741 142
1690135987613 0.15526962280273438 143
1690135987661 0.15190784633159637 144
1690135987685 0.15920662879943848 145
1690135987709 0.14711561799049377 146
1690135987725 0.14554335176944733 147
1690135987742 0.1437046229839325 148
1690135987758 0.14160756766796112 149
1690135987774 0.13925999402999878 150
1690135987790 0.13666899502277374 151
1690135987806 0.13384132087230682 152
1690135987822 0.13078327476978302 153
1690135987838 0.12750092148780823 154
1690135987854 0.12399987876415253 155
1690135987870 0.1202855110168457 156
1690135987878 0.11636275798082352 157
1690135987894 0.11223629862070084 158
1690135987910 0.11523519456386566 159
1690135987926 0.10629265755414963 160
1690135987934 0.10428576171398163 161
1690135987950 0.10190771520137787 162
1690135987966 0.09917512536048889 163
1690135987982 0.09610431641340256 164
1690135987998 0.09271040558815002 165
1690135988006 0.08900792896747589 166
1690135988022 0.085010826587677 167
1690135988038 0.08073204755783081 168
1690135988054 0.07618411630392075 169
1690135988078 0.07137850672006607 170
1690135988094 0.06632597744464874 171
1690135988110 0.0699789896607399 172
1690135988134 0.05889768525958061 173
1690135988150 0.056285832077264786 174
1690135988166 0.05322732776403427 175
1690135988182 0.04974714666604996 176
1690135988206 0.04586910456418991 177
1690135988214 0.04161572456359863 178
1690135988239 0.03963425010442734 179
1690135988255 0.033465415239334106 180
1690135988271 0.04370970278978348 181
1690135988287 0.03798779845237732 182
1690135988311 0.0396568700671196 183
1690135988327 0.04731649160385132 184
1690135988343 0.047062747180461884 185
1690135988367 0.03980930149555206 186
1690135988391 0.030173495411872864 187
1690135988407 0.04042154550552368 188
1690135988423 0.02868805080652237 189
1690135988447 0.033880725502967834 190
1690135988471 0.041803158819675446 191
1690135988803 0.04242529720067978 192
1690135988832 0.03652828931808472 193
1690135988856 0.02719554305076599 194
1690135988880 0.026865527033805847 195
1690135988896 0.027965739369392395 196
1690135988920 0.032305896282196045 197
1690135988936 0.02781619131565094 198
1690135988952 0.028870470821857452 199
1690136012322 0.029849983751773834 0
