1689866016738 0.8722450733184814 0
1689866017029 0.6759436130523682 1
1689866017298 0.6157557964324951 2
1689866017623 0.6025981307029724 3
1689866017934 0.5856895446777344 4
1689866018216 0.5796841382980347 5
1689866018510 0.5809733867645264 6
1689866018797 0.56917405128479 7
1689866019062 0.5660068392753601 8
1689866019347 0.5634030699729919 9
1689866019631 0.5570833086967468 10
1689866019904 0.5521500110626221 11
1689866020183 0.5399903655052185 12
1689866020482 0.5384476184844971 13
1689866020799 0.532728374004364 14
1689866021096 0.5226796865463257 15
1689866021368 0.5154444575309753 16
1689866021658 0.506999671459198 17
1689866021938 0.49915778636932373 18
1689866022219 0.4892616868019104 19
1689866022501 0.48246338963508606 20
1689866022773 0.477764368057251 21
1689866023051 0.46625378727912903 22
1689866023339 0.4615803360939026 23
1689866023616 0.4558093547821045 24
1689866023895 0.4563807249069214 25
1689866024238 0.4436861276626587 26
1689866024536 0.44663703441619873 27
1689866024833 0.4377279281616211 28
1689866025099 0.4379540979862213 29
1689866025375 0.4291386306285858 30
1689866025658 0.4274097681045532 31
1689866025934 0.4206102788448334 32
1689866026220 0.42148542404174805 33
1689866026499 0.41470083594322205 34
1689866026771 0.4109131097793579 35
1689866027048 0.40371981263160706 36
1689866027332 0.4035070836544037 37
1689866027653 0.4032437801361084 38
1689866027954 0.39518067240715027 39
1689866028238 0.3892955482006073 40
1689866028515 0.38741618394851685 41
1689866028770 0.38048097491264343 42
1689866029058 0.37673142552375793 43
1689866029371 0.3706190884113312 44
1689866029659 0.36536240577697754 45
1689866029969 0.3646525740623474 46
1689866030247 0.35805413126945496 47
1689866030530 0.3567507266998291 48
1689866030797 0.3533184826374054 49
1689866031103 0.34629103541374207 50
1689866031460 0.3404232859611511 51
1689866031736 0.33372366428375244 52
1689866031984 0.33173510432243347 53
1689866032283 0.3261365592479706 54
1689866032571 0.3261994421482086 55
1689866032863 0.3213465213775635 56
1689866033135 0.3143618702888489 57
1689866033387 0.31112998723983765 58
1689866033622 0.3068206012248993 59
1689866033882 0.30388686060905457 60
1689866034145 0.2975602149963379 61
1689866034402 0.29265835881233215 62
1689866034651 0.2904576063156128 63
1689866034946 0.2848372459411621 64
1689866035213 0.2819584310054779 65
1689866035478 0.2781751751899719 66
1689866035735 0.27596020698547363 67
1689866035977 0.2726508378982544 68
1689866036235 0.26725879311561584 69
1689866036514 0.26325157284736633 70
1689866036768 0.26438993215560913 71
1689866037027 0.2641085088253021 72
1689866037313 0.26341429352760315 73
1689866037639 0.2565581500530243 74
1689866037894 0.25620970129966736 75
1689866038150 0.2534518837928772 76
1689866038462 0.24545170366764069 77
1689866038744 0.2507491409778595 78
1689866039010 0.24626509845256805 79
