1690192520061 0.5350892543792725 0
1690192520236 0.11052494496107101 1
1690192520370 0.1097441092133522 2
1690192520540 0.1043592244386673 3
1690192520702 0.11548035591840744 4
1690192520867 0.10613211989402771 5
1690192521031 0.10514543950557709 6
1690192521196 0.10697522759437561 7
1690192521362 0.10414367914199829 8
1690192521522 0.09915070235729218 9
1690192521703 0.11247587203979492 10
1690192521878 0.11541664600372314 11
1690192522042 0.11580473929643631 12
1690192522204 0.10540855675935745 13
1690192522365 0.10137204080820084 14
1690192522529 0.1000627651810646 15
1690192522691 0.12462159246206284 16
1690192522876 0.09798990935087204 17
1690192523048 0.11517423391342163 18
1690192523197 0.11237435042858124 19
1690192523360 0.10245004296302795 20
1690192523505 0.10031606256961823 21
1690192523679 0.10191557556390762 22
1690192523841 0.10479165613651276 23
1690192524005 0.09878536313772202 24
1690192524171 0.10048971325159073 25
1690192524332 0.10341104865074158 26
1690192524495 0.10239822417497635 27
1690192524661 0.10214900970458984 28
1690192524829 0.10782545804977417 29
1690192524990 0.09724599868059158 30
1690192525151 0.09356217086315155 31
1690192525345 0.11218540370464325 32
1690192525512 0.09456074237823486 33
1690192525687 0.09662394225597382 34
1690192525860 0.09785876423120499 35
1690192526021 0.09742379933595657 36
1690192526184 0.10059847682714462 37
1690192526343 0.10037407279014587 38
1690192526511 0.09578511863946915 39
1690192526672 0.09848003834486008 40
1690192526828 0.09495062381029129 41
1690192526989 0.09632361680269241 42
1690192527148 0.09374894946813583 43
1690192527323 0.09992986917495728 44
1690192527485 0.09605161845684052 45
1690192527651 0.09868588298559189 46
1690192527814 0.09335285425186157 47
1690192527974 0.09352613240480423 48
1690192528139 0.100642628967762 49
1690192528295 0.09380975365638733 50
1690192528466 0.10116399824619293 51
1690192528630 0.09492681920528412 52
1690192528809 0.09770442545413971 53
1690192528988 0.0951724648475647 54
1690192529156 0.09613276273012161 55
1690192529319 0.09739084541797638 56
1690192529479 0.09716370701789856 57
1690192529650 0.09537925571203232 58
1690192529799 0.09299543499946594 59
1690192529975 0.09450911730527878 60
1690192530139 0.10320184379816055 61
1690192530301 0.1022590771317482 62
1690192530468 0.09160533547401428 63
1690192530627 0.09455801546573639 64
1690192530794 0.09686295688152313 65
1690192530962 0.09731553494930267 66
1690192531111 0.09714175760746002 67
1690192531281 0.09765944629907608 68
1690192531441 0.09440927952528 69
1690192531605 0.09362608939409256 70
1690192531773 0.09849445521831512 71
1690192531927 0.09308691322803497 72
1690192532092 0.09338712692260742 73
1690192532254 0.09767834842205048 74
1690192532455 0.09128512442111969 75
1690192532620 0.09523148834705353 76
1690192532782 0.10196753591299057 77
1690192532946 0.10209745168685913 78
1690192533113 0.09528384357690811 79
1690192533273 0.09578724205493927 80
1690192533435 0.09621869027614594 81
1690192533607 0.0970660075545311 82
1690192533770 0.09569651633501053 83
1690192533927 0.10122084617614746 84
1690192534096 0.09549682587385178 85
1690192534258 0.09484896063804626 86
1690192534418 0.09367657452821732 87
1690192534609 0.10718566924333572 88
1690192534770 0.09612006694078445 89
1690192534930 0.0929996445775032 90
1690192535094 0.09391474723815918 91
1690192535262 0.09454122930765152 92
1690192535421 0.09380044788122177 93
1690192535580 0.0927877202630043 94
1690192535750 0.09332785755395889 95
1690192535933 0.10062825679779053 96
1690192536106 0.09607768058776855 97
1690192536263 0.09703316539525986 98
1690192536436 0.09276196360588074 99
