1690193211609 1.0607126951217651 0
1690193212080 0.7257892489433289 1
1690193212551 0.4551571309566498 2
1690193213041 0.30647093057632446 3
1690193213509 0.21574369072914124 4
1690193213981 0.1812913566827774 5
1690193214445 0.13174927234649658 6
1690193214917 0.12319497019052505 7
1690193215372 0.09328939020633698 8
1690193215878 0.10506092011928558 9
1690193216415 0.08952431380748749 10
1690193216933 0.07296624034643173 11
1690193217427 0.07817072421312332 12
1690193217933 0.06028691306710243 13
1690193218391 0.0641227513551712 14
1690193218859 0.05341198295354843 15
1690193219328 0.05373360216617584 16
1690193219854 0.05057097598910332 17
1690193220325 0.054020196199417114 18
1690193220810 0.038643427193164825 19
1690193221274 0.04989287257194519 20
1690193221743 0.027037933468818665 21
1690193222207 0.052016157656908035 22
1690193222664 0.024550924077630043 23
1690193223116 0.03179651498794556 24
1690193223642 0.03830960765480995 25
1690193224105 0.01932116411626339 26
1690193224577 0.036571159958839417 27
1690193225037 0.02518170326948166 28
1690193225496 0.019345998764038086 29
1690193225957 0.024080440402030945 30
1690193226416 0.024341044947504997 31
1690193226868 0.022386524826288223 32
1690193227396 0.0214226134121418 33
1690193227867 0.01437730249017477 34
1690193228353 0.018325503915548325 35
1690193228818 0.022855522111058235 36
1690193229285 0.022402366623282433 37
1690193229752 0.015965785831212997 38
1690193230228 0.017798950895667076 39
1690193230748 0.011914505623281002 40
1690193231241 0.017410054802894592 41
1690193231710 0.019588489085435867 42
1690193232164 0.011074548587203026 43
1690193232617 0.011594054289162159 44
1690193233083 0.01247604563832283 45
1690193233551 0.0195927731692791 46
1690193234020 0.011611143127083778 47
1690193234546 0.009710237383842468 48
1690193235008 0.009342072531580925 49
1690193235480 0.010781430639326572 50
1690193235962 0.007751978933811188 51
1690193236414 0.01416219212114811 52
1690193236873 0.009348051622509956 53
1690193237338 0.009369220584630966 54
1690193237861 0.007493593730032444 55
1690193238359 0.011525730602443218 56
1690193238825 0.017364386469125748 57
1690193239293 0.00385975930839777 58
1690193239766 0.008001412265002728 59
1690193240225 0.010642516426742077 60
1690193240699 0.007855466566979885 61
1690193241168 0.009441211819648743 62
1690193241699 0.010771521367132664 63
1690193242169 0.0034036661963909864 64
1690193242645 0.009333867579698563 65
1690193243107 0.003152595367282629 66
1690193243579 0.00934105645865202 67
1690193244041 0.00966163445264101 68
1690193244497 0.00317300739698112 69
1690193245025 0.011486707255244255 70
1690193245510 0.00814155861735344 71
1690193245958 0.00648484006524086 72
1690193246425 0.006333328317850828 73
1690193246886 0.007967478595674038 74
1690193247344 0.009250286966562271 75
1690193247812 0.004327232018113136 76
1690193248283 0.0064370702020823956 77
1690193248805 0.0019320319406688213 78
1690193249284 0.008070635609328747 79
1690193249733 0.008590830489993095 80
1690193250207 0.005227054934948683 81
1690193250678 0.0067421672865748405 82
1690193251140 0.004881235770881176 83
1690193251602 0.003365070093423128 84
1690193252142 0.011548992246389389 85
1690193252611 0.004422259982675314 86
1690193253086 0.004426856525242329 87
1690193253551 0.007201861590147018 88
1690193254012 0.003454851685091853 89
1690193254498 0.001765227410942316 90
1690193254994 0.009831107221543789 91
1690193255451 0.004221491515636444 92
1690193255975 0.002678024349734187 93
1690193256449 0.007445076946169138 94
1690193256902 0.008318159729242325 95
1690193257363 0.0026828418485820293 96
1690193257821 0.004181551281362772 97
1690193258272 0.005784697365015745 98
1690193258737 0.0030184262432157993 99
