1690134593917 0.49996644258499146 0
1690134593964 0.49922284483909607 1
1690134593995 0.4986813962459564 2
1690134594027 0.4982260465621948 3
1690134594043 0.49782007932662964 4
1690134594058 0.49744662642478943 5
1690134594089 0.49709632992744446 6
1690134594110 0.4967632293701172 7
1690134594121 0.4964434504508972 8
1690134594152 0.49613428115844727 9
1690134594184 0.4958336651325226 10
1690134594215 0.49553999304771423 11
1690134594255 0.49525216221809387 12
1690134594417 0.4949691593647003 13
1690134594429 0.4946902394294739 14
1690134594444 0.4944147765636444 15
1690134594460 0.49414220452308655 16
1690134594491 0.49387216567993164 17
1690134594510 0.4936041831970215 18
1690134594538 0.49333804845809937 19
1690134594554 0.4930734634399414 20
1690134594570 0.4928101599216461 21
1690134594585 0.4925479590892792 22
1690134594617 0.492286741733551 23
1690134594633 0.49202626943588257 24
1690134594648 0.49176648259162903 25
1690134594679 0.4915072023868561 26
1690134594695 0.49124836921691895 27
1690134594711 0.49098989367485046 28
1690134594726 0.49073168635368347 29
1690134594758 0.4904736280441284 30
1690134594775 0.4902157783508301 31
1690134594801 0.4899579584598541 32
1690134594826 0.48970019817352295 33
1690134594841 0.4894423484802246 34
1690134594857 0.48918449878692627 35
1690134594872 0.48892658948898315 36
1690134594888 0.4886684715747833 37
1690134594920 0.48841026425361633 38
1690134594935 0.4881518483161926 39
1690134594951 0.487893283367157 40
1690134594982 0.48763447999954224 41
1690134594998 0.4873754382133484 42
1690134595030 0.48711615800857544 43
1690134595045 0.4868565499782562 44
1690134595061 0.4865967333316803 45
1690134595076 0.4863366186618805 46
1690134595108 0.4860761761665344 47
1690134595124 0.4858154058456421 48
1690134595139 0.4855543375015259 49
1690134595171 0.4852929413318634 50
1690134595202 0.48503124713897705 51
1690134595466 0.48476916551589966 52
1690134595493 0.4845067262649536 53
1690134595525 0.4842439889907837 54
1690134595556 0.48398083448410034 55
1690134595572 0.4837173521518707 56
1690134595619 0.48345351219177246 57
1690134595635 0.48318931460380554 58
1690134595666 0.48292475938796997 59
1690134595697 0.48265978693962097 60
1690134595713 0.4823944568634033 61
1690134595744 0.48212873935699463 62
1690134595759 0.4818626642227173 63
1690134595775 0.4815962016582489 64
1690134595791 0.48132938146591187 65
1690134595813 0.481062114238739 66
1690134595843 0.4807945191860199 67
1690134595868 0.48052650690078735 68
1690134595892 0.48025813698768616 69
1690134595907 0.4799894094467163 70
1690134595924 0.47972020506858826 71
1690134595939 0.47945064306259155 72
1690134595955 0.4791806936264038 73
1690134595986 0.4789103865623474 74
1690134596002 0.4786396622657776 75
1690134596018 0.4783685803413391 76
1690134596034 0.4780970811843872 77
1690134596049 0.4778251647949219 78
1690134596081 0.4775528907775879 79
1690134596096 0.47728022933006287 80
1690134596113 0.4770071506500244 81
1690134596128 0.4767336845397949 82
1690134596159 0.4764598608016968 83
1690134596175 0.4761855900287628 84
1690134596190 0.4759109914302826 85
1690134596214 0.47563594579696655 86
1690134596237 0.47536054253578186 87
1690134596253 0.47508472204208374 88
1690134596269 0.4748085141181946 89
1690134596284 0.4745319187641144 90
1690134596300 0.4742549657821655 91
1690134596332 0.47397756576538086 92
1690134596347 0.47369977831840515 93
1690134596371 0.4734216332435608 94
1690134596387 0.4731431007385254 95
1690134596403 0.47286415100097656 96
1690134596437 0.4725848138332367 97
1690134596471 0.4723050892353058 98
1690134596501 0.47202497720718384 99
1690134596535 0.47174447774887085 100
1690134596558 0.4714635908603668 101
1690134596591 0.47118228673934937 102
1690134596614 0.47090062499046326 103
1690134596637 0.4706185460090637 104
1690134596654 0.4703361392021179 105
1690134596674 0.4700533151626587 106
1690134596709 0.46977007389068604 107
1690134596725 0.4694865047931671 108
1690134596749 0.4692024886608124 109
1690134596781 0.468918114900589 110
1690134596805 0.46863335371017456 111
1690134596829 0.4683482348918915 112
1690134596861 0.46806272864341736 113
1690134596885 0.4677767753601074 114
1690134596915 0.46749046444892883 115
1690134596943 0.467203825712204 116
1690134596959 0.4669167399406433 117
1690134596991 0.466629296541214 118
1690134597015 0.466341495513916 119
1690134597039 0.466053307056427 120
1690134597078 0.46576470136642456 121
1690134597115 0.46547573804855347 122
1690134597142 0.46518638730049133 123
1690134597173 0.46489670872688293 124
1690134597646 0.4646066129207611 125
1690134597662 0.46431612968444824 126
1690134597677 0.4640253186225891 127
1690134597709 0.46373409032821655 128
1690134597725 0.46344250440597534 129
1690134597740 0.4631505310535431 130
1690134597772 0.4628582298755646 131
1690134597803 0.46256551146507263 132
1690134597819 0.46227243542671204 133
1690134597850 0.4619790017604828 134
1690134597881 0.4616851806640625 135
1690134597916 0.46139100193977356 136
1690134597944 0.46109646558761597 137
1690134597976 0.46080154180526733 138
1690134598007 0.46050626039505005 139
1690134598039 0.4602106213569641 140
1690134598054 0.45991459488868713 141
1690134598085 0.4596182703971863 142
1690134598117 0.459321528673172 143
1690134598148 0.45902442932128906 144
1690134598164 0.4587269425392151 145
1690134598195 0.45842915773391724 146
1690134598217 0.45813098549842834 147
1690134598242 0.4578324854373932 148
1690134598267 0.4575336277484894 149
1690134598282 0.45723438262939453 150
1690134598317 0.4569348096847534 151
1690134598330 0.45663487911224365 152
1690134598361 0.4563346207141876 153
1690134598377 0.45603400468826294 154
1690134598393 0.45573297142982483 155
1690134598424 0.45543166995048523 156
1690134598440 0.4551299810409546 157
1690134598455 0.4548279643058777 158
1690134598471 0.4545256197452545 159
1690134598502 0.4542229175567627 160
1690134598518 0.4539198875427246 161
1690134598534 0.4536164700984955 162
1690134598550 0.4533127546310425 163
1690134598581 0.4530087113380432 164
1690134598597 0.4527043402194977 165
1690134598618 0.4523996114730835 166
1690134598644 0.45209455490112305 167
1690134598660 0.45178917050361633 168
1690134598675 0.45148345828056335 169
1690134598706 0.4511773884296417 170
1690134598722 0.4508710503578186 171
1690134598738 0.45056429505348206 172
1690134598754 0.4502573013305664 173
1690134598769 0.4499499797821045 174
1690134598801 0.4496423006057739 175
1690134598832 0.4493343234062195 176
1690134598864 0.4490260183811188 177
1690134598895 0.4487174153327942 178
1690134598935 0.44840848445892334 179
1690134598975 0.4480992555618286 180
1690134599002 0.44778966903686523 181
1690134599035 0.447479784488678 182
1690134599054 0.44716963171958923 183
1690134599069 0.4468591809272766 184
1690134599085 0.44654834270477295 185
1690134599115 0.4462372958660126 186
1690134599146 0.44592589139938354 187
1690134599172 0.445614218711853 188
1690134599210 0.44530224800109863 189
1690134599235 0.4449899196624756 190
1690134599266 0.4446774125099182 191
1690134599297 0.4443644881248474 192
1690134599329 0.4440513253211975 193
1690134599360 0.44373786449432373 194
1690134599391 0.44342416524887085 195
1690134599423 0.4431101381778717 196
1690134599454 0.44279584288597107 197
1690134599501 0.44248127937316895 198
1690134599533 0.44216641783714294 199
1690134599564 0.44185128808021545 200
1690134599595 0.4415358901023865 201
1690134599627 0.4412201941013336 202
1690134599658 0.4409042000770569 203
1690134599690 0.44058799743652344 204
1690134599737 0.4402714669704437 205
1690134599768 0.4399547278881073 206
1690134599799 0.4396377205848694 207
1690134599831 0.4393204152584076 208
1690134599862 0.4390028715133667 209
1690134599894 0.4386850595474243 210
1690134599925 0.43836700916290283 211
1690134599957 0.43804872035980225 212
1690134599988 0.4377301335334778 213
1690134600020 0.4374113380908966 214
1690134600067 0.43709227442741394 215
1690134600098 0.4367729425430298 216
1690134600129 0.4364534318447113 217
1690134600161 0.4361336827278137 218
1690134600192 0.43581363558769226 219
1690134600224 0.4354933500289917 220
1690134600255 0.4351729154586792 221
1690134600286 0.4348521828651428 222
1690134600320 0.43453121185302734 223
1690134600349 0.43421006202697754 224
1690134600381 0.43388861417770386 225
1690134600412 0.43356701731681824 226
1690134600444 0.4332451820373535 227
1690134600475 0.4329231083393097 228
1690134600506 0.43260085582733154 229
1690134600538 0.4322783648967743 230
1690134600569 0.43195563554763794 231
1690134600601 0.43163275718688965 232
1690134600632 0.43130961060523987 233
1690134600664 0.43098631501197815 234
1690134600695 0.4306628108024597 235
1690134600727 0.43033909797668457 236
1690134600758 0.4300151765346527 237
1690134600789 0.4296910762786865 238
1690134600805 0.4293667674064636 239
1690134600836 0.4290423095226288 240
1690134600882 0.42871764302253723 241
1690134600925 0.42839276790618896 242
1690134600948 0.42806777358055115 243
1690134600980 0.4277425706386566 244
1690134601011 0.42741715908050537 245
1690134601027 0.4270915985107422 246
1690134601043 0.42676591873168945 247
1690134601074 0.4264400005340576 248
1690134601089 0.42611390352249146 249
1690134601105 0.42578771710395813 250
1690134601121 0.4254613220691681 251
1690134601137 0.4251347780227661 252
1690134601168 0.4248080849647522 253
1690134601184 0.42448121309280396 254
1690134601199 0.42415425181388855 255
1690134601221 0.42382708191871643 256
1690134601231 0.42349982261657715 257
1690134601247 0.4231724143028259 258
1690134601278 0.4228448271751404 259
1690134601293 0.4225171208381653 260
1690134601322 0.42218929529190063 261
1690134601341 0.42186132073402405 262
1690134601979 0.4215331971645355 263
1690134601987 0.42120498418807983 264
1690134602002 0.4208766222000122 265
1690134602034 0.4205481708049774 266
1690134602050 0.4202196002006531 267
1690134602081 0.4198909103870392 268
1690134602096 0.41956207156181335 269
1690134602112 0.41923317313194275 270
1690134602128 0.4189041554927826 271
1690134602159 0.4185750186443329 272
1690134602175 0.4182458221912384 273
1690134602191 0.417916476726532 274
1690134602206 0.4175870716571808 275
1690134602238 0.41725754737854004 276
1690134602254 0.41692793369293213 277
1690134602269 0.41659826040267944 278
1690134602285 0.4162684679031372 279
1690134602300 0.4159386456012726 280
1690134602332 0.4156087338924408 281
1690134602356 0.41527870297431946 282
1690134602372 0.41494864225387573 283
1690134602388 0.4146185517311096 284
1690134602412 0.41428831219673157 285
1690134602437 0.41395801305770874 286
1690134602461 0.4136276841163635 287
1690134602477 0.41329729557037354 288
1690134602501 0.41296687722206116 289
1690134602524 0.41263633966445923 290
1690134602540 0.4123058021068573 291
1690134602564 0.411975234746933 292
1690134602588 0.4116445779800415 293
1690134602612 0.41131389141082764 294
1690134602636 0.41098323464393616 295
1690134602653 0.4106524586677551 296
1690134602669 0.4103217124938965 297
1690134602693 0.40999090671539307 298
1690134602709 0.4096600413322449 299
1690134602724 0.40932920575141907 300
1690134602740 0.4089983105659485 301
1690134602764 0.4086674749851227 302
1690134602780 0.4083365797996521 303
1690134602796 0.40800562500953674 304
1690134602820 0.40767472982406616 305
1690134602836 0.4073437750339508 306
1690134602852 0.4070128798484802 307
1690134602876 0.40668195486068726 308
1690134602892 0.4063510298728943 309
1690134602908 0.4060201346874237 310
1690134602932 0.4056892395019531 311
1690134602948 0.40535834431648254 312
1690134602964 0.40502744913101196 313
1690134602988 0.40469658374786377 314
1690134603004 0.40436577796936035 315
1690134603024 0.40403497219085693 316
1690134603044 0.4037041962146759 317
1690134603060 0.40337347984313965 318
1690134603076 0.403042733669281 319
1690134603100 0.4027121067047119 320
1690134603124 0.40238144993782043 321
1690134603140 0.40205085277557373 322
1690134603156 0.4017203450202942 323
1690134603172 0.40138980746269226 324
1690134603196 0.4010593891143799 325
1690134603212 0.4007290005683899 326
1690134603237 0.4003986418247223 327
1690134603253 0.40006840229034424 328
1690134603277 0.3997381925582886 329
1690134603293 0.3994080424308777 330
1690134603302 0.39907798171043396 331
1690134603333 0.3987480401992798 332
1690134603349 0.3984180688858032 333
1690134603373 0.3980882167816162 334
1690134603389 0.39775851368904114 335
1690134603405 0.39742884039878845 336
1690134603429 0.39709925651550293 337
1690134603445 0.39676979184150696 338
1690134603469 0.39644038677215576 339
1690134603485 0.39611107110977173 340
1690134603501 0.39578187465667725 341
1690134603525 0.39545273780822754 342
1690134603541 0.39512377977371216 343
1690134603557 0.39479488134384155 344
1690134603581 0.3944661021232605 345
1690134603597 0.394137442111969 346
1690134603621 0.39380893111228943 347
1690134603637 0.39348047971725464 348
1690134603661 0.3931522071361542 349
1690134603677 0.3928240239620209 350
1690134603693 0.3924959897994995 351
1690134603717 0.3921680748462677 352
1690134603741 0.3918403089046478 353
1690134603757 0.3915126919746399 354
1690134603773 0.3911851942539215 355
1690134603797 0.39085784554481506 356
1690134603813 0.39053064584732056 357
1690134603837 0.3902035653591156 358
1690134603853 0.38987666368484497 359
1690134603877 0.3895499110221863 360
1690134603893 0.3892233371734619 361
1690134603909 0.3888969123363495 362
1690134603933 0.3885706663131714 363
1690134603949 0.3882445693016052 364
1690134603973 0.3879186511039734 365
1690134603989 0.3875928819179535 366
1690134604013 0.3872673213481903 367
1690134604029 0.38694190979003906 368
1690134604053 0.38661667704582214 369
1690134604069 0.38629165291786194 370
1690134604085 0.38596680760383606 371
1690134604109 0.3856421709060669 372
1690134604125 0.38531768321990967 373
1690134604141 0.38499340415000916 374
1690134604165 0.38466936349868774 375
1690134604189 0.38434547185897827 376
1690134604205 0.3840218186378479 377
1690134604225 0.38369834423065186 378
1690134604245 0.3833750784397125 379
1690134604261 0.3830520510673523 380
1690134604285 0.3827292025089264 381
1690134604301 0.3824065923690796 382
1690134604317 0.3820842206478119 383
1690134604341 0.3817620575428009 384
1690134604357 0.38144010305404663 385
1690134604381 0.38111838698387146 386
1690134604397 0.3807969093322754 387
1690134604421 0.38047564029693604 388
1690134604437 0.38015463948249817 389
1690134604453 0.3798338770866394 390
1690134604477 0.37951332330703735 391
1690134604494 0.3791930079460144 392
1690134604510 0.3788730204105377 393
1690134604534 0.37855321168899536 394
1690134604550 0.3782336711883545 395
1690134604574 0.3779143691062927 396
1690134604590 0.37759533524513245 397
1690134604606 0.37727656960487366 398
1690134604630 0.37695807218551636 399
1690134604646 0.37663981318473816 400
1690134604662 0.3763218820095062 401
1690134604686 0.376004159450531 402
1690134604702 0.37568673491477966 403
1690134604726 0.3753695487976074 404
1690134604774 0.37505269050598145 405
1690134604798 0.37473610043525696 406
1690134604826 0.37441977858543396 407
1690134604850 0.37410375475883484 408
1690134604871 0.3737879991531372 409
1690134604887 0.37347254157066345 410
1690134604903 0.37315741181373596 411
1690134604926 0.37284255027770996 412
1690134604942 0.37252795696258545 413
1690134604958 0.3722136616706848 414
1690134604974 0.37189972400665283 415
1690134604990 0.37158605456352234 416
1690134605014 0.3712727427482605 417
1690134605030 0.37095966935157776 418
1690134605054 0.37064695358276367 419
1690134605070 0.3703345060348511 420
1690134605094 0.37002241611480713 421
1690134605110 0.36971062421798706 422
1690134605126 0.36939918994903564 423
1690134605150 0.3690880537033081 424
1690134605166 0.36877724528312683 425
1690134605190 0.36846673488616943 426
1690134605206 0.3681566119194031 427
1690134605226 0.3678467869758606 428
1690134605247 0.367537260055542 429
1690134605263 0.3672281503677368 430
1690134605287 0.3669193387031555 431
1690134605303 0.36661088466644287 432
1690134605327 0.3663027584552765 433
1690134605343 0.36599498987197876 434
1690134605359 0.3656875491142273 435
1690134605383 0.36538049578666687 436
1690134605407 0.3650737702846527 437
1690134605427 0.3647674024105072 438
1690134605439 0.36446136236190796 439
1690134605463 0.36415570974349976 440
1690134605479 0.3638504147529602 441
1690134605495 0.3635454773902893 442
1690134605519 0.36324092745780945 443
1690134605535 0.36293676495552063 444
1690134605559 0.3626329004764557 445
1690134605575 0.3623294234275818 446
1690134605591 0.3620263338088989 447
1690134605615 0.3617236614227295 448
1690134605631 0.3614213466644287 449
1690134605655 0.3611193597316742 450
1690134605671 0.3608177900314331 451
1690134605695 0.36051660776138306 452
1690134605711 0.36021581292152405 453
1690134605727 0.35991543531417847 454
1690134605751 0.35961538553237915 455
1690134605767 0.35931575298309326 456
1690134605791 0.3590165376663208 457
1690134605807 0.3587176501750946 458
1690134605828 0.3584192395210266 459
1690134605848 0.3581211566925049 460
1690134605864 0.35782352089881897 461
1690134605888 0.3575263023376465 462
1690134605904 0.35722944140434265 463
1690134605928 0.35693302750587463 464
1690134605944 0.35663700103759766 465
1690134605960 0.3563413918018341 466
1690134605984 0.356046199798584 467
1690134606008 0.3557513952255249 468
1690134606028 0.35545700788497925 469
1690134606040 0.3551630973815918 470
1690134606064 0.3548695147037506 471
1690134606088 0.3545764088630676 472
1690134606104 0.35428372025489807 473
1690134606128 0.35399141907691956 474
1690134606152 0.35369962453842163 475
1690134606176 0.35340818762779236 476
1690134606192 0.3531171679496765 477
1690134606216 0.35282665491104126 478
1690134606232 0.35253649950027466 479
1690134606256 0.35224682092666626 480
1690134606288 0.3519575595855713 481
1690134606312 0.35166871547698975 482
1690134606336 0.3513803482055664 483
1690134606352 0.3510923981666565 484
1690134606376 0.3508048951625824 485
1690134606392 0.3505178391933441 486
1690134606408 0.35023123025894165 487
1690134606428 0.3499450385570526 488
1690134606448 0.3496593236923218 489
1690134606472 0.34937402606010437 490
1690134606488 0.34908923506736755 491
1690134606520 0.34880486130714417 492
1690134606544 0.3485209345817566 493
1690134606568 0.34823745489120483 494
1690134606592 0.3479544520378113 495
1690134606608 0.34767189621925354 496
1690134606632 0.347389817237854 497
1690134606648 0.3471081554889679 498
1690134606672 0.3468270003795624 499
1690134606696 0.3465462923049927 500
1690134606712 0.3462660610675812 501
1690134606736 0.3459862470626831 502
1690134606752 0.3457069396972656 503
1690134606776 0.34542810916900635 504
1690134606792 0.3451496958732605 505
1690134606808 0.3448718190193176 506
1690134606840 0.3445943593978882 507
1690134606864 0.34431740641593933 508
1690134606880 0.3440409302711487 509
1690134606904 0.34376490116119385 510
1690134606920 0.3434893488883972 511
1690134606936 0.3432143032550812 512
1690134606960 0.34293970465660095 513
1690134606976 0.3426656126976013 514
1690134607000 0.3423919975757599 515
1690134607028 0.34211885929107666 516
1690134607048 0.34184619784355164 517
1690134607064 0.3415740430355072 518
1690134607088 0.3413023352622986 519
1690134607104 0.34103113412857056 520
1690134607120 0.34076040983200073 521
1690134607145 0.3404901921749115 522
1690134607161 0.34022045135498047 523
1690134607177 0.33995121717453003 524
1690134607201 0.3396824598312378 525
1690134607217 0.33941420912742615 526
1690134607233 0.3391464352607727 527
1690134607257 0.33887916803359985 528
1690134607273 0.3386123776435852 529
1690134607297 0.33834612369537354 530
1690134607313 0.3380803167819977 531
1690134607337 0.3378150165081024 532
1690134607361 0.33755025267601013 533
1690134607393 0.33728593587875366 534
1690134607409 0.33702218532562256 535
1690134607433 0.33675891160964966 536
1690134607449 0.3364960849285126 537
1690134607473 0.33623382449150085 538
1690134607489 0.33597204089164734 539
1690134608879 0.3357107937335968 540
1690134608894 0.3354499936103821 541
1690134608910 0.3351897597312927 542
1690134608934 0.3349300026893616 543
1690134608950 0.334670752286911 544
1690134608966 0.33441200852394104 545
1690134608990 0.33415380120277405 546
1690134609006 0.33389607071876526 547
1690134609022 0.33363887667655945 548
1690134609046 0.33338218927383423 549
1690134609062 0.3331259787082672 550
1690134609078 0.3328703045845032 551
1690134609102 0.3326151669025421 552
1690134609118 0.33236053586006165 553
1690134609142 0.33210641145706177 554
1690134609166 0.3318527638912201 555
1690134609222 0.33159971237182617 556
1690134609249 0.3313470780849457 557
1690134609279 0.33109503984451294 558
1690134609303 0.3308435082435608 559
1690134609327 0.33059248328208923 560
1690134609351 0.33034196496009827 561
1690134609383 0.3300919830799103 562
1690134609407 0.3298425078392029 563
1690134609439 0.32959356904029846 564
1690134609471 0.32934513688087463 565
1690134609503 0.3290972113609314 566
1690134609535 0.32884982228279114 567
1690134609567 0.32860296964645386 568
1690134609591 0.32835662364959717 569
1690134609607 0.32811081409454346 570
1690134609631 0.3278655409812927 571
1690134609655 0.3276207447052002 572
1690134609679 0.32737651467323303 573
1690134609695 0.32713279128074646 574
1690134609719 0.3268895745277405 575
1690134609743 0.32664692401885986 576
1690134609759 0.32640475034713745 577
1690134609783 0.3261631429195404 578
1690134609807 0.32592207193374634 579
1690134609823 0.32568150758743286 580
1690134609839 0.32544147968292236 581
1690134609863 0.32520192861557007 582
1690134609879 0.3249629735946655 583
1690134609903 0.3247244954109192 584
1690134609919 0.3244866132736206 585
1690134609943 0.3242492079734802 586
1690134609959 0.3240123391151428 587
1690134609975 0.323775976896286 588
1690134609999 0.32354018092155457 589
1690134610023 0.3233048915863037 590
1690134610039 0.32307013869285583 591
1690134610056 0.32283592224121094 592
1690134610080 0.32260221242904663 593
1690134610096 0.3223690688610077 594
1690134610120 0.32213643193244934 595
1690134610137 0.32190433144569397 596
1690134610153 0.3216727674007416 597
1690134610177 0.3214417099952698 598
1690134610193 0.32121121883392334 599
1690134610209 0.3209812343120575 600
1690134610233 0.32075178623199463 601
1690134610249 0.32052290439605713 602
1690134610273 0.32029446959495544 603
1690134610289 0.3200666606426239 604
1690134610313 0.31983932852745056 605
1690134610331 0.3196125626564026 606
1690134610345 0.3193863034248352 607
1690134610372 0.3191605806350708 608
1690134610385 0.318935364484787 609
1690134610409 0.31871071457862854 610
1690134610425 0.3184865415096283 611
1690134610441 0.3182629942893982 612
1690134610465 0.3180398941040039 613
1690134610481 0.3178173899650574 614
1690134610497 0.31759536266326904 615
1690134610521 0.3173739016056061 616
1690134610537 0.3171529471874237 617
1690134610553 0.3169325292110443 618
1690134610577 0.3167126774787903 619
1690134610593 0.31649333238601685 620
1690134610609 0.316274493932724 621
1690134610633 0.3160562217235565 622
1690134610649 0.315838485956192 623
1690134610665 0.3156212568283081 624
1690134610689 0.3154045343399048 625
1690134610705 0.3151884078979492 626
1690134610721 0.31497275829315186 627
1690134610745 0.31475764513015747 628
1690134610769 0.31454306840896606 629
1690134610785 0.3143290579319 630
1690134610801 0.3141155242919922 631
1690134610825 0.3139025568962097 632
1690134610842 0.3136901259422302 633
1690134610866 0.3134782016277313 634
1690134610890 0.3132668137550354 635
1690134610914 0.31305593252182007 636
1690134610932 0.3128456175327301 637
1690134610946 0.31263577938079834 638
1690134610970 0.31242650747299194 639
1690134610986 0.3122177720069885 640
1690134611002 0.3120095431804657 641
1690134611026 0.31180185079574585 642
1690134611042 0.3115946650505066 643
1690134611066 0.3113880157470703 644
1690134611082 0.311181902885437 645
1690134611106 0.3109763264656067 646
1690134611122 0.31077128648757935 647
1690134611138 0.3105667531490326 648
1690134611154 0.31036272644996643 649
1690134611178 0.31015923619270325 650
1690134611194 0.30995628237724304 651
1690134611210 0.30975380539894104 652
1690134611234 0.3095519542694092 653
1690134611250 0.30935052037239075 654
1690134611274 0.30914968252182007 655
1690134611290 0.3089493215084076 656
1690134611314 0.3087494969367981 657
1690134611332 0.3085502088069916 658
1690134611346 0.30835142731666565 659
1690134611370 0.3081531822681427 660
1690134611394 0.30795544385910034 661
1690134611410 0.3077582120895386 662
1690134611426 0.3075615465641022 663
1690134611450 0.307365357875824 664
1690134611466 0.30716973543167114 665
1690134611490 0.3069745600223541 666
1690134611506 0.3067799508571625 667
1690134611522 0.3065858483314514 668
1690134611538 0.30639225244522095 669
1690134611562 0.30619922280311584 670
1690134611578 0.30600666999816895 671
1690134611602 0.30581462383270264 672
1690134611626 0.3056231439113617 673
1690134611659 0.30543211102485657 674
1690134611683 0.3052416443824768 675
1690134611707 0.30505168437957764 676
1690134611731 0.30486220121383667 677
1690134611755 0.3046732544898987 678
1690134611779 0.30448484420776367 679
1690134611795 0.30429694056510925 680
1690134611819 0.30410951375961304 681
1690134611843 0.3039226233959198 682
1690134611859 0.30373623967170715 683
1690134611883 0.3035503327846527 684
1690134611907 0.30336499214172363 685
1690134611963 0.30318012833595276 686
1690134611987 0.3029957711696625 687
1690134612019 0.30281195044517517 688
1690134612043 0.30262860655784607 689
1690134612067 0.30244576930999756 690
1690134612083 0.302263468503952 691
1690134612107 0.3020816147327423 692
1690134612133 0.30190032720565796 693
1690134612155 0.3017195165157318 694
1690134612187 0.30153918266296387 695
1690134612203 0.3013593852519989 696
1690134612233 0.3011801242828369 697
1690134612259 0.30100131034851074 698
1690134612275 0.30082303285598755 699
1690134612299 0.30064520239830017 700
1690134612323 0.30046793818473816 701
1690134612347 0.30029115080833435 702
1690134612371 0.30011484026908875 703
1690134612395 0.2999390661716461 704
1690134612411 0.2997637689113617 705
1690134612427 0.2995889484882355 706
1690134612451 0.29941463470458984 707
1690134612467 0.2992408275604248 708
1690134612483 0.29906752705574036 709
1690134612508 0.2988946735858917 710
1690134612523 0.29872235655784607 711
1690134612539 0.2985505163669586 712
1690134612563 0.29837918281555176 713
1690134612579 0.2982083261013031 714
1690134612603 0.29803794622421265 715
1690134612619 0.2978680729866028 716
1690134612644 0.2976986765861511 717
1690134612660 0.29752978682518005 718
1690134612684 0.2973614037036896 719
1690134612700 0.2971934676170349 720
1690134612724 0.29702603816986084 721
1690134612740 0.29685908555984497 722
1690134612756 0.2966926097869873 723
1690134612772 0.29652664065361023 724
1690134612796 0.29636111855506897 725
1690134612820 0.2961961328983307 726
1690134612836 0.2960315942764282 727
1690134612852 0.29586753249168396 728
1690134612876 0.2957039475440979 729
1690134612892 0.29554086923599243 730
1690134612908 0.29537826776504517 731
1690134612934 0.2952161431312561 732
1690134612948 0.29505449533462524 733
1690134612972 0.2948932945728302 734
1690134612988 0.29473257064819336 735
1690134613012 0.2945723831653595 736
1690134613036 0.29441261291503906 737
1690134613052 0.29425328969955444 738
1690134613068 0.2940945029258728 739
1690134613092 0.293936163187027 740
1690134613108 0.29377830028533936 741
1690134613124 0.2936209440231323 742
1690134613148 0.2934640049934387 743
1690134613173 0.2933075428009033 744
1690134613189 0.2931515574455261 745
1690134613213 0.29299601912498474 746
1690134613237 0.29284095764160156 747
1690134613253 0.2926863729953766 748
1690134613277 0.2925322651863098 749
1690134613293 0.29237860441207886 750
1690134613317 0.29222536087036133 751
1690134613341 0.2920726537704468 752
1690134613357 0.29192036390304565 753
1690134613373 0.29176855087280273 754
1690134613389 0.291617214679718 755
1690134613413 0.2914663553237915 756
1690134613436 0.29131585359573364 757
1690134613453 0.29116588830947876 758
1690134613469 0.2910163700580597 759
1690134613493 0.29086729884147644 760
1690134613509 0.2907187044620514 761
1690134613525 0.29057055711746216 762
1690134613550 0.29042282700538635 763
1690134613574 0.29027557373046875 764
1690134613590 0.29012876749038696 765
1690134613606 0.289982408285141 766
1690134613630 0.2898365259170532 767
1690134613646 0.28969109058380127 768
1690134613662 0.28954607248306274 769
1690134613686 0.2894015312194824 770
1690134613702 0.28925737738609314 771
1690134613726 0.28911373019218445 772
1690134613742 0.2889705002307892 773
1690134613758 0.28882771730422974 774
1690134613782 0.2886853814125061 775
1690134613798 0.2885434925556183 776
1690134613822 0.2884020507335663 777
1690134613838 0.2882610261440277 778
1690134613862 0.28812044858932495 779
1690134613878 0.2879802882671356 780
1690134613902 0.2878406047821045 781
1690134613918 0.2877013385295868 782
1690134613942 0.2875625193119049 783
1690134613958 0.28742411732673645 784
1690134613974 0.2872861921787262 785
1690134613998 0.2871486246585846 786
1690134614022 0.2870115339756012 787
1690134614038 0.2868748903274536 788
1690134614062 0.28673863410949707 789
1690134614078 0.28660282492637634 790
1690134614102 0.2864674925804138 791
1690134614118 0.28633251786231995 792
1690134614134 0.2861980199813843 793
1690134614158 0.28606393933296204 794
1690134614174 0.28593024611473083 795
1690134614190 0.28579699993133545 796
1690134614214 0.2856641709804535 797
1690134614236 0.28553175926208496 798
1690134614255 0.28539979457855225 799
1690134614271 0.28526824712753296 800
1690134614295 0.2851371169090271 801
1690134614319 0.2850063741207123 802
1690134614334 0.2848760485649109 803
1690134614358 0.2847461700439453 804
1690134614374 0.28461670875549316 805
1690134614398 0.28448763489723206 806
1690134614414 0.28435900807380676 807
1690134614439 0.2842307984828949 808
1690134614455 0.2841029763221741 809
1690134614471 0.2839755713939667 810
1690134614495 0.2838485538959503 811
1690134614511 0.2837219834327698 812
1690134614527 0.2835958003997803 813
1690134614553 0.2834700345993042 814
1690134614567 0.28334465622901917 815
1690134614591 0.28321966528892517 816
1690134614607 0.283095121383667 817
1690134614623 0.28297096490859985 818
1690134614647 0.28284722566604614 819
1690134614671 0.28272390365600586 820
1690134614687 0.28260093927383423 821
1690134614703 0.2824784219264984 822
1690134614727 0.28235626220703125 823
1690134614743 0.2822344899177551 824
1690134614759 0.28211313486099243 825
1690134614783 0.28199219703674316 826
1690134614799 0.28187164664268494 827
1690134614815 0.28175148367881775 828
1690134614839 0.2816317081451416 829
1690134614855 0.2815123200416565 830
1690134614879 0.2813933491706848 831
1690134614895 0.2812747657299042 832
1690134614919 0.2811565399169922 833
1690134614935 0.28103873133659363 834
1690134614959 0.2809213101863861 835
1690134614975 0.28080424666404724 836
1690134614991 0.2806876003742218 837
1690134615015 0.2805713415145874 838
1690134615039 0.28045547008514404 839
1690134615055 0.28033995628356934 840
1690134615079 0.28022482991218567 841
1690134615095 0.28011009097099304 842
1690134615119 0.27999570965766907 843
1690134615135 0.2798817455768585 844
1690134615151 0.279768168926239 845
1690134615175 0.27965492010116577 846
1690134615191 0.27954208850860596 847
1690134615207 0.2794296145439148 848
1690134615231 0.2793175280094147 849
1690134615247 0.2792057991027832 850
1690134615263 0.27909448742866516 851
1690134615287 0.278983473777771 852
1690134615303 0.27887287735939026 853
1690134615319 0.2787626385688782 854
1690134615335 0.27865278720855713 855
1690134615359 0.27854329347610474 856
1690134615399 0.2784341275691986 857
1690134615423 0.2783253788948059 858
1690134615455 0.27821698784828186 859
1690134615471 0.27810895442962646 860
1690134615487 0.2780012786388397 861
1690134615511 0.277893990278244 862
1690134615527 0.2777870297431946 863
1690134615551 0.2776804566383362 864
1690134615567 0.27757424116134644 865
1690134615583 0.27746838331222534 866
1690134615607 0.2773628830909729 867
1690134615623 0.2772577404975891 868
1690134615639 0.277152955532074 869
1690134615655 0.2770484983921051 870
1690134615679 0.2769443988800049 871
1690134615695 0.2768406867980957 872
1690134615720 0.2767373323440552 873
1690134615736 0.2766342759132385 874
1690134615752 0.2765316069126129 875
1690134615776 0.27642929553985596 876
1690134615792 0.27632731199264526 877
1690134615808 0.2762256860733032 878
1690134615832 0.27612441778182983 879
1690134615848 0.2760234773159027 880
1690134615872 0.27592286467552185 881
1690134615888 0.2758226692676544 882
1690134615904 0.2757227420806885 883
1690134615920 0.2756232023239136 884
1690134615944 0.27552399039268494 885
1690134615960 0.27542510628700256 886
1690134615984 0.27532655000686646 887
1690134616000 0.2752283811569214 888
1690134616024 0.2751305103302002 889
1690134616040 0.27503299713134766 890
1690134616056 0.2749358117580414 891
1690134616080 0.27483895421028137 892
1690134616104 0.27474245429039 893
1690134616120 0.27464625239372253 894
1690134616144 0.2745504081249237 895
1690134616160 0.27445489168167114 896
1690134616184 0.27435970306396484 897
1690134616208 0.2742648422718048 898
1690134616224 0.27417030930519104 899
1690134616240 0.2740761339664459 900
1690134616264 0.2739822566509247 901
1690134616280 0.2738886773586273 902
1690134616296 0.2737954556941986 903
1690134616320 0.27370256185531616 904
1690134616336 0.27360999584198 905
1690134616352 0.2735177278518677 906
1690134616376 0.273425817489624 907
1690134616392 0.27333420515060425 908
1690134616416 0.27324289083480835 909
1690134616436 0.2731519341468811 910
1690134616456 0.2730613052845001 911
1690134616472 0.27297094464302063 912
1690134616496 0.2728809118270874 913
1690134616512 0.27279120683670044 914
1690134616536 0.27270182967185974 915
1690134616552 0.2726127505302429 916
1690134616568 0.27252396941185 917
1690134616592 0.2724355459213257 918
1690134616608 0.2723473906517029 919
1690134616624 0.27225956320762634 920
1690134616648 0.2721720337867737 921
1690134616672 0.2720848023891449 922
1690134616688 0.27199792861938477 923
1690134616704 0.2719113230705261 924
1690134616728 0.27182501554489136 925
1690134616752 0.27173903584480286 926
1690134616768 0.27165335416793823 927
1690134616792 0.2715679407119751 928
1690134616808 0.2714828848838806 929
1690134616832 0.2713980972766876 930
1690134616849 0.2713136374950409 931
1690134616873 0.27122944593429565 932
1690134616889 0.2711455821990967 933
1690134616905 0.2710619866847992 934
1690134616929 0.2709786891937256 935
1690134616944 0.27089568972587585 936
1690134616968 0.2708130180835724 937
1690134616984 0.2707306146621704 938
1690134617000 0.2706485092639923 939
1690134617024 0.2705667018890381 940
1690134617040 0.27048516273498535 941
1690134617056 0.2704039216041565 942
1690134617080 0.2703230082988739 943
1690134617096 0.2702423334121704 944
1690134617120 0.2701619565486908 945
1690134617144 0.27008190751075745 946
1690134617160 0.2700020968914032 947
1690134617184 0.2699226140975952 948
1690134617200 0.26984336972236633 949
1690134617224 0.2697644531726837 950
1690134617241 0.2696858048439026 951
1690134617257 0.26960742473602295 952
1690134617281 0.2695293426513672 953
1690134617297 0.2694515287876129 954
1690134617321 0.2693740129470825 955
1690134617337 0.2692967653274536 956
1690134617361 0.2692197859287262 957
1690134617377 0.26914310455322266 958
1690134617393 0.2690666913986206 959
1690134617417 0.26899051666259766 960
1690134617437 0.26891469955444336 961
1690134617449 0.2688390910625458 962
1690134617473 0.26876378059387207 963
1690134617489 0.26868870854377747 964
1690134617505 0.26861393451690674 965
1690134617529 0.2685394287109375 966
1690134617545 0.26846522092819214 967
1690134617561 0.2683912515640259 968
1690134617585 0.2683175504207611 969
1690134617601 0.2682441174983978 970
1690134617625 0.26817095279693604 971
1690134617641 0.26809802651405334 972
1690134617657 0.26802539825439453 973
1690134617673 0.2679530680179596 974
1690134617697 0.26788097620010376 975
1690134617713 0.267809122800827 976
1690134617737 0.2677375376224518 977
1690134617753 0.267666220664978 978
1690134617777 0.2675951421260834 979
1690134617793 0.2675243616104126 980
1690134617817 0.2674538195133209 981
1690134617841 0.26738351583480835 982
1690134617857 0.26731353998184204 983
1690134617873 0.26724374294281006 984
1690134617897 0.26717424392700195 985
1690134617913 0.26710498332977295 986
1690134617937 0.26703596115112305 987
1690134617953 0.26696720719337463 988
1690134617977 0.2668987214565277 989
1690134617993 0.2668304443359375 990
1690134618017 0.2667624354362488 991
1690134618037 0.26669469475746155 992
1690134618057 0.2666271924972534 993
1690134618073 0.2665599584579468 994
1690134618097 0.26649296283721924 995
1690134618113 0.2664262056350708 996
1690134618137 0.26635968685150146 997
1690134618153 0.26629340648651123 998
1690134618169 0.2662273943424225 999
1690134618193 0.26616162061691284 1000
1690134618209 0.2660960853099823 1001
1690134618233 0.26603081822395325 1002
1690134618249 0.2659657597541809 1003
1690134618273 0.26590093970298767 1004
1690134618289 0.26583635807037354 1005
1690134618305 0.2657720446586609 1006
1690134618329 0.26570793986320496 1007
1690134618345 0.2656440734863281 1008
1690134618369 0.2655804753303528 1009
1690134618385 0.26551708579063416 1010
1690134618409 0.26545393466949463 1011
1690134618425 0.2653910219669342 1012
1690134618450 0.2653283476829529 1013
1690134618466 0.26526588201522827 1014
1690134618490 0.26520365476608276 1015
1690134618506 0.26514169573783875 1016
1690134618554 0.26507997512817383 1017
1690134618586 0.26501840353012085 1018
1690134618610 0.26495712995529175 1019
1690134618634 0.26489606499671936 1020
1690134618650 0.2648352384567261 1021
1690134618666 0.2647746205329895 1022
1690134618690 0.26471424102783203 1023
1690134618706 0.26465409994125366 1024
1690134618722 0.2645941376686096 1025
1690134618746 0.26453444361686707 1026
1690134618762 0.2644749879837036 1027
1690134618786 0.2644157111644745 1028
1690134618802 0.26435667276382446 1029
1690134618826 0.26429784297943115 1030
1690134618842 0.26423925161361694 1031
1690134618866 0.26418089866638184 1032
1690134618882 0.26412272453308105 1033
1690134618906 0.2640647888183594 1034
1690134618922 0.2640070617198944 1035
1690134618938 0.26394954323768616 1036
1690134618962 0.263892263174057 1037
1690134618978 0.26383519172668457 1038
1690134618994 0.26377832889556885 1039
1690134619018 0.26372167468070984 1040
1690134619038 0.26366525888442993 1041
1690134619058 0.26360905170440674 1042
1690134619074 0.26355305314064026 1043
1690134619090 0.2634972631931305 1044
1690134619114 0.26344165205955505 1045
1690134619130 0.2633862793445587 1046
1690134619154 0.2633311152458191 1047
1690134619170 0.2632761597633362 1048
1690134619186 0.26322141289711 1049
1690134619202 0.2631668746471405 1050
1690134619226 0.26311254501342773 1051
1690134619242 0.2630584239959717 1052
1690134619266 0.26300451159477234 1053
1690134619290 0.2629508078098297 1054
1690134619306 0.262897253036499 1055
1690134619322 0.2628439664840698 1056
1690134619346 0.26279082894325256 1057
1690134619362 0.2627379596233368 1058
1690134619386 0.26268520951271057 1059
1690134619402 0.26263272762298584 1060
1690134619418 0.26258042454719543 1061
1690134619442 0.26252830028533936 1062
1690134619458 0.26247638463974 1063
1690134619474 0.2624247074127197 1064
1690134619490 0.2623732089996338 1065
1690134619514 0.2623218894004822 1066
1690134619530 0.2622707486152649 1067
1690134619546 0.2622198462486267 1068
1690134619570 0.26216912269592285 1069
1690134619586 0.2621185779571533 1070
1690134619610 0.2620682120323181 1071
1690134619626 0.262018084526062 1072
1690134619642 0.26196813583374023 1073
1690134619666 0.2619183659553528 1074
1690134619682 0.26186877489089966 1075
1690134619706 0.26181939244270325 1076
1690134619722 0.26177021861076355 1077
1690134619739 0.2617211937904358 1078
1690134619763 0.26167237758636475 1079
1690134619779 0.261623740196228 1080
1690134619803 0.26157528162002563 1081
1690134619819 0.26152703166007996 1082
1690134619843 0.2614789605140686 1083
1690134619867 0.2614310681819916 1084
1690134619883 0.2613833546638489 1085
1690134619899 0.2613358199596405 1086
1690134619923 0.26128849387168884 1087
1690134619939 0.2612413465976715 1088
1690134619955 0.2611943781375885 1089
1690134619979 0.2611475884914398 1090
1690134619995 0.26110097765922546 1091
1690134620019 0.26105454564094543 1092
1690134620039 0.26100826263427734 1093
1690134620051 0.26096221804618835 1094
1690134620075 0.2609162926673889 1095
1690134620091 0.2608705759048462 1096
1690134620107 0.2608250379562378 1097
1690134620131 0.2607796788215637 1098
1690134620155 0.2607344686985016 1099
1690134620171 0.26068946719169617 1100
1690134620187 0.2606446444988251 1101
1690134620211 0.2605999708175659 1102
1690134620235 0.2605554461479187 1103
1690134620251 0.2605111598968506 1104
1690134620275 0.2604670226573944 1105
1690134620291 0.26042303442955017 1106
1690134620315 0.26037922501564026 1107
1690134620339 0.2603355646133423 1108
1690134620355 0.260292112827301 1109
1690134620371 0.2602488100528717 1110
1690134620387 0.2602056860923767 1111
1690134620411 0.26016271114349365 1112
1690134620435 0.2601199150085449 1113
1690134620451 0.2600772976875305 1114
1690134620467 0.26003482937812805 1115
1690134620491 0.2599925398826599 1116
1690134620507 0.2599503993988037 1117
1690134620523 0.25990843772888184 1118
1690134620547 0.2598666548728943 1119
1690134620571 0.2598250210285187 1120
1690134620587 0.259783536195755 1121
1690134620603 0.25974223017692566 1122
1690134620627 0.25970107316970825 1123
1690134620643 0.2596600651741028 1124
1690134620667 0.25961923599243164 1125
1690134620683 0.2595785856246948 1126
1690134620699 0.25953805446624756 1127
1690134620723 0.2594977021217346 1128
1690134620739 0.259457528591156 1129
1690134620755 0.25941750407218933 1130
1690134620779 0.2593775987625122 1131
1690134620795 0.2593378722667694 1132
1690134620819 0.25929832458496094 1133
1690134623345 0.259258896112442 1134
1690134623368 0.2592196464538574 1135
1690134623384 0.25918054580688477 1136
1690134623408 0.25914159417152405 1137
1690134623424 0.25910282135009766 1138
1690134623448 0.2590641677379608 1139
1690134623464 0.2590256929397583 1140
1690134623488 0.25898733735084534 1141
1690134623504 0.2589491605758667 1142
1690134623520 0.2589111328125 1143
1690134623544 0.25887325406074524 1144
1690134623560 0.25883549451828003 1145
1690134623584 0.25879791378974915 1146
1690134623600 0.2587604820728302 1147
1690134623624 0.2587231695652008 1148
1690134623642 0.25868600606918335 1149
1690134623656 0.2586490213871002 1150
1690134623680 0.25861215591430664 1151
1690134623704 0.2585754990577698 1152
1690134623729 0.2585389316082001 1153
1690134623753 0.2585025131702423 1154
1690134623777 0.2584662437438965 1155
1690134623801 0.2584301233291626 1156
1690134623825 0.25839415192604065 1157
1690134623842 0.25835829973220825 1158
1690134623865 0.2583225965499878 1159
1690134623889 0.2582870423793793 1160
1690134623921 0.2582516372203827 1161
1690134623945 0.25821635127067566 1162
1690134623969 0.25818121433258057 1163
1690134624001 0.2581462264060974 1164
1690134624025 0.2581113576889038 1165
1690134624049 0.25807666778564453 1166
1690134624065 0.2580420970916748 1167
1690134624089 0.25800764560699463 1168
1690134624105 0.2579733431339264 1169
1690134624121 0.2579391896724701 1170
1690134624143 0.25790515542030334 1171
1690134624161 0.25787124037742615 1172
1690134624177 0.2578375041484833 1173
1690134624201 0.25780388712882996 1174
1690134624217 0.2577703595161438 1175
1690134624233 0.25773704051971436 1176
1690134624257 0.2577037811279297 1177
1690134624273 0.25767070055007935 1178
1690134624290 0.25763776898384094 1179
1690134624313 0.2576049268245697 1180
1690134624329 0.2575722336769104 1181
1690134624354 0.25753968954086304 1182
1690134624370 0.25750723481178284 1183
1690134624394 0.25747495889663696 1184
1690134624410 0.25744277238845825 1185
1690134624466 0.2574107348918915 1186
1690134624498 0.25737881660461426 1187
1690134624522 0.257347047328949 1188
1690134624546 0.25731536746025085 1189
1690134624562 0.2572838366031647 1190
1690134624578 0.25725245475769043 1191
1690134624602 0.25722116231918335 1192
1690134624618 0.2571900188922882 1193
1690134624634 0.25715896487236023 1194
1690134624658 0.2571280896663666 1195
1690134624674 0.2570973038673401 1196
1690134624690 0.25706663727760315 1197
1690134624714 0.25703611969947815 1198
1690134624730 0.2570057213306427 1199
1690134624746 0.2569754123687744 1200
1690134624770 0.25694525241851807 1201
1690134624786 0.25691524147987366 1202
1690134624811 0.256885290145874 1203
1690134624835 0.2568555176258087 1204
1690134624851 0.25682583451271057 1205
1690134624867 0.256796270608902 1206
1690134624891 0.2567668557167053 1207
1690134624907 0.25673753023147583 1208
1690134624923 0.2567082941532135 1209
1690134624947 0.2566792368888855 1210
1690134624971 0.25665026903152466 1211
1690134624987 0.25662142038345337 1212
1690134625003 0.25659269094467163 1213
1690134625027 0.25656408071517944 1214
1690134625043 0.2565355598926544 1215
1690134625067 0.2565072178840637 1216
1690134625083 0.2564789056777954 1217
1690134625099 0.2564507722854614 1218
1690134625115 0.2564227283000946 1219
1690134625140 0.25639480352401733 1220
1690134625156 0.2563669979572296 1221
1690134625172 0.25633931159973145 1222
1690134625188 0.25631171464920044 1223
1690134625212 0.256284236907959 1224
1690134625228 0.2562568783760071 1225
1690134625252 0.2562296390533447 1226
1690134625268 0.25620248913764954 1227
1690134625284 0.2561754882335663 1228
1690134625300 0.2561485469341278 1229
1690134625324 0.2561217248439789 1230
1690134625340 0.2560950517654419 1231
1690134625356 0.25606846809387207 1232
1690134625380 0.2560419738292694 1233
1690134625404 0.2560156285762787 1234
1690134625420 0.25598934292793274 1235
1690134625436 0.25596317648887634 1236
1690134625460 0.2559371292591095 1237
1690134625476 0.2559111714363098 1238
1690134625500 0.25588536262512207 1239
1690134625516 0.2558596134185791 1240
1690134625540 0.2558339834213257 1241
1690134625556 0.2558084726333618 1242
1690134625572 0.2557830512523651 1243
1690134625596 0.25575774908065796 1244
1690134625616 0.25573253631591797 1245
1690134625628 0.25570741295814514 1246
1690134625652 0.25568240880966187 1247
1690134625668 0.25565749406814575 1248
1690134625684 0.2556327283382416 1249
1690134625708 0.2556079924106598 1250
1690134625724 0.25558340549468994 1251
1690134625748 0.25555890798568726 1252
1690134625772 0.2555345296859741 1253
1690134625788 0.25551024079322815 1254
1690134625804 0.25548604130744934 1255
1690134625828 0.2554619610309601 1256
1690134625844 0.255437970161438 1257
1690134625868 0.25541406869888306 1258
1690134625892 0.2553902566432953 1259
1690134625908 0.25536656379699707 1260
1690134625932 0.255342960357666 1261
1690134625948 0.2553194463253021 1262
1690134625972 0.2552960216999054 1263
1690134625988 0.2552727162837982 1264
1690134626004 0.2552495002746582 1265
1690134626028 0.25522640347480774 1266
1690134626044 0.25520336627960205 1267
1690134626068 0.2551804482936859 1268
1690134626092 0.25515758991241455 1269
1690134626108 0.2551348805427551 1270
1690134626132 0.2551122307777405 1271
1690134626148 0.255089670419693 1272
1690134626172 0.25506719946861267 1273
1690134626188 0.2550448477268219 1274
1690134626204 0.2550225853919983 1275
1690134626228 0.25500038266181946 1276
1690134626253 0.25497832894325256 1277
1690134626269 0.25495630502700806 1278
1690134626285 0.2549343705177307 1279
1690134626309 0.2549125552177429 1280
1690134626325 0.2548908591270447 1281
1690134626349 0.2548692226409912 1282
1690134626365 0.2548476755619049 1283
1690134626389 0.25482621788978577 1284
1690134626405 0.2548048496246338 1285
1690134626429 0.2547835409641266 1286
1690134626453 0.2547623813152313 1287
1690134626469 0.25474128127098083 1288
1690134626493 0.2547202706336975 1289
1690134626509 0.25469934940338135 1290
1690134626533 0.25467851758003235 1291
1690134626549 0.2546577453613281 1292
1690134626573 0.25463706254959106 1293
1690134626589 0.25461649894714355 1294
1690134626613 0.2545959949493408 1295
1690134626629 0.25457561016082764 1296
1690134626653 0.25455528497695923 1297
1690134626669 0.2545350193977356 1298
1690134626685 0.2545148730278015 1299
1690134626709 0.2544947862625122 1300
1690134626734 0.25447481870651245 1301
1690134626758 0.25445491075515747 1302
1690134626774 0.25443509221076965 1303
1690134626790 0.254415363073349 1304
1690134626814 0.2543956935405731 1305
1690134626830 0.2543761432170868 1306
1690134626853 0.25435665249824524 1307
1690134626869 0.25433725118637085 1308
1690134626893 0.25431790947914124 1309
1690134626909 0.2542986571788788 1310
1690134626925 0.2542794942855835 1311
1690134626949 0.254260390996933 1312
1690134626965 0.25424137711524963 1313
1690134626981 0.25422245264053345 1314
1690134627005 0.2542036175727844 1315
1690134627021 0.2541848421096802 1316
1690134627045 0.2541661560535431 1317
1690134627061 0.25414755940437317 1318
1690134627077 0.254129022359848 1319
1690134627101 0.25411057472229004 1320
1690134627117 0.25409218668937683 1321
1690134627141 0.2540738880634308 1322
1690134627157 0.2540556788444519 1323
1690134627173 0.2540374994277954 1324
1690134627197 0.25401943922042847 1325
1690134627213 0.2540014386177063 1326
1690134627229 0.2539835274219513 1327
1690134627245 0.25396570563316345 1328
1690134627269 0.2539479434490204 1329
1690134627285 0.2539302408695221 1330
1690134627309 0.2539125978946686 1331
1690134627326 0.2538950443267822 1332
1690134627346 0.25387758016586304 1333
1690134627366 0.2538601756095886 1334
1690134627382 0.25384289026260376 1335
1690134627398 0.2538256049156189 1336
1690134627422 0.2538084387779236 1337
1690134627446 0.25379136204719543 1338
1690134627462 0.2537742853164673 1339
1690134627478 0.2537573277950287 1340
1690134627502 0.25374045968055725 1341
1690134627518 0.2537236213684082 1342
1690134627542 0.2537069022655487 1343
1690134627558 0.2536901831626892 1344
1690134627590 0.25367358326911926 1345
1690134627630 0.2536570727825165 1346
1690134627654 0.25364062190055847 1347
1690134627678 0.25362423062324524 1348
1690134627702 0.2536078989505768 1349
1690134627718 0.2535916268825531 1350
1690134627734 0.2535754442214966 1351
1690134627750 0.25355932116508484 1352
1690134627774 0.25354325771331787 1353
1690134627790 0.25352728366851807 1354
1690134627806 0.25351136922836304 1355
1690134627822 0.2534955143928528 1356
1690134627846 0.2534797489643097 1357
1690134627862 0.253464013338089 1358
1690134627878 0.25344836711883545 1359
1690134627902 0.2534327805042267 1360
1690134627918 0.2534172832965851 1361
1690134627942 0.25340184569358826 1362
1690134627958 0.2533864378929138 1363
1690134627982 0.25337114930152893 1364
1690134627998 0.25335589051246643 1365
1690134628022 0.2533406913280487 1366
1690134628038 0.25332555174827576 1367
1690134628062 0.25331050157546997 1368
1690134628086 0.25329551100730896 1369
1690134628102 0.2532805800437927 1370
1690134628118 0.25326570868492126 1371
1690134628142 0.2532508969306946 1372
1690134628159 0.25323617458343506 1373
1690134628175 0.2532214820384979 1374
1690134628199 0.25320687890052795 1375
1690134628215 0.25319230556488037 1376
1690134628231 0.25317782163619995 1377
1690134628254 0.2531634271144867 1378
1690134628270 0.2531490623950958 1379
1690134628294 0.25313475728034973 1380
1690134628310 0.253120481967926 1381
1690134628326 0.25310632586479187 1382
1690134628350 0.2530921697616577 1383
1690134628366 0.2530781328678131 1384
1690134628390 0.2530641257762909 1385
1690134628406 0.25305020809173584 1386
1690134628430 0.2530362904071808 1387
1690134628446 0.2530224919319153 1388
1690134628470 0.2530086934566498 1389
1690134628486 0.25299501419067383 1390
1690134628502 0.25298136472702026 1391
1690134628526 0.2529677748680115 1392
1690134628543 0.25295424461364746 1393
1690134628559 0.25294074416160583 1394
1690134628583 0.25292736291885376 1395
1690134628599 0.2529140114784241 1396
1690134628615 0.25290071964263916 1397
1690134628639 0.25288745760917664 1398
1690134628655 0.2528742551803589 1399
1690134628671 0.2528611421585083 1400
1690134628695 0.2528480887413025 1401
1690134628711 0.25283506512641907 1402
1690134628735 0.2528221011161804 1403
1690134628751 0.25280919671058655 1404
1690134628767 0.25279638171195984 1405
1690134628791 0.25278356671333313 1406
1690134628807 0.2527708411216736 1407
1690134628831 0.2527581453323364 1408
1690134628847 0.25274550914764404 1409
1690134628871 0.2527329623699188 1410
1690134628887 0.252720445394516 1411
1690134628911 0.25270792841911316 1412
1690134628927 0.2526955306529999 1413
1690134628947 0.252683162689209 1414
1690134628967 0.25267088413238525 1415
1690134628983 0.2526586353778839 1416
1690134629007 0.25264644622802734 1417
1690134629023 0.25263428688049316 1418
1690134629047 0.25262215733528137 1419
1690134629063 0.25261014699935913 1420
1690134629079 0.2525981664657593 1421
1690134629103 0.2525862157344818 1422
1690134629119 0.2525743246078491 1423
1690134629135 0.2525624930858612 1424
1690134629161 0.2525506913661957 1425
1690134629183 0.2525390088558197 1426
1690134629199 0.25252729654312134 1427
1690134629215 0.25251567363739014 1428
1690134629231 0.2525040805339813 1429
1690134629255 0.2524925470352173 1430
1690134629271 0.252481073141098 1431
1690134629287 0.25246962904930115 1432
1690134629311 0.25245824456214905 1433
1690134629327 0.2524469494819641 1434
1690134629351 0.2524356544017792 1435
1690134629367 0.252424418926239 1436
1690134629383 0.25241324305534363 1437
1690134629407 0.25240209698677063 1438
1690134629424 0.2523910105228424 1439
1690134629439 0.25237998366355896 1440
1690134629463 0.2523689866065979 1441
1690134629487 0.2523580491542816 1442
1690134629503 0.2523471415042877 1443
1690134629519 0.2523362636566162 1444
1690134629535 0.25232547521591187 1445
1690134629559 0.2523147165775299 1446
1690134629583 0.2523040175437927 1447
1690134629599 0.25229334831237793 1448
1690134629623 0.2522827386856079 1449
1690134629639 0.25227218866348267 1450
1690134629655 0.2522616386413574 1451
1690134629679 0.25225117802619934 1452
1690134629703 0.25224074721336365 1453
1690134629719 0.25223034620285034 1454
1690134629735 0.2522200345993042 1455
1690134629759 0.25220972299575806 1456
1690134629775 0.2521994709968567 1457
1690134629791 0.2521892786026001 1458
1690134629815 0.2521791160106659 1459
1690134629831 0.2521689832210541 1460
1690134629855 0.2521589398384094 1461
1690134629871 0.25214889645576477 1462
1690134629887 0.2521389126777649 1463
1690134629911 0.2521289587020874 1464
1690134629927 0.2521190643310547 1465
1690134629951 0.25210919976234436 1466
1690134629967 0.2520993947982788 1467
1690134629983 0.25208964943885803 1468
1690134630007 0.25207990407943726 1469
1690134630023 0.25207024812698364 1470
1690134630047 0.25206059217453003 1471
1690134630063 0.2520509958267212 1472
1690134630087 0.25204145908355713 1473
1690134630103 0.25203195214271545 1474
1690134630119 0.25202247500419617 1475
1690134630143 0.25201302766799927 1476
1690134630160 0.25200363993644714 1477
1690134630184 0.2519942820072174 1478
1690134630200 0.25198498368263245 1479
1690134630224 0.2519757151603699 1480
1690134630240 0.2519664764404297 1481
1690134630256 0.2519572973251343 1482
1690134630280 0.25194814801216125 1483
1690134630304 0.251939058303833 1484
1690134630320 0.25192999839782715 1485
1690134630336 0.2519209682941437 1486
1690134630360 0.251911997795105 1487
1690134630384 0.2519030272960663 1488
1690134630400 0.25189414620399475 1489
1690134630416 0.2518852949142456 1490
1690134630440 0.25187647342681885 1491
1690134630456 0.2518676817417145 1492
1690134630472 0.2518589198589325 1493
1690134630496 0.2518501877784729 1494
1690134630512 0.25184154510498047 1495
1690134630528 0.25183290243148804 1496
1690134630552 0.2518243193626404 1497
1690134630568 0.2518157660961151 1498
1690134630584 0.25180724263191223 1499
1690134630608 0.25179874897003174 1500
1690134630624 0.251790314912796 1501
1690134630648 0.2517819106578827 1502
1690134630664 0.25177356600761414 1503
1690134630688 0.2517652213573456 1504
1690134630704 0.2517569363117218 1505
1690134630720 0.251748651266098 1506
1690134630748 0.251740425825119 1507
1690134630768 0.2517322599887848 1508
1690134630784 0.25172409415245056 1509
1690134630808 0.2517159879207611 1510
1690134630824 0.25170791149139404 1511
1690134630840 0.25169986486434937 1512
1690134630864 0.25169187784194946 1513
1690134630896 0.25168392062187195 1514
1690134630912 0.2516759932041168 1515
1690134630928 0.2516680657863617 1516
1690134630952 0.25166022777557373 1517
1690134630968 0.2516523599624634 1518
1690134630984 0.2516446113586426 1519
1690134631008 0.2516368329524994 1520
1690134631024 0.251629114151001 1521
1690134631048 0.25162142515182495 1522
1690134631064 0.2516137659549713 1523
1690134631088 0.25160613656044006 1524
1690134631104 0.2515985369682312 1525
1690134631120 0.2515909969806671 1526
1690134631136 0.2515834867954254 1527
1690134631160 0.2515759766101837 1528
1690134631176 0.2515685260295868 1529
1690134631224 0.25156110525131226 1530
1690134631256 0.2515537440776825 1531
1690134631278 0.25154638290405273 1532
1690134631301 0.25153908133506775 1533
1690134631317 0.25153177976608276 1534
1690134631341 0.25152453780174255 1535
1690134631357 0.25151732563972473 1536
1690134631381 0.2515101134777069 1537
1690134631397 0.25150296092033386 1538
1690134631413 0.2514958381652832 1539
1690134631437 0.25148874521255493 1540
1690134631453 0.25148171186447144 1541
1690134631469 0.25147464871406555 1542
1690134631493 0.25146764516830444 1543
1690134631509 0.2514607012271881 1544
1690134631533 0.2514537572860718 1545
1690134631549 0.25144684314727783 1546
1690134631565 0.25143998861312866 1547
1690134631589 0.2514331340789795 1548
1690134631605 0.2514263391494751 1549
1690134631629 0.2514195740222931 1550
1690134631651 0.2514127790927887 1551
1690134631670 0.25140607357025146 1552
1690134631686 0.2513993978500366 1553
1690134631702 0.2513927221298218 1554
1690134631726 0.2513861060142517 1555
1690134631750 0.25137948989868164 1556
1690134631766 0.25137293338775635 1557
1690134631782 0.25136637687683105 1558
1690134631806 0.2513599097728729 1559
1690134631822 0.2513534128665924 1560
1690134631848 0.2513469457626343 1561
1690134631870 0.2513405382633209 1562
1690134631886 0.25133416056632996 1563
1690134631902 0.251327782869339 1564
1690134631926 0.2513214647769928 1565
1690134631950 0.2513151466846466 1566
1690134631974 0.2513088583946228 1567
1690134631990 0.2513026297092438 1568
1690134632014 0.25129637122154236 1569
1690134632030 0.2512902021408081 1570
1690134632054 0.25128403306007385 1571
1690134632070 0.251277893781662 1572
1690134632086 0.2512718141078949 1573
1690134632110 0.2512657046318054 1574
1690134632126 0.2512596845626831 1575
1690134632150 0.2512536346912384 1576
1690134632166 0.2512476444244385 1577
1690134632182 0.25124168395996094 1578
1690134632206 0.2512357234954834 1579
1690134632222 0.25122982263565063 1580
1690134632238 0.25122392177581787 1581
1690134632262 0.2512180507183075 1582
1690134632278 0.2512122392654419 1583
1690134632302 0.2512063980102539 1584
1690134632319 0.2512006461620331 1585
1690134632343 0.25119489431381226 1586
1690134632359 0.2511891722679138 1587
1690134632383 0.2511834502220154 1588
1690134632399 0.25117775797843933 1589
1690134632415 0.25117212533950806 1590
1690134632439 0.2511664927005768 1591
1690134632455 0.2511608898639679 1592
1690134632471 0.2511553168296814 1593
1690134632487 0.2511497735977173 1594
1690134632511 0.25114426016807556 1595
1690134632527 0.2511387765407562 1596
1690134632543 0.2511332631111145 1597
1690134632559 0.25112780928611755 1598
1690134632583 0.2511224150657654 1599
1690134632599 0.2511170208454132 1600
1690134632615 0.2511116564273834 1601
1690134632631 0.25110629200935364 1602
1690134632655 0.25110098719596863 1603
1690134632671 0.2510956823825836 1604
1690134632687 0.251090407371521 1605
1690134632703 0.25108516216278076 1606
1690134632727 0.2510799467563629 1607
1690134632743 0.2510747015476227 1608
1690134632759 0.2510695457458496 1609
1690134632775 0.25106438994407654 1610
1690134632799 0.25105926394462585 1611
1690134632815 0.25105416774749756 1612
1690134632831 0.25104907155036926 1613
1690134632855 0.25104403495788574 1614
1690134632871 0.25103896856307983 1615
1690134632887 0.2510339617729187 1616
1690134632911 0.25102898478507996 1617
1690134632927 0.2510240077972412 1618
1690134632952 0.25101909041404724 1619
1690134632968 0.25101417303085327 1620
1690134632984 0.2510092556476593 1621
1690134633008 0.2510043680667877 1622
1690134633024 0.2509995400905609 1623
1690134633048 0.2509947121143341 1624
1690134633064 0.2509899139404297 1625
1690134633088 0.25098514556884766 1626
1690134633104 0.25098034739494324 1627
1690134633120 0.2509756088256836 1628
1690134633136 0.25097090005874634 1629
1690134633160 0.2509661912918091 1630
1690134633176 0.2509615421295166 1631
1690134633192 0.2509568929672241 1632
1690134633216 0.25095227360725403 1633
1690134633232 0.25094765424728394 1634
1690134633250 0.25094306468963623 1635
1690134633272 0.2509384751319885 1636
1690134633288 0.250933974981308 1637
1690134633312 0.25092944502830505 1638
1690134633328 0.2509249448776245 1639
1690134633352 0.25092044472694397 1640
1690134633376 0.2509159743785858 1641
1690134633392 0.25091156363487244 1642
1690134633408 0.25090715289115906 1643
1690134633432 0.2509027421474457 1644
1690134633450 0.2508983612060547 1645
1690134633472 0.2508940100669861 1646
1690134633488 0.2508896589279175 1647
1690134633504 0.25088536739349365 1648
1690134633528 0.25088104605674744 1649
1690134633544 0.250876784324646 1650
1690134633560 0.25087255239486694 1651
1690134633584 0.2508683204650879 1652
1690134633600 0.25086408853530884 1653
1690134633616 0.25085991621017456 1654
1690134633641 0.2508557140827179 1655
1690134633657 0.2508515417575836 1656
1690134633673 0.2508474290370941 1657
1690134633697 0.2508433163166046 1658
1690134633713 0.2508392035961151 1659
1690134633729 0.250835120677948 1660
1690134633753 0.25083106756210327 1661
1690134633769 0.25082704424858093 1662
1690134633785 0.2508230209350586 1663
1690134633809 0.25081902742385864 1664
1690134633833 0.2508150339126587 1665
1690134633850 0.2508111000061035 1666
1690134633865 0.25080713629722595 1667
1690134633889 0.2508032023906708 1668
1690134633905 0.250799298286438 1669
1690134633921 0.2507954239845276 1670
1690134633937 0.2507915496826172 1671
1690134633961 0.2507877051830292 1672
1690134633977 0.25078386068344116 1673
1690134634002 0.25078004598617554 1674
1690134634017 0.2507762610912323 1675
1690134634033 0.25077247619628906 1676
1690134634057 0.2507687211036682 1677
1690134634073 0.25076496601104736 1678
1690134634089 0.2507612407207489 1679
1690134634105 0.2507575452327728 1680
1690134634129 0.25075384974479675 1681
1690134634145 0.25075018405914307 1682
1690134634162 0.25074654817581177 1683
1690134634186 0.25074291229248047 1684
1690134634202 0.25073930621147156 1685
1690134634218 0.25073567032814026 1686
1690134634234 0.25073209404945374 1687
1690134634258 0.2507285475730896 1688
1690134634274 0.2507249712944031 1689
1690134634290 0.25072145462036133 1690
1690134634306 0.2507179379463196 1691
1690134634330 0.25071442127227783 1692
1690134634351 0.25071096420288086 1693
1690134634362 0.2507075071334839 1694
1690134634386 0.2507040500640869 1695
1690134634402 0.25070062279701233 1696
1690134634418 0.25069719552993774 1697
1690134634459 0.25069379806518555 1698
1690134634507 0.25069043040275574 1699
1690134634527 0.2506870627403259 1700
1690134634551 0.2506837248802185 1701
1690134634567 0.2506803572177887 1702
1690134634583 0.25067704916000366 1703
1690134634607 0.25067374110221863 1704
1690134634623 0.25067049264907837 1705
1690134634647 0.2506672143936157 1706
1690134634663 0.2506639361381531 1707
1690134634687 0.2506607174873352 1708
1690134634703 0.25065749883651733 1709
1690134634719 0.25065428018569946 1710
1690134634735 0.250651091337204 1711
1690134634751 0.2506479024887085 1712
1690134634775 0.2506447434425354 1713
1690134634791 0.2506416141986847 1714
1690134634807 0.2506384551525116 1715
1690134634831 0.25063538551330566 1716
1690134634851 0.25063228607177734 1717
1690134634863 0.250629186630249 1718
1690134634887 0.2506261169910431 1719
1690134634903 0.25062307715415955 1720
1690134634919 0.250620037317276 1721
1690134634943 0.25061699748039246 1722
1690134634959 0.2506139874458313 1723
1690134634983 0.25061100721359253 1724
1690134634999 0.25060802698135376 1725
1690134635015 0.250605046749115 1726
1690134635039 0.250602126121521 1727
1690134635055 0.2505991458892822 1728
1690134635072 0.2505962550640106 1729
1690134635096 0.250593364238739 1730
1690134635115 0.250590443611145 1731
1690134635128 0.2505875825881958 1732
1690134635152 0.2505846917629242 1733
1690134635168 0.25058186054229736 1734
1690134635184 0.25057899951934814 1735
1690134635200 0.2505761981010437 1736
1690134635224 0.25057339668273926 1737
1690134635240 0.2505705952644348 1738
1690134635264 0.25056779384613037 1739
1690134635280 0.2505650520324707 1740
1690134635296 0.25056228041648865 1741
1690134635320 0.250559538602829 1742
1690134635336 0.2505567967891693 1743
1690134635352 0.25055408477783203 1744
1690134635376 0.2505514323711395 1745
1690134635392 0.25054875016212463 1746
1690134635408 0.25054603815078735 1747
1690134635432 0.25054341554641724 1748
1690134635452 0.25054073333740234 1749
1690134635472 0.2505381107330322 1750
1690134635488 0.2505354881286621 1751
1690134635504 0.2505328953266144 1752
1690134635528 0.25053027272224426 1753
1690134635544 0.2505277097225189 1754
1690134635560 0.2505251467227936 1755
1690134635584 0.25052258372306824 1756
1690134635600 0.2505200505256653 1757
1690134635616 0.25051751732826233 1758
1690134635632 0.2505149841308594 1759
1690134635656 0.2505124807357788 1760
1690134635672 0.25051000714302063 1761
1690134635704 0.25050753355026245 1762
1690134635720 0.2505050599575043 1763
1690134635744 0.2505025863647461 1764
1690134635761 0.2505001723766327 1765
1690134635777 0.2504976987838745 1766
1690134635801 0.2504953145980835 1767
1690134635817 0.2504929006099701 1768
1690134635833 0.2504904866218567 1769
1690134635853 0.25048813223838806 1770
1690134635873 0.25048574805259705 1771
1690134635889 0.2504833936691284 1772
1690134635905 0.2504810392856598 1773
1690134635921 0.25047868490219116 1774
1690134635945 0.2504763901233673 1775
1690134635961 0.25047406554222107 1776
1690134635977 0.2504717707633972 1777
1690134636001 0.25046947598457336 1778
1690134636017 0.2504672110080719 1779
1690134636033 0.25046491622924805 1780
1690134636057 0.25046268105506897 1781
1690134636073 0.2504604458808899 1782
1690134636097 0.2504582107067108 1783
1690134636113 0.2504560053348541 1784
1690134636137 0.25045379996299744 1785
1690134636153 0.25045159459114075 1786
1690134636169 0.25044941902160645 1787
1690134636193 0.25044724345207214 1788
1690134636210 0.25044503808021545 1789
1690134636226 0.2504429221153259 1790
1690134636241 0.2504407465457916 1791
1690134636266 0.2504386305809021 1792
1690134636282 0.2504365146160126 1793
1690134636298 0.25043439865112305 1794
1690134636314 0.2504323124885559 1795
1690134636338 0.2504301965236664 1796
1690134636354 0.25042811036109924 1797
1690134636370 0.2504260838031769 1798
1690134636394 0.25042399764060974 1799
1690134636410 0.250421941280365 1800
1690134636426 0.250419944524765 1801
1690134636442 0.25041791796684265 1802
1690134636466 0.2504158914089203 1803
1690134636490 0.2504138648509979 1804
1690134636506 0.25041186809539795 1805
1690134636522 0.25040990114212036 1806
1690134636538 0.2504079341888428 1807
1690134636562 0.2504059672355652 1808
1690134636578 0.2504040002822876 1809
1690134636594 0.2504020929336548 1810
1690134636618 0.2504001557826996 1811
1690134636634 0.2503982186317444 1812
1690134636654 0.2503962814807892 1813
1690134636674 0.25039440393447876 1814
1690134636690 0.25039249658584595 1815
1690134636706 0.2503906190395355 1816
1690134636722 0.2503887414932251 1817
1690134636746 0.25038689374923706 1818
1690134636762 0.25038501620292664 1819
1690134636786 0.250383198261261 1820
1690134636802 0.25038135051727295 1821
1690134636826 0.2503795325756073 1822
1690134636843 0.25037768483161926 1823
1690134636867 0.2503758668899536 1824
1690134636883 0.25037407875061035 1825
1690134636899 0.2503722906112671 1826
1690134636923 0.25037050247192383 1827
1690134636939 0.25036874413490295 1828
1690134636954 0.2503669857978821 1829
1690134636978 0.2503652274608612 1830
1690134636994 0.2503634989261627 1831
1690134637010 0.25036174058914185 1832
1690134637034 0.25036001205444336 1833
1690134637055 0.25035831332206726 1834
1690134637067 0.2503565847873688 1835
1690134637091 0.2503548860549927 1836
1690134637107 0.2503531873226166 1837
1690134637131 0.25035151839256287 1838
1690134637147 0.25034984946250916 1839
1690134637171 0.25034818053245544 1840
1690134637187 0.2503465414047241 1841
1690134637203 0.2503448724746704 1842
1690134637227 0.2503432631492615 1843
1690134637243 0.25034162402153015 1844
1690134637267 0.2503400146961212 1845
1690134637283 0.2503384053707123 1846
1690134637299 0.25033676624298096 1847
1690134637323 0.2503351867198944 1848
1690134637339 0.25033360719680786 1849
1690134637355 0.2503320276737213 1850
1690134637379 0.25033044815063477 1851
1690134637395 0.2503288686275482 1852
1690134637411 0.25032731890678406 1853
1690134637435 0.2503257989883423 1854
1690134637451 0.2503242492675781 1855
1690134637467 0.25032269954681396 1856
1690134637491 0.2503212094306946 1857
1690134637507 0.2503196597099304 1858
1690134637531 0.25031816959381104 1859
1690134637563 0.25031667947769165 1860
1690134637587 0.25031518936157227 1861
1690134637611 0.2503136694431305 1862
1690134637643 0.2503122389316559 1863
1690134637660 0.2503107488155365 1864
1690134637684 0.2503092885017395 1865
1690134637700 0.2503078281879425 1866
1690134637716 0.2503063976764679 1867
1690134637732 0.2503049671649933 1868
1690134637755 0.2503035366535187 1869
1690134637771 0.25030210614204407 1870
1690134637787 0.25030070543289185 1871
1690134637811 0.25029927492141724 1872
1690134637827 0.250297874212265 1873
1690134637843 0.2502964735031128 1874
1690134637860 0.25029510259628296 1875
1690134637884 0.2502937316894531 1876
1690134637900 0.2502923607826233 1877
1690134637916 0.25029098987579346 1878
1690134637940 0.250289648771286 1879
1690134637955 0.2502882778644562 1880
1690134637971 0.25028693675994873 1881
1690134637987 0.25028562545776367 1882
1690134638011 0.2502842843532562 1883
1690134638027 0.25028297305107117 1884
1690134638043 0.2502816915512085 1885
1690134638068 0.25028038024902344 1886
1690134638084 0.2502790689468384 1887
1690134638100 0.2502777576446533 1888
1690134638124 0.25027650594711304 1889
1690134638148 0.25027522444725037 1890
1690134638164 0.2502739429473877 1891
1690134638180 0.250272661447525 1892
1690134638204 0.25027140974998474 1893
1690134638220 0.25027015805244446 1894
1690134638236 0.2502689063549042 1895
1690134638256 0.2502676844596863 1896
1690134638276 0.2502664625644684 1897
1690134638300 0.2502652108669281 1898
1690134638316 0.2502640187740326 1899
1690134638332 0.2502627968788147 1900
1690134638348 0.2502615749835968 1901
1690134638372 0.2502603828907013 1902
1690134638388 0.2502591907978058 1903
1690134638404 0.2502579987049103 1904
1690134638428 0.25025683641433716 1905
1690134638444 0.25025567412376404 1906
1690134638460 0.25025448203086853 1907
1690134638484 0.2502533495426178 1908
1690134638500 0.2502521872520447 1909
1690134638516 0.25025102496147156 1910
1690134638532 0.2502498924732208 1911
1690134638556 0.2502487599849701 1912
1690134638572 0.25024762749671936 1913
1690134638588 0.25024649500846863 1914
1690134638612 0.2502453625202179 1915
1690134638628 0.25024425983428955 1916
1690134638652 0.2502431571483612 1917
1690134638668 0.25024205446243286 1918
1690134638684 0.2502409517765045 1919
1690134638700 0.25023987889289856 1920
1690134638724 0.2502388060092926 1921
1690134638740 0.25023773312568665 1922
1690134638764 0.2502366304397583 1923
1690134638780 0.25023558735847473 1924
1690134638796 0.2502345144748688 1925
1690134638820 0.2502334415912628 1926
1690134638836 0.25023242831230164 1927
1690134638852 0.2502313554286957 1928
1690134638868 0.2502303421497345 1929
1690134638892 0.2502292990684509 1930
1690134638908 0.25022825598716736 1931
1690134638924 0.2502272427082062 1932
1690134638948 0.250226229429245 1933
1690134638964 0.2502252161502838 1934
1690134638980 0.250224232673645 1935
1690134639004 0.25022321939468384 1936
1690134639020 0.25022223591804504 1937
1690134639036 0.25022125244140625 1938
1690134639056 0.25022026896476746 1939
1690134639076 0.25021928548812866 1940
1690134639092 0.25021830201148987 1941
1690134639116 0.25021734833717346 1942
1690134639132 0.25021639466285706 1943
1690134639156 0.25021541118621826 1944
1690134639180 0.25021445751190186 1945
1690134639196 0.25021353363990784 1946
1690134639220 0.25021257996559143 1947
1690134639236 0.2502116560935974 1948
1690134639256 0.250210702419281 1949
1690134639276 0.2502098083496094 1950
1690134639292 0.25020888447761536 1951
1690134639316 0.25020796060562134 1952
1690134639332 0.2502070367336273 1953
1690134639356 0.2502061426639557 1954
1690134639372 0.25020524859428406 1955
1690134639388 0.2502043545246124 1956
1690134639412 0.2502034604549408 1957
1690134639432 0.25020259618759155 1958
1690134639445 0.2502017021179199 1959
1690134639469 0.2502008080482483 1960
1690134639485 0.25019994378089905 1961
1690134639501 0.2501990795135498 1962
1690134639525 0.25019821524620056 1963
1690134639541 0.2501973509788513 1964
1690134639565 0.25019651651382446 1965
1690134639581 0.2501956522464752 1966
1690134639605 0.25019481778144836 1967
1690134639621 0.2501939833164215 1968
1690134639637 0.25019311904907227 1969
1690134639657 0.2501923143863678 1970
1690134639677 0.25019147992134094 1971
1690134639693 0.2501906752586365 1972
1690134639717 0.2501898407936096 1973
1690134639741 0.25018900632858276 1974
1690134639757 0.2501882016658783 1975
1690134639781 0.25018739700317383 1976
1690134639797 0.25018662214279175 1977
1690134639813 0.2501858174800873 1978
1690134639837 0.2501850128173828 1979
1690134639857 0.25018423795700073 1980
1690134639877 0.25018346309661865 1981
1690134639893 0.2501826882362366 1982
1690134639917 0.2501818835735321 1983
1690134639933 0.2501811385154724 1984
1690134639949 0.25018036365509033 1985
1690134639973 0.25017958879470825 1986
1690134639989 0.25017884373664856 1987
1690134640005 0.25017809867858887 1988
1690134640021 0.2501773536205292 1989
1690134640045 0.2501765787601471 1990
1690134640061 0.2501758635044098 1991
1690134640085 0.2501751184463501 1992
1690134640101 0.2501743733882904 1993
1690134640117 0.2501736581325531 1994
1690134640133 0.2501729428768158 1995
1690134640157 0.2501721978187561 1996
1690134640181 0.2501715123653412 1997
1690134640197 0.2501707673072815 1998
1690134640213 0.2501700818538666 1999
1690134670544 0.2501693585418039 0
