1690146460380 1.7677733898162842 0
1690146460707 1.0314280986785889 1
1690146461005 1.0494109392166138 2
1690146461485 0.7403542399406433 3
1690146461987 0.7259625792503357 4
1690146462352 0.6661737561225891 5
1690146462794 0.5864683985710144 6
1690146463127 0.512511134147644 7
1690146463618 0.4060406982898712 8
1690146464034 0.3322204649448395 9
1690146464410 0.27555015683174133 10
1690146464903 0.23563289642333984 11
1690146465469 0.2736504077911377 12
1690146465812 0.16732336580753326 13
1690146466149 0.20963558554649353 14
1690146466483 0.15563422441482544 15
1690146466853 0.12788189947605133 16
1690146467341 0.09629607945680618 17
1690146467716 0.0538279265165329 18
1690146468018 0.1388573944568634 19
1690146468354 0.10425781458616257 20
1690146468727 0.1159905269742012 21
1690146469058 0.07803984731435776 22
1690146469387 0.1062893494963646 23
1690146469786 0.0843181163072586 24
1690146470183 0.059635087847709656 25
1690146470733 0.11992913484573364 26
1690146471122 0.07436231523752213 27
1690146471447 0.08558771759271622 28
1690146471799 0.11926963180303574 29
1690146472124 0.08784351497888565 30
1690146472454 0.03632815554738045 31
1690146472818 0.02272026240825653 32
1690146473143 0.0965585857629776 33
1690146473488 0.01778082363307476 34
1690146473848 0.04761848971247673 35
1690146474244 0.10022399574518204 36
1690146474529 0.05629490315914154 37
1690146474903 0.026838310062885284 38
1690146475244 0.05847711116075516 39
1690146475608 0.05779103934764862 40
1690146476046 0.024602506309747696 41
1690146476430 0.07003995031118393 42
1690146476813 0.046210877597332 43
1690146477208 0.014356408268213272 44
1690146477634 0.04620273411273956 45
1690146477971 0.04865497723221779 46
1690146478349 0.03881680965423584 47
1690146478640 0.02788042277097702 48
1690146478996 0.023808903992176056 49
