1690135124318 0.5109411478042603 0
1690135124366 0.4971945583820343 1
1690135124390 0.48491910099983215 2
1690135124414 0.47406038641929626 3
1690135124446 0.46430543065071106 4
1690135124462 0.4551432132720947 5
1690135124486 0.4460740089416504 6
1690135124502 0.4367815852165222 7
1690135124518 0.4271296560764313 8
1690135124542 0.4170886278152466 9
1690135124566 0.40668219327926636 10
1690135124646 0.3959609866142273 11
1690135124670 0.3849901258945465 12
1690135124686 0.3738410472869873 13
1690135124702 0.36258456110954285 14
1690135124726 0.3512841463088989 15
1690135124750 0.3399904668331146 16
1690135124774 0.3287384808063507 17
1690135124790 0.31754744052886963 18
1690135124814 0.30642271041870117 19
1690135124830 0.2953576445579529 20
1690135124854 0.28433531522750854 21
1690135124878 0.27332913875579834 22
1690135124894 0.26230543851852417 23
1690135124918 0.2512274384498596 24
1690135124942 0.24006319046020508 25
1690135124974 0.22879627346992493 26
1690135124998 0.21743988990783691 27
1690135125014 0.20605099201202393 28
1690135125038 0.19474148750305176 29
1690135125062 0.1836780160665512 30
1690135125086 0.17306259274482727 31
1690135125102 0.1630871295928955 32
1690135125134 0.15386590361595154 33
1690135125158 0.14536985754966736 34
1690135125182 0.13740836083889008 35
1690135125206 0.1296992301940918 36
1690135125391 0.12200812995433807 37
1690135125415 0.11426755040884018 38
1690135125439 0.1065983697772026 39
1690135125471 0.09923585504293442 40
1690135125495 0.0924125611782074 41
1690135125519 0.08625316619873047 42
1690135125543 0.08072529733181 43
1690135125567 0.07566992938518524 44
1690135125599 0.07089399546384811 45
1690135125623 0.06626608967781067 46
1690135125639 0.061759497970342636 47
1690135125663 0.05743379890918732 48
1690135125687 0.05338222533464432 49
1690135125719 0.04967780411243439 50
1690135125743 0.04634161293506622 51
1690135125767 0.04334091767668724 52
1690135125783 0.04061051085591316 53
1690135125807 0.03808201476931572 54
1690135125831 0.035706713795661926 55
1690135125863 0.03346400707960129 56
1690135125887 0.03135645017027855 57
1690135125919 0.02939777635037899 58
1690135125943 0.02760041505098343 59
1690135125967 0.025967098772525787 60
1690135125983 0.024488281458616257 61
1690135125999 0.023144736886024475 62
1690135126023 0.021913202479481697 63
1690135126039 0.020772183313965797 64
1690135126063 0.019706010818481445 65
1690135126085 0.018706073984503746 66
1690135126103 0.017769409343600273 67
1690135126119 0.016896063461899757 68
1690135126135 0.016086433082818985 69
1690135126159 0.015339292585849762 70
1690135126183 0.014651220291852951 71
1690135126199 0.014016937464475632 72
1690135126215 0.013430176302790642 73
1690135126239 0.012884607538580894 74
1690135126255 0.012374724261462688 75
1690135126279 0.011896136216819286 76
1690135126295 0.011445763520896435 77
1690135126319 0.011021514423191547 78
1690135126335 0.010622057132422924 79
1690135126359 0.010246376506984234 80
1690135126383 0.009893504902720451 81
1690135126399 0.009562323801219463 82
1690135126415 0.009251488372683525 83
1690135126439 0.008959433063864708 84
1690135126455 0.008684485219419003 85
1690135126479 0.008424981497228146 86
1690135126495 0.008179379627108574 87
1690135126519 0.007946324534714222 88
1690135126535 0.007724744267761707 89
1690135126551 0.007513713091611862 90
1690135126567 0.007312575355172157 91
1690135126591 0.007120768539607525 92
1690135126615 0.006937841884791851 93
1690135126631 0.006763367913663387 94
1690135126647 0.0065969135612249374 95
1690135126671 0.0064380234107375145 96
1690135126687 0.006286263465881348 97
1690135126711 0.006141136400401592 98
1690135126727 0.006002172362059355 99
1690135126743 0.005868956446647644 100
1690135126776 0.005741068162024021 101
1690135126800 0.005618146620690823 102
1690135127163 0.005499868653714657 103
1690135127193 0.005385962780565023 104
1690135127209 0.005276198964565992 105
1690135127233 0.005170334130525589 106
1690135127257 0.0050682020373642445 107
1690135127281 0.004969634115695953 108
1690135127329 0.004874453414231539 109
1690135127353 0.004782506264746189 110
1690135127385 0.004693649243563414 111
1690135127401 0.004607716109603643 112
1690135127425 0.00452454574406147 113
1690135127441 0.004444018937647343 114
1690135127465 0.004366004373878241 115
1690135127484 0.004290350247174501 116
1690135127505 0.004216948989778757 117
1690135127521 0.004145704675465822 118
1690135127545 0.004076494835317135 119
1690135127569 0.004009254276752472 120
1690135127585 0.003943891264498234 121
1690135127609 0.0038803238421678543 122
1690135127625 0.0038184858858585358 123
1690135127641 0.0037583003286272287 124
1690135127665 0.0036997259594500065 125
1690135127684 0.003642695490270853 126
1690135127705 0.00358712300658226 127
1690135127721 0.003532986156642437 128
1690135127745 0.0034802183508872986 129
1690135127761 0.003428757656365633 130
1690135127785 0.0033785535488277674 131
1690135127801 0.003329579485580325 132
1690135127833 0.003281771671026945 133
1690135127857 0.0032350842375308275 134
1690135127873 0.0031895069405436516 135
1690135127897 0.0031449683010578156 136
1690135127913 0.0031014455016702414 137
1690135127937 0.0030589066445827484 138
1690135127961 0.003017321228981018 139
1690135127985 0.0029766615480184555 140
1690135128009 0.0029368859250098467 141
1690135128025 0.002897977363318205 142
1690135128041 0.0028599058277904987 143
1690135128065 0.002822635229676962 144
1690135128085 0.0027861616108566523 145
1690135128105 0.002750437706708908 146
1690135128121 0.002715466544032097 147
1690135128145 0.0026812131982296705 148
1690135128161 0.0026476432103663683 149
1690135128185 0.0026147570461034775 150
1690135128201 0.0025825134944170713 151
1690135128225 0.002550926059484482 152
1690135128241 0.0025199491064995527 153
1690135128265 0.0024895784445106983 154
1690135128285 0.002459778916090727 155
1690135128306 0.0024305616971105337 156
1690135128321 0.0024018902331590652 157
1690135128345 0.0023737738374620676 158
1690135128361 0.0023461650125682354 159
1690135128385 0.002319074934348464 160
1690135128401 0.002292472869157791 161
1690135128425 0.002266370691359043 162
1690135128449 0.002240740228444338 163
1690135128465 0.0022155526094138622 164
1690135128490 0.0021908264607191086 165
1690135128506 0.0021665499079972506 166
1690135128530 0.0021426870953291655 167
1690135128546 0.002119242213666439 168
1690135128570 0.0020961943082511425 169
1690135128586 0.002073551993817091 170
1690135128602 0.002051296643912792 171
1690135128626 0.0020294233690947294 172
1690135128642 0.002007915172725916 173
1690135128666 0.001986767863854766 174
1690135128686 0.001965963514521718 175
1690135128706 0.0019455155124887824 176
1690135128722 0.0019253925420343876 177
1690135128746 0.0019056051969528198 178
1690135128762 0.0018861371790990233 179
1690135128786 0.001866987207904458 180
1690135128802 0.0018481372389942408 181
1690135128818 0.0018295845948159695 182
1690135128842 0.0018113416153937578 183
1690135128858 0.0017933619674295187 184
1690135128886 0.0017756714951246977 185
1690135128898 0.001758267404511571 186
1690135128922 0.001741116400808096 187
1690135128938 0.0017242452595382929 188
1690135128962 0.0017076206859201193 189
1690135128986 0.001691238721832633 190
1690135129002 0.0016751110088080168 191
1690135129018 0.0016592337051406503 192
1690135129042 0.0016435880679637194 193
1690135129066 0.0016281697899103165 194
1690135129086 0.0016129908617585897 195
1690135129106 0.0015980165917426348 196
1690135129122 0.0015832737553864717 197
1690135129146 0.0015687295235693455 198
1690135129162 0.0015544102061539888 199
