1690133369080 0.5009667873382568 0
1690133369136 0.5002580881118774 1
1690133369160 0.4997453987598419 2
1690133369178 0.4993169605731964 3
1690133369200 0.4989372193813324 4
1690133369216 0.4985896348953247 5
1690133369232 0.4982650876045227 6
1690133369256 0.4979577362537384 7
1690133369278 0.49766382575035095 8
1690133369296 0.4973806142807007 9
1690133369312 0.4971061646938324 10
1690133369328 0.49683889746665955 11
1690133369352 0.4965776801109314 12
1690133369368 0.49632155895233154 13
1690133369392 0.4960697591304779 14
1690133369408 0.4958217144012451 15
1690133369504 0.4955768585205078 16
1690133369520 0.49533477425575256 17
1690133369536 0.49509507417678833 18
1690133369560 0.49485746026039124 19
1690133369584 0.4946216344833374 20
1690133369600 0.49438732862472534 21
1690133369624 0.49415433406829834 22
1690133369640 0.49392247200012207 23
1690133369665 0.49369150400161743 24
1690133369681 0.4934612512588501 25
1690133369705 0.4932316243648529 26
1690133369721 0.49300241470336914 27
1690133369745 0.49277353286743164 28
1690133369761 0.4925447702407837 29
1690133369778 0.4923160672187805 30
1690133369801 0.4920874536037445 31
1690133369817 0.49185875058174133 32
1690133369833 0.4916298985481262 33
1690133369857 0.49140092730522156 34
1690133369879 0.4911717474460602 35
1690133369897 0.49094244837760925 36
1690133369913 0.49071285128593445 37
1690133369937 0.4904831051826477 38
1690133369961 0.4902530312538147 39
1690133369978 0.49002277851104736 40
1690133370001 0.4897922873497009 41
1690133370017 0.4895615577697754 42
1690133370033 0.4893305003643036 43
1690133370057 0.4890992045402527 44
1690133370080 0.4888676702976227 45
1690133370097 0.4886358678340912 46
1690133370113 0.4884037971496582 47
1690133370129 0.48817142844200134 48
1690133370298 0.4879387319087982 49
1690133370322 0.4877058267593384 50
1690133370346 0.48747265338897705 51
1690133370362 0.48723915219306946 52
1690133370379 0.487005352973938 53
1690133370402 0.48677125573158264 54
1690133370418 0.4865368902683258 55
1690133370438 0.4863022565841675 56
1690133370458 0.48606735467910767 57
1690133370479 0.4858320951461792 58
1690133370498 0.48559659719467163 59
1690133370514 0.4853608012199402 60
1690133370530 0.4851246476173401 61
1690133370554 0.4848882555961609 62
1690133370579 0.4846515655517578 63
1690133370610 0.48441457748413086 64
1690133370626 0.48417729139328003 65
1690133370650 0.4839397072792053 66
1690133370679 0.48370182514190674 67
1690133370706 0.48346367478370667 68
1690133370730 0.4832252264022827 69
1690133370747 0.4829864501953125 70
1690133370771 0.4827474355697632 71
1690133370787 0.4825080633163452 72
1690133370811 0.48226842284202576 73
1690133370827 0.4820285439491272 74
1690133370843 0.4817882776260376 75
1690133370867 0.4815477728843689 76
1690133370883 0.4813069701194763 77
1690133370907 0.48106586933135986 78
1690133370923 0.4808245003223419 79
1690133370947 0.4805828034877777 80
1690133370963 0.4803408086299896 81
1690133370979 0.48009854555130005 82
1690133371004 0.479856014251709 83
1690133371019 0.47961315512657166 84
1690133371043 0.4793700575828552 85
1690133371059 0.47912663221359253 86
1690133371083 0.47888290882110596 87
1690133371100 0.4786389172077179 88
1690133371124 0.47839462757110596 89
1690133371140 0.4781500995159149 90
1690133371164 0.4779052138328552 91
1690133371180 0.47766008973121643 92
1690133371196 0.47741469740867615 93
1690133371220 0.4771689772605896 94
1690133371236 0.4769229590892792 95
1690133371260 0.47667670249938965 96
1690133371280 0.47643014788627625 97
1690133371300 0.47618329524993896 98
1690133371316 0.4759361743927002 99
1690133371332 0.47568875551223755 100
1690133371348 0.4754410684108734 101
1690133371372 0.4751931130886078 102
1690133371396 0.4749448299407959 103
1690133371412 0.4746963381767273 104
1690133371428 0.4744475185871124 105
1690133371480 0.47419843077659607 106
1690133371509 0.4739490747451782 107
1690133371533 0.4736994206905365 108
1690133371559 0.4734495282173157 109
1690133371573 0.47319936752319336 110
1690133371589 0.4729488790035248 111
1690133371605 0.4726981520652771 112
1690133371630 0.47244712710380554 113
1690133371900 0.4721958339214325 114
1690133371916 0.47194427251815796 115
1690133371940 0.47169244289398193 116
1690133371956 0.4714403450489044 117
1690133371980 0.4711880087852478 118
1690133371996 0.4709353744983673 119
1690133372020 0.47068244218826294 120
1690133372044 0.47042930126190186 121
1690133372060 0.4701758325099945 122
1690133372080 0.46992212533950806 123
1690133372100 0.4696681499481201 124
1690133372116 0.4694139361381531 125
1690133372140 0.46915942430496216 126
1690133372156 0.46890464425086975 127
1690133372181 0.46864962577819824 128
1690133372197 0.46839430928230286 129
1690133372213 0.46813878417015076 130
1690133372237 0.4678829312324524 131
1690133372253 0.4676268696784973 132
1690133372277 0.46737051010131836 133
1690133372293 0.4671139717102051 134
1690133372317 0.46685707569122314 135
1690133372333 0.4665999710559845 136
1690133372349 0.46634262800216675 137
1690133372373 0.4660849869251251 138
1690133372389 0.4658271074295044 139
1690133372413 0.4655689597129822 140
1690133372445 0.46531057357788086 141
1690133372461 0.46505194902420044 142
1690133372493 0.46479302644729614 143
1690133372509 0.4645339250564575 144
1690133372525 0.464274525642395 145
1690133372549 0.4640148878097534 146
1690133372565 0.4637549817562103 147
1690133372589 0.4634948968887329 148
1690133372605 0.46323445439338684 149
1690133372629 0.46297386288642883 150
1690133372645 0.46271294355392456 151
1690133372661 0.46245184540748596 152
1690133372685 0.4621904790401459 153
1690133372709 0.4619289040565491 154
1690133372733 0.4616670608520508 155
1690133372749 0.461404949426651 156
1690133372765 0.4611426293849945 157
1690133372789 0.4608800411224365 158
1690133372813 0.4606172740459442 159
1690133372829 0.46035417914390564 160
1690133372845 0.4600909352302551 161
1690133372861 0.4598274230957031 162
1690133372885 0.459563672542572 163
1690133372901 0.4592996835708618 164
1690133372917 0.4590354859828949 165
1690133372933 0.4587710499763489 166
1690133372949 0.45850634574890137 167
1690133372973 0.45824143290519714 168
1690133372989 0.4579762816429138 169
1690133373013 0.45771095156669617 170
1690133373029 0.457445353269577 171
1690133373045 0.45717954635620117 172
1690133373061 0.4569135010242462 173
1690133373081 0.45664721727371216 174
1690133373101 0.4563807547092438 175
1690133373117 0.4561140537261963 176
1690133373133 0.4558471143245697 177
1690133373157 0.4555799663066864 178
1690133373181 0.455312579870224 179
1690133373198 0.45504501461982727 180
1690133373213 0.45477718114852905 181
1690133373237 0.4545091688632965 182
1690133373253 0.45424091815948486 183
1690133373269 0.4539724886417389 184
1690133373293 0.4537038207054138 185
1690133373309 0.45343494415283203 186
1690133373325 0.45316585898399353 187
1690133373349 0.4528965950012207 188
1690133373365 0.45262712240219116 189
1690133373381 0.4523574113845825 190
1690133373405 0.4520874619483948 191
1690133373421 0.4518173635005951 192
1690133373437 0.4515470266342163 193
1690133373461 0.4512764811515808 194
1690133373477 0.4510057866573334 195
1690133373494 0.45073485374450684 196
1690133373518 0.45046374201774597 197
1690133373534 0.4501924216747284 198
1690133373558 0.4499208927154541 199
1690133373574 0.4496491551399231 200
1690133373590 0.44937723875045776 201
1690133373614 0.4491051733493805 202
1690133373630 0.44883283972740173 203
1690133373654 0.44856035709381104 204
1690133373686 0.448287695646286 205
1690133373710 0.4480148255825043 206
1690133373742 0.4477417469024658 207
1690133373774 0.44746851921081543 208
1690133373806 0.4471951127052307 209
1690133373846 0.4469214677810669 210
1690133373870 0.4466477036476135 211
1690133373894 0.44637370109558105 212
1690133373910 0.44609951972961426 213
1690133373934 0.4458252191543579 214
1690133373958 0.44555068016052246 215
1690133373982 0.4452759921550751 216
1690133374006 0.44500112533569336 217
1690133374030 0.4447261095046997 218
1690133374062 0.44445088505744934 219
1690133374082 0.4441755414009094 220
1690133374110 0.4438999593257904 221
1690133374126 0.44362425804138184 222
1690133374634 0.44334834814071655 223
1690133374648 0.4430723190307617 224
1690133374673 0.4427960515022278 225
1690133374689 0.4425197243690491 226
1690133374713 0.44224315881729126 227
1690133374729 0.4419664144515991 228
1690133374745 0.44168955087661743 229
1690133374769 0.4414125084877014 230
1690133374785 0.44113534688949585 231
1690133374809 0.44085800647735596 232
1690133374833 0.44058048725128174 233
1690133374849 0.44030284881591797 234
1690133374873 0.44002506136894226 235
1690133374889 0.4397470951080322 236
1690133374913 0.43946900963783264 237
1690133374937 0.4391907751560211 238
1690133374961 0.43891239166259766 239
1690133374985 0.43863385915756226 240
1690133375009 0.43835514783859253 241
1690133375025 0.43807634711265564 242
1690133375057 0.4377973973751068 243
1690133375083 0.43751829862594604 244
1690133375105 0.43723902106285095 245
1690133375129 0.4369596242904663 246
1690133375153 0.4366801083087921 247
1690133375185 0.43640047311782837 248
1690133375225 0.4361207187175751 249
1690133375258 0.43584078550338745 250
1690133375290 0.43556076288223267 251
1690133375314 0.43528056144714355 252
1690133375338 0.43500030040740967 253
1690133375362 0.43471986055374146 254
1690133375386 0.4344393312931061 255
1690133375402 0.43415868282318115 256
1690133375426 0.4338778853416443 257
1690133375442 0.4335969388484955 258
1690133375458 0.4333159327507019 259
1690133375483 0.4330347776412964 260
1690133375498 0.4327535331249237 261
1690133375522 0.4324721693992615 262
1690133375570 0.4321906864643097 263
1690133375594 0.43190911412239075 264
1690133375620 0.43162739276885986 265
1690133375642 0.4313456118106842 266
1690133375658 0.431063711643219 267
1690133375683 0.43078166246414185 268
1690133375706 0.4304995536804199 269
1690133375722 0.43021735548973083 270
1690133375738 0.4299350082874298 271
1690133375762 0.429652601480484 272
1690133375778 0.42937004566192627 273
1690133375794 0.42908746004104614 274
1690133375818 0.42880478501319885 275
1690133375834 0.42852193117141724 276
1690133375858 0.4282390773296356 277
1690133375882 0.42795610427856445 278
1690133375898 0.4276730418205261 279
1690133375914 0.42738988995552063 280
1690133375938 0.42710667848587036 281
1690133375962 0.42682331800460815 282
1690133375983 0.42653995752334595 283
1690133376002 0.4262564778327942 284
1690133376018 0.42597290873527527 285
1690133376042 0.4256892502307892 286
1690133376058 0.4254055619239807 287
1690133376084 0.4251217842102051 288
1690133376107 0.42483794689178467 289
1690133376131 0.4245540201663971 290
1690133376155 0.42427000403404236 291
1690133376187 0.42398592829704285 292
1690133376211 0.42370182275772095 293
1690133376227 0.4234176278114319 294
1690133376259 0.42313337326049805 295
1690133376275 0.42284905910491943 296
1690133376307 0.42256468534469604 297
1690133376331 0.4222802519798279 298
1690133376347 0.42199578881263733 299
1690133376371 0.421711266040802 300
1690133376395 0.4214266240596771 301
1690133376411 0.42114198207855225 302
1690133376435 0.420857310295105 303
1690133376451 0.42057254910469055 304
1690133376475 0.42028772830963135 305
1690133376491 0.42000287771224976 306
1690133376507 0.4197179973125458 307
1690133376531 0.4194331169128418 308
1690133376547 0.41914811730384827 309
1690133376563 0.41886311769485474 310
1690133376584 0.41857805848121643 311
1690133376603 0.4182929992675781 312
1690133376619 0.41800791025161743 313
1690133376643 0.4177227318286896 314
1690133376659 0.4174375534057617 315
1690133376684 0.4171523153781891 316
1690133376699 0.41686710715293884 317
1690133376715 0.4165818393230438 318
1690133376739 0.4162965416908264 319
1690133376755 0.4160112142562866 320
1690133376771 0.4157258868217468 321
1690133376796 0.41544049978256226 322
1690133376812 0.4151551425457001 323
1690133376836 0.4148697257041931 324
1690133376860 0.41458430886268616 325
1690133376876 0.4142988622188568 326
1690133376900 0.41401341557502747 327
1690133376916 0.41372793912887573 328
1690133376932 0.4134424328804016 329
1690133376956 0.4131569564342499 330
1690133376972 0.41287142038345337 331
1690133376996 0.41258591413497925 332
1690133377012 0.4123004078865051 333
1690133377028 0.4120148718357086 334
1690133377052 0.4117293357849121 335
1690133377076 0.4114437699317932 336
1690133377092 0.4111582040786743 337
1690133377116 0.4108726382255554 338
1690133377132 0.4105870723724365 339
1690133377148 0.4103015065193176 340
1690133377172 0.41001594066619873 341
1690133377196 0.40973031520843506 342
1690133377212 0.40944474935531616 343
1690133377228 0.40915918350219727 344
1690133377252 0.4088735580444336 345
1690133377268 0.4085879325866699 346
1690133377292 0.40830227732658386 347
1690133377308 0.4080166816711426 348
1690133377332 0.40773099660873413 349
1690133377348 0.4074453115463257 350
1690133377364 0.40715962648391724 351
1690133377388 0.4068739116191864 352
1690133377404 0.4065881371498108 353
1690133377428 0.40630239248275757 354
1690133377444 0.4060165584087372 355
1690133377460 0.405730664730072 356
1690133377485 0.4054447412490845 357
1690133377500 0.40515875816345215 358
1690133377516 0.4048726558685303 359
1690133377540 0.4045864939689636 360
1690133377556 0.4043002426624298 361
1690133377572 0.40401390194892883 362
1690133377596 0.4037274718284607 363
1690133377612 0.4034408926963806 364
1690133377636 0.40315425395965576 365
1690133377652 0.4028674364089966 366
1690133377668 0.40258052945137024 367
1690133377692 0.40229350328445435 368
1690133377708 0.4020063877105713 369
1690133377732 0.4017190933227539 370
1690133377749 0.40143170952796936 371
1690133377765 0.40114426612854004 372
1690133377789 0.400856614112854 373
1690133377805 0.40056896209716797 374
1690133377829 0.4002811312675476 375
1690133377845 0.39999324083328247 376
1690133377861 0.3997052311897278 377
1690133377885 0.3994171619415283 378
1690133377901 0.3991289436817169 379
1690133377925 0.39884066581726074 380
1690133377949 0.3985522985458374 381
1690133377965 0.3982638716697693 382
1690133377986 0.3979753851890564 383
1690133378005 0.39768674969673157 384
1690133378021 0.39739811420440674 385
1690133378045 0.39710935950279236 386
1690133378061 0.3968205451965332 387
1690133378085 0.39653170108795166 388
1690133378101 0.39624276757240295 389
1690133378117 0.3959537744522095 390
1690133378141 0.3956647515296936 391
1690133378157 0.3953756093978882 392
1690133378181 0.39508646726608276 393
1690133378197 0.39479726552963257 394
1690133378213 0.3945080041885376 395
1690133378237 0.3942187428474426 396
1690133378253 0.3939293622970581 397
1690133378277 0.3936399817466736 398
1690133378293 0.3933505415916443 399
1690133378317 0.393061101436615 400
1690133378333 0.39277157187461853 401
1690133378357 0.3924820125102997 402
1690133378373 0.39219242334365845 403
1690133378389 0.3919028639793396 404
1690133378413 0.3916132152080536 405
1690133378429 0.3913235664367676 406
1690133378445 0.3910338878631592 407
1690133378469 0.3907441794872284 408
1690133378493 0.3904544711112976 409
1690133378509 0.39016473293304443 410
1690133378525 0.38987499475479126 411
1690133378549 0.3895851969718933 412
1690133378565 0.38929545879364014 413
1690133378581 0.3890056312084198 414
1690133378597 0.38871583342552185 415
1690133378621 0.3884260058403015 416
1690133379440 0.38813623785972595 417
1690133379458 0.3878464102745056 418
1690133379482 0.38755664229393005 419
1690133379506 0.3872668147087097 420
1690133379530 0.38697701692581177 421
1690133379546 0.3866872191429138 422
1690133379602 0.38639742136001587 423
1690133379626 0.3861076235771179 424
1690133379653 0.38581785559654236 425
1690133379677 0.3855281174182892 426
1690133379693 0.3852383494377136 427
1690133379717 0.3849486708641052 428
1690133379741 0.38465893268585205 429
1690133379757 0.38436928391456604 430
1690133379781 0.38407960534095764 431
1690133379805 0.3837900161743164 432
1690133379821 0.3835003972053528 433
1690133379845 0.38321083784103394 434
1690133379861 0.3829212784767151 435
1690133379885 0.382631778717041 436
1690133379909 0.3823423385620117 437
1690133379925 0.3820528984069824 438
1690133379949 0.3817635178565979 439
1690133379965 0.38147416710853577 440
1690133379989 0.3811848759651184 441
1690133380005 0.3808956444263458 442
1690133380029 0.38060644268989563 443
1690133380045 0.3803172707557678 444
1690133380061 0.3800281882286072 445
1690133380077 0.3797391653060913 446
1690133380093 0.3794501721858978 447
1690133380109 0.3791612386703491 448
1690133380133 0.3788723647594452 449
1690133380157 0.3785835802555084 450
1690133380173 0.37829485535621643 451
1690133380197 0.3780061602592468 452
1690133380213 0.3777175843715668 453
1690133380229 0.3774290680885315 454
1690133380253 0.377140611410141 455
1690133380269 0.37685224413871765 456
1690133380291 0.3765639662742615 457
1690133380302 0.37627577781677246 458
1690133380326 0.3759876489639282 459
1690133380342 0.37569957971572876 460
1690133380358 0.37541162967681885 461
1690133380382 0.3751237988471985 462
1690133380398 0.3748360276222229 463
1690133380414 0.37454837560653687 464
1690133380430 0.3742607831954956 465
1690133380454 0.3739732801914215 466
1690133380470 0.37368589639663696 467
1690133380493 0.37339866161346436 468
1690133380509 0.37311142683029175 469
1690133380525 0.37282437086105347 470
1690133380549 0.37253743410110474 471
1690133380565 0.37225058674812317 472
1690133380589 0.37196385860443115 473
1690133380605 0.3716772496700287 474
1690133380621 0.37139075994491577 475
1690133380646 0.37110435962677 476
1690133380662 0.3708181381225586 477
1690133380689 0.37053200602531433 478
1690133380702 0.3702459931373596 479
1690133380726 0.36996012926101685 480
1690133380742 0.3696743845939636 481
1690133380766 0.36938875913619995 482
1690133380782 0.3691033124923706 483
1690133380798 0.3688179552555084 484
1690133380822 0.36853277683258057 485
1690133380838 0.36824774742126465 486
1690133380862 0.3679628372192383 487
1690133380878 0.36767810583114624 488
1690133380894 0.36739349365234375 489
1690133380918 0.3671090304851532 490
1690133380942 0.3668247163295746 491
1690133380966 0.3665405809879303 492
1690133380982 0.36625659465789795 493
1690133381006 0.36597275733947754 494
1690133381022 0.36568909883499146 495
1690133381038 0.3654055893421173 496
1690133381062 0.3651222586631775 497
1690133381078 0.3648391366004944 498
1690133381094 0.36455610394477844 499
1690133381118 0.3642733097076416 500
1690133381142 0.3639906644821167 501
1690133381158 0.36370813846588135 502
1690133381182 0.3634258806705475 503
1690133381198 0.3631437420845032 504
1690133381222 0.36286187171936035 505
1690133381238 0.3625801205635071 506
1690133381262 0.3622985780239105 507
1690133381278 0.3620172142982483 508
1690133381294 0.3617360591888428 509
1690133381318 0.3614550828933716 510
1690133381334 0.3611743152141571 511
1690133381358 0.36089372634887695 512
1690133381374 0.3606133759021759 513
1690133381390 0.3603332042694092 514
1690133381414 0.36005324125289917 515
1690133381430 0.3597734570503235 516
1690133381454 0.3594939708709717 517
1690133381470 0.3592146039009094 518
1690133381494 0.35893550515174866 519
1690133381511 0.3586566150188446 520
1690133381535 0.35837793350219727 521
1690133381551 0.35809946060180664 522
1690133381575 0.3578212261199951 523
1690133381599 0.3575432300567627 524
1690133381615 0.357265442609787 525
1690133381639 0.3569878935813904 526
1690133381655 0.3567105531692505 527
1690133381679 0.3564335107803345 528
1690133381695 0.3561566472053528 529
1690133381719 0.3558799922466278 530
1690133381743 0.3556036353111267 531
1690133381759 0.3553274869918823 532
1690133381783 0.35505160689353943 533
1690133381799 0.35477596521377563 534
1690133381815 0.35450059175491333 535
1690133381839 0.35422542691230774 536
1690133381855 0.35395053029060364 537
1690133381879 0.353675901889801 538
1690133381895 0.3534015417098999 539
1690133381911 0.3531274199485779 540
1690133381936 0.35285353660583496 541
1690133381951 0.3525799512863159 542
1690133381975 0.35230663418769836 543
1690133381991 0.3520335555076599 544
1690133382015 0.35176074504852295 545
1690133382031 0.3514882028102875 546
1690133382055 0.3512159585952759 547
1690133382071 0.35094398260116577 548
1690133382095 0.35067227482795715 549
1690133382111 0.3504008650779724 550
1690133382127 0.3501296937465668 551
1690133382151 0.349858820438385 552
1690133382175 0.3495882451534271 553
1690133382192 0.3493179678916931 554
1690133382216 0.3490479588508606 555
1690133382232 0.34877824783325195 556
1690133382256 0.3485088348388672 557
1690133382272 0.3482397198677063 558
1690133382296 0.3479708731174469 559
1690133382312 0.3477023243904114 560
1690133382336 0.3474341034889221 561
1690133382352 0.3471662104129791 562
1690133382376 0.34689855575561523 563
1690133382392 0.3466312289237976 564
1690133382416 0.34636422991752625 565
1690133382432 0.34609752893447876 566
1690133382456 0.34583109617233276 567
1690133382472 0.3455650508403778 568
1690133382496 0.34529924392700195 569
1690133382512 0.34503382444381714 570
1690133382528 0.3447687029838562 571
1690133382552 0.34450387954711914 572
1690133382568 0.34423941373825073 573
1690133382592 0.3439752161502838 574
1690133382608 0.34371137619018555 575
1690133382632 0.34344786405563354 576
1690133382648 0.3431846797466278 577
1690133382664 0.34292182326316833 578
1690133382691 0.3426592946052551 579
1690133382704 0.34239712357521057 580
1690133382728 0.3421352803707123 581
1690133382744 0.34187376499176025 582
1690133382760 0.3416125774383545 583
1690133382816 0.3413517475128174 584
1690133382848 0.3410912752151489 585
1690133382873 0.34083113074302673 586
1690133382897 0.3405713438987732 587
1690133382913 0.3403118848800659 588
1690133382937 0.3400528132915497 589
1690133382953 0.3397940397262573 590
1690133382977 0.339535653591156 591
1690133382993 0.33927759528160095 592
1690133383009 0.3390199542045593 593
1690133383025 0.33876264095306396 594
1690133383049 0.33850565552711487 595
1690133383065 0.3382490277290344 596
1690133383090 0.337992787361145 597
1690133383105 0.33773690462112427 598
1690133383129 0.33748137950897217 599
1690133383145 0.3372262418270111 600
1690133383169 0.3369714617729187 601
1690133383185 0.33671703934669495 602
1690133383209 0.3364630341529846 603
1690133383225 0.33620935678482056 604
1690133383241 0.33595603704452515 605
1690133383265 0.33570313453674316 606
1690133383281 0.3354506194591522 607
1690133383305 0.33519846200942993 608
1690133383321 0.3349466621875763 609
1690133383345 0.3346952795982361 610
1690133383361 0.3344442546367645 611
1690133383377 0.3341936469078064 612
1690133383401 0.3339433968067169 613
1690133383417 0.33369356393814087 614
1690133383442 0.33344408869743347 615
1690133383458 0.3331950306892395 616
1690133383474 0.3329463601112366 617
1690133383498 0.3326980769634247 618
1690133383522 0.33245015144348145 619
1690133383538 0.332202672958374 620
1690133383562 0.33195561170578003 621
1690133383579 0.3317089080810547 622
1690133383595 0.3314626216888428 623
1690133383619 0.3312166929244995 624
1690133383635 0.33097121119499207 625
1690133383651 0.33072611689567566 626
1690133383675 0.3304814100265503 627
1690133383691 0.33023715019226074 628
1690133383715 0.32999327778816223 629
1690133383739 0.32974982261657715 630
1690133383755 0.3295067846775055 631
1690133383779 0.32926416397094727 632
1690133383795 0.3290219008922577 633
1690133383811 0.32878008484840393 634
1690133383837 0.3285386860370636 635
1690133383859 0.3282977044582367 636
1690133383875 0.3280571401119232 637
1690133383899 0.32781702280044556 638
1690133383923 0.32757726311683655 639
1690133383939 0.32733795046806335 640
1690133383955 0.3270990550518036 641
1690133383979 0.32686057686805725 642
1690133383995 0.32662254571914673 643
1690133384011 0.32638493180274963 644
1690133384035 0.32614773511886597 645
1690133384051 0.3259109556674957 646
1690133384075 0.3256745934486389 647
1690133384091 0.3254387080669403 648
1690133384107 0.3252032399177551 649
1690133384131 0.3249681890010834 650
1690133384147 0.32473355531692505 651
1690133384171 0.3244993984699249 652
1690133384191 0.32426565885543823 653
1690133384211 0.32403233647346497 654
1690133384235 0.3237994313240051 655
1690133384251 0.3235670030117035 656
1690133384275 0.32333502173423767 657
1690133384291 0.3231034576892853 658
1690133384315 0.3228723108768463 659
1690133384339 0.32264164090156555 660
1690133384355 0.3224113881587982 661
1690133384371 0.3221816122531891 662
1690133384395 0.3219522535800934 663
1690133384411 0.3217233419418335 664
1690133384435 0.3214948773384094 665
1690133384457 0.32126685976982117 666
1690133384476 0.32103925943374634 667
1690133384491 0.3208121657371521 668
1690133384515 0.3205854296684265 669
1690133384539 0.3203592300415039 670
1690133384555 0.3201334476470947 671
1690133384579 0.31990811228752136 672
1690133384595 0.3196832239627838 673
1690133384611 0.31945881247520447 674
1690133384635 0.31923481822013855 675
1690133384652 0.3190113306045532 676
1690133384675 0.31878823041915894 677
1690133384691 0.31856560707092285 678
1690133384715 0.31834346055984497 679
1690133384731 0.3181217610836029 680
1690133384747 0.31790053844451904 681
1690133384774 0.3176797330379486 682
1690133384794 0.3174594044685364 683
1690133384812 0.31723952293395996 684
1690133384828 0.31702011823654175 685
1690133384844 0.31680119037628174 686
1690133384868 0.31658267974853516 687
1690133384884 0.3163646459579468 688
1690133384900 0.3161470890045166 689
1690133384924 0.31592997908592224 690
1690133384940 0.3157133460044861 691
1690133384956 0.31549715995788574 692
1690133384980 0.3152814507484436 693
1690133384996 0.3150661885738373 694
1690133385020 0.31485140323638916 695
1690133385036 0.31463709473609924 696
1690133385052 0.31442323327064514 697
1690133385076 0.31420987844467163 698
1690133385092 0.31399691104888916 699
1690133385108 0.31378448009490967 700
1690133385132 0.3135724663734436 701
1690133385148 0.3133609890937805 702
1690133385172 0.31314992904663086 703
1690133385193 0.3129393458366394 704
1690133385204 0.31272923946380615 705
1690133385228 0.3125195801258087 706
1690133385244 0.31231042742729187 707
1690133385268 0.3121017515659332 708
1690133385284 0.3118935227394104 709
1690133385309 0.3116857409477234 710
1690133385325 0.31147849559783936 711
1690133385341 0.31127163767814636 712
1690133385365 0.31106531620025635 713
1690133385381 0.31085944175720215 714
1690133385405 0.31065404415130615 715
1690133385421 0.31044912338256836 716
1690133385445 0.31024467945098877 717
1690133385461 0.3100407123565674 718
1690133385485 0.3098372220993042 719
1690133385501 0.3096342086791992 720
1690133385525 0.30943164229393005 721
1690133385541 0.3092295825481415 722
1690133385565 0.3090279698371887 723
1690133385589 0.30882686376571655 724
1690133385605 0.3086262345314026 725
1690133385629 0.30842602252960205 726
1690133385645 0.3082263171672821 727
1690133385661 0.30802711844444275 728
1690133385685 0.3078283667564392 729
1690133385701 0.30763012170791626 730
1690133385725 0.3074323534965515 731
1690133385741 0.3072350323200226 732
1690133385765 0.30703818798065186 733
1690133385789 0.30684182047843933 734
1690133385805 0.306645929813385 735
1690133385829 0.3064505457878113 736
1690133385845 0.30625560879707336 737
1690133385861 0.30606117844581604 738
1690133385885 0.30586716532707214 739
1690133385901 0.3056736886501312 740
1690133385925 0.3054806590080261 741
1690133385941 0.305288165807724 742
1690133385957 0.3050960600376129 743
1690133386021 0.3049044907093048 744
1690133386046 0.3047134280204773 745
1690133386070 0.3045227825641632 746
1690133386093 0.3043326139450073 747
1690133386109 0.30414295196533203 748
1690133386125 0.30395376682281494 749
1690133386149 0.30376502871513367 750
1690133386173 0.30357682704925537 751
1690133387577 0.3033890724182129 752
1690133387602 0.3032017648220062 753
1690133387618 0.30301499366760254 754
1690133387642 0.3028286397457123 755
1690133387658 0.302642822265625 756
1690133387674 0.30245742201805115 757
1690133387698 0.3022725284099579 758
1690133387714 0.3020881116390228 759
1690133387738 0.30190417170524597 760
1690133387754 0.3017207086086273 761
1690133387778 0.30153775215148926 762
1690133387796 0.301355242729187 763
1690133387818 0.30117321014404297 764
1690133387834 0.30099165439605713 765
1690133387858 0.3008105456829071 766
1690133387874 0.30062997341156006 767
1690133387898 0.30044984817504883 768
1690133387914 0.3002701699733734 769
1690133387930 0.300091028213501 770
1690133387954 0.29991230368614197 771
1690133387970 0.29973411560058594 772
1690133387996 0.2995563745498657 773
1690133388018 0.2993790805339813 774
1690133388042 0.2992022931575775 775
1690133388066 0.2990259826183319 776
1690133388098 0.2988501191139221 777
1690133388122 0.29867473244667053 778
1690133388146 0.29849985241889954 779
1690133388162 0.29832541942596436 780
1690133388186 0.2981514632701874 781
1690133388210 0.2979779839515686 782
1690133388226 0.29780498147010803 783
1690133388250 0.29763245582580566 784
1690133388274 0.2974603772163391 785
1690133388290 0.29728880524635315 786
1690133388306 0.2971176505088806 787
1690133388330 0.29694700241088867 788
1690133388346 0.29677683115005493 789
1690133388370 0.2966071367263794 790
1690133388386 0.2964378595352173 791
1690133388410 0.29626911878585815 792
1690133388426 0.29610079526901245 793
1690133388442 0.2959330081939697 794
1690133388466 0.29576563835144043 795
1690133388490 0.29559874534606934 796
1690133388506 0.29543232917785645 797
1690133388530 0.29526636004447937 798
1690133388546 0.2951008677482605 799
1690133388570 0.29493585228919983 800
1690133388586 0.294771283864975 801
1690133388610 0.2946071922779083 802
1690133388626 0.2944435775279999 803
1690133388642 0.29428043961524963 804
1690133388658 0.2941177189350128 805
1690133388682 0.2939555048942566 806
1690133388698 0.2937937378883362 807
1690133388722 0.293632447719574 808
1690133388738 0.2934716045856476 809
1690133388754 0.293311208486557 810
1690133388778 0.293151319026947 811
1690133388796 0.29299184679985046 812
1690133388810 0.2928328514099121 813
1690133388826 0.29267436265945435 814
1690133388850 0.2925162613391876 815
1690133388866 0.2923586666584015 816
1690133388882 0.29220151901245117 817
1690133388906 0.29204481840133667 818
1690133388922 0.291888564825058 819
1690133388946 0.2917327582836151 820
1690133388962 0.2915774881839752 821
1690133388978 0.29142260551452637 822
1690133389002 0.2912681996822357 823
1690133389026 0.29111427068710327 824
1690133389042 0.29096072912216187 825
1690133389058 0.29080769419670105 826
1690133389082 0.29065510630607605 827
1690133389099 0.29050299525260925 828
1690133389123 0.2903513014316559 829
1690133389139 0.29020005464553833 830
1690133389163 0.29004931449890137 831
1690133389179 0.28989896178245544 832
1690133389203 0.2897490859031677 833
1690133389219 0.2895996570587158 834
1690133389243 0.2894507050514221 835
1690133389259 0.28930217027664185 836
1690133389275 0.2891540825366974 837
1690133389299 0.28900647163391113 838
1690133389315 0.2888592779636383 839
1690133389339 0.2887125313282013 840
1690133389355 0.2885662317276001 841
1690133389379 0.2884203791618347 842
1690133389397 0.28827500343322754 843
1690133389411 0.2881300151348114 844
1690133389435 0.28798550367355347 845
1690133389451 0.28784143924713135 846
1690133389475 0.28769779205322266 847
1690133389491 0.2875545918941498 848
1690133389507 0.2874118387699127 849
1690133389531 0.2872695326805115 850
1690133389547 0.28712767362594604 851
1690133389571 0.28698623180389404 852
1690133389587 0.28684520721435547 853
1690133389603 0.2867046892642975 854
1690133389627 0.28656455874443054 855
1690133389643 0.286424845457077 856
1690133389667 0.2862856090068817 857
1690133389683 0.28614678978919983 858
1690133389699 0.28600841760635376 859
1690133389723 0.2858704924583435 860
1690133389739 0.2857329547405243 861
1690133389763 0.2855958640575409 862
1690133389779 0.2854592204093933 863
1690133389798 0.28532296419143677 864
1690133389819 0.2851871848106384 865
1690133389843 0.2850518524646759 866
1690133389859 0.2849169075489044 867
1690133389875 0.28478237986564636 868
1690133389899 0.2846482992172241 869
1690133389923 0.2845146059989929 870
1690133389939 0.2843814194202423 871
1690133389963 0.28424859046936035 872
1690133389987 0.2841162085533142 873
1690133390011 0.2839842736721039 874
1690133390027 0.2838527262210846 875
1690133390051 0.28372159600257874 876
1690133390075 0.2835909128189087 877
1690133390091 0.2834606170654297 878
1690133390115 0.2833307683467865 879
1690133390131 0.28320133686065674 880
1690133390155 0.283072292804718 881
1690133390171 0.2829436957836151 882
1690133390187 0.28281551599502563 883
1690133390211 0.2826877534389496 884
1690133390227 0.2825603783130646 885
1690133390251 0.282433420419693 886
1690133390267 0.2823069095611572 887
1690133390283 0.2821807861328125 888
1690133390308 0.2820550799369812 889
1690133390324 0.28192976117134094 890
1690133390348 0.2818048596382141 891
1690133390372 0.2816804051399231 892
1690133390388 0.2815563380718231 893
1690133390404 0.2814326882362366 894
1690133390428 0.28130942583084106 895
1690133390444 0.2811865508556366 896
1690133390468 0.28106415271759033 897
1690133390484 0.28094208240509033 898
1690133390508 0.28082045912742615 899
1690133390524 0.2806991934776306 900
1690133390548 0.2805783748626709 901
1690133390564 0.2804579436779022 902
1690133390588 0.2803378999233246 903
1690133390612 0.2802182734012604 904
1690133390660 0.2800990343093872 905
1690133390684 0.27998021245002747 906
1690133390716 0.27986177802085876 907
1690133390732 0.2797437310218811 908
1690133390756 0.2796260714530945 909
1690133390772 0.2795088291168213 910
1690133390788 0.27939194440841675 911
1690133390812 0.279275506734848 912
1690133390828 0.27915942668914795 913
1690133390844 0.2790437340736389 914
1690133390868 0.2789284288883209 915
1690133390884 0.27881351113319397 916
1690133390908 0.27869904041290283 917
1690133390924 0.27858489751815796 918
1690133390940 0.2784711420536041 919
1690133390964 0.2783578038215637 920
1690133390980 0.27824482321739197 921
1690133391004 0.27813223004341125 922
1690133391020 0.2780200242996216 923
1690133391044 0.27790820598602295 924
1690133391060 0.27779677510261536 925
1690133391076 0.2776857018470764 926
1690133391100 0.2775750160217285 927
1690133391116 0.27746471762657166 928
1690133391140 0.27735480666160583 929
1690133391156 0.27724525332450867 930
1690133391172 0.27713608741760254 931
1690133391196 0.27702727913856506 932
1690133391212 0.276918888092041 933
1690133391228 0.2768108546733856 934
1690133391252 0.2767031788825989 935
1690133391268 0.2765958905220032 936
1690133391284 0.27648892998695374 937
1690133391308 0.27638235688209534 938
1690133391324 0.27627620100975037 939
1690133391348 0.27617037296295166 940
1690133391364 0.276064932346344 941
1690133391388 0.2759598195552826 942
1690133391404 0.2758551239967346 943
1690133391420 0.2757507562637329 944
1690133391444 0.27564674615859985 945
1690133391460 0.2755431532859802 946
1690133391476 0.27543988823890686 947
1690133391500 0.27533698081970215 948
1690133391516 0.2752344310283661 949
1690133391541 0.27513226866722107 950
1690133391556 0.2750304341316223 951
1690133391580 0.2749289572238922 952
1690133391599 0.27482786774635315 953
1690133391612 0.27472710609436035 954
1690133391636 0.2746267318725586 955
1690133391652 0.2745266854763031 956
1690133391676 0.27442699670791626 957
1690133391692 0.27432766556739807 958
1690133391709 0.27422866225242615 959
1690133391733 0.27413004636764526 960
1690133391757 0.27403172850608826 961
1690133391773 0.2739338278770447 962
1690133391797 0.27383625507354736 963
1690133391813 0.2737390398979187 964
1690133391829 0.2736421227455139 965
1690133391845 0.2735455632209778 966
1690133391869 0.2734493613243103 967
1690133391885 0.2733534872531891 968
1690133391901 0.2732580006122589 969
1690133391925 0.273162841796875 970
1690133391941 0.27306801080703735 971
1690133391957 0.27297350764274597 972
1690133391981 0.27287933230400085 973
1690133391999 0.2727855443954468 974
1690133392021 0.27269208431243896 975
1690133392037 0.27259892225265503 976
1690133392053 0.27250611782073975 977
1690133392077 0.2724136710166931 978
1690133392093 0.27232155203819275 979
1690133392117 0.27222973108291626 980
1690133392141 0.27213823795318604 981
1690133392157 0.27204713225364685 982
1690133392173 0.27195632457733154 983
1690133392197 0.2718658447265625 984
1690133392213 0.2717756927013397 985
1690133392229 0.2716858685016632 986
1690133392253 0.27159640192985535 987
1690133392269 0.271507203578949 988
1690133392285 0.27141839265823364 989
1690133392309 0.2713298499584198 990
1690133392325 0.2712416350841522 991
1690133392341 0.2711538076400757 992
1690133392366 0.27106621861457825 993
1690133392382 0.27097898721694946 994
1690133392398 0.27089208364486694 995
1690133392422 0.2708055078983307 996
1690133392438 0.2707192301750183 997
1690133392458 0.2706332504749298 998
1690133392478 0.27054762840270996 999
1690133392494 0.2704623341560364 1000
1690133392510 0.2703773081302643 1001
1690133392534 0.27029260993003845 1002
1690133392550 0.2702082395553589 1003
1690133392566 0.2701241374015808 1004
1690133392590 0.2700403928756714 1005
1690133392606 0.26995694637298584 1006
1690133392630 0.2698737680912018 1007
1690133392646 0.26979097723960876 1008
1690133392670 0.26970845460891724 1009
1690133392686 0.2696262300014496 1010
1690133392710 0.2695443034172058 1011
1690133392726 0.2694627046585083 1012
1690133392742 0.26938140392303467 1013
1690133392766 0.2693004012107849 1014
1690133392782 0.26921966671943665 1015
1690133392806 0.26913928985595703 1016
1690133392822 0.2690591812133789 1017
1690133392846 0.26897940039634705 1018
1690133392862 0.2688998878002167 1019
1690133392878 0.2688206732273102 1020
1690133392902 0.26874178647994995 1021
1690133392918 0.2686631679534912 1022
1690133392942 0.26858487725257874 1023
1690133392958 0.26850682497024536 1024
1690133392974 0.26842910051345825 1025
1690133392998 0.268351674079895 1026
1690133393022 0.2682745158672333 1027
1690133393038 0.2681976854801178 1028
1690133393058 0.2681211233139038 1029
1690133393078 0.2680448591709137 1030
1690133393094 0.2679688334465027 1031
1690133393110 0.2678931653499603 1032
1690133393134 0.26781773567199707 1033
1690133393150 0.2677426040172577 1034
1690133393175 0.2676677703857422 1035
1690133393191 0.2675932049751282 1036
1690133393207 0.2675189673900604 1037
1690133393231 0.2674449682235718 1038
1690133393247 0.2673712372779846 1039
1690133393271 0.2672978341579437 1040
1690133393287 0.26722466945648193 1041
1690133393303 0.267151802778244 1042
1690133393327 0.2670792043209076 1043
1690133393343 0.26700687408447266 1044
1690133393359 0.2669348418712616 1045
1690133393383 0.266863077878952 1046
1690133393399 0.26679158210754395 1047
1690133393423 0.26672035455703735 1048
1690133393439 0.26664942502975464 1049
1690133393463 0.266578733921051 1050
1690133393479 0.2665083706378937 1051
1690133393495 0.26643821597099304 1052
1690133393519 0.2663683593273163 1053
1690133393535 0.266298770904541 1054
1690133393551 0.26622945070266724 1055
1690133393575 0.26616036891937256 1056
1690133393591 0.26609158515930176 1057
1690133393607 0.26602306962013245 1058
1690133393631 0.2659548223018646 1059
1690133393655 0.2658867835998535 1060
1690133393672 0.2658190429210663 1061
1690133393688 0.26575157046318054 1062
1690133393712 0.2656843662261963 1063
1690133393733 0.26561740040779114 1064
1690133393752 0.26555073261260986 1065
1690133393776 0.2654843032360077 1066
1690133393816 0.2654181122779846 1067
1690133393840 0.26535218954086304 1068
1690133393864 0.26528653502464294 1069
1690133393888 0.26522111892700195 1070
1690133393912 0.26515597105026245 1071
1690133393928 0.26509106159210205 1072
1690133393952 0.26502639055252075 1073
1690133393968 0.26496198773384094 1074
1690133393984 0.2648978531360626 1075
1690133394008 0.2648339569568634 1076
1690133394024 0.2647703289985657 1077
1690133394040 0.26470690965652466 1078
1690133394060 0.2646437883377075 1079
1690133394080 0.2645808756351471 1080
1690133394096 0.26451820135116577 1081
1690133394120 0.26445579528808594 1082
1690133394136 0.2643936574459076 1083
1690133394152 0.26433172821998596 1084
1690133394176 0.26427003741264343 1085
1690133394192 0.26420858502388 1086
1690133394216 0.26414743065834045 1087
1690133394232 0.26408645510673523 1088
1690133394256 0.2640257477760315 1089
1690133394272 0.26396527886390686 1090
1690133394296 0.26390504837036133 1091
1690133394312 0.2638450264930725 1092
1690133394336 0.2637852728366852 1093
1690133394352 0.26372575759887695 1094
1690133394376 0.2636664807796478 1095
1690133394393 0.2636074125766754 1096
1690133394408 0.2635486125946045 1097
1690133394433 0.2634900212287903 1098
1690133394449 0.2634316384792328 1099
1690133394465 0.2633735239505768 1100
1690133394489 0.2633156180381775 1101
1690133394505 0.2632579803466797 1102
1690133394529 0.2632005214691162 1103
1690133394545 0.26314330101013184 1104
1690133394569 0.26308631896972656 1105
1690133394587 0.2630295753479004 1106
1690133394601 0.2629730701446533 1107
1690133394625 0.2629167437553406 1108
1690133394641 0.2628606855869293 1109
1690133394661 0.2628048062324524 1110
1690133394673 0.26274919509887695 1111
1690133394697 0.26269376277923584 1112
1690133394713 0.26263856887817383 1113
1690133394729 0.2625836133956909 1114
1690133394753 0.2625288665294647 1115
1690133394769 0.2624743580818176 1116
1690133394785 0.26242005825042725 1117
1690133394809 0.2623659372329712 1118
1690133394825 0.26231205463409424 1119
1690133394841 0.262258380651474 1120
1690133394861 0.26220497488975525 1121
1690133394881 0.2621517479419708 1122
1690133394897 0.2620986998081207 1123
1690133394913 0.2620459198951721 1124
1690133394937 0.26199331879615784 1125
1690133394953 0.26194095611572266 1126
1690133394969 0.2618888020515442 1127
1690133394993 0.26183685660362244 1128
1690133395009 0.261785089969635 1129
1690133395025 0.2617335617542267 1130
1690133395041 0.2616822421550751 1131
1690133395065 0.2616311013698578 1132
1690133395081 0.2615801990032196 1133
1690133395105 0.26152944564819336 1134
1690133395121 0.2614789605140686 1135
1690133395137 0.2614286541938782 1136
1690133395161 0.26137858629226685 1137
1690133395177 0.26132866740226746 1138
1690133395193 0.26127898693084717 1139
1690133395217 0.2612294852733612 1140
1690133395233 0.26118022203445435 1141
1690133395257 0.2611311078071594 1142
1690133395274 0.2610822319984436 1143
1690133395289 0.2610335648059845 1144
1690133395313 0.26098504662513733 1145
1690133395330 0.26093676686286926 1146
1690133395346 0.2608886659145355 1147
1690133395370 0.2608407735824585 1148
1690133395386 0.2607930600643158 1149
1690133395410 0.2607455551624298 1150
1690133395426 0.26069822907447815 1151
1690133395442 0.2606510818004608 1152
1690133395466 0.2606041729450226 1153
1690133395482 0.2605574131011963 1154
1690133395506 0.2605108618736267 1155
1690133395522 0.26046451926231384 1156
1690133395546 0.2604183554649353 1157
1690133395561 0.2603723704814911 1158
1690133395586 0.2603265643119812 1159
1690133395602 0.260280966758728 1160
1690133395618 0.2602355480194092 1161
1690133395642 0.26019030809402466 1162
1690133395662 0.26014527678489685 1163
1690133395682 0.26010042428970337 1164
1690133395698 0.2600557506084442 1165
1690133395722 0.2600112557411194 1166
1690133395738 0.25996696949005127 1167
1690133395762 0.2599228024482727 1168
1690133395778 0.25987887382507324 1169
1690133395794 0.2598351240158081 1170
1690133395818 0.2597915232181549 1171
1690133395834 0.2597481310367584 1172
1690133395858 0.25970491766929626 1173
1690133395874 0.25966185331344604 1174
1690133395898 0.25961899757385254 1175
1690133395914 0.25957632064819336 1176
1690133395938 0.2595338225364685 1177
1690133395954 0.2594914436340332 1178
1690133395978 0.259449303150177 1179
1690133395994 0.25940731167793274 1180
1690133396010 0.2593655288219452 1181
1690133396034 0.2593238651752472 1182
1690133396058 0.2592824101448059 1183
1690133396074 0.25924110412597656 1184
1690133396090 0.25920000672340393 1185
1690133396114 0.25915902853012085 1186
1690133396138 0.2591182291507721 1187
1690133396154 0.25907760858535767 1188
1690133396170 0.25903719663619995 1189
1690133396194 0.2589969038963318 1190
1690133396210 0.25895681977272034 1191
1690133396234 0.25891685485839844 1192
1690133396250 0.25887709856033325 1193
1690133396274 0.25883749127388 1194
1690133396290 0.2587980329990387 1195
1690133396306 0.2587587535381317 1196
1690133396330 0.25871965289115906 1197
1690133396346 0.25868070125579834 1198
1690133396370 0.25864192843437195 1199
1690133396386 0.2586032748222351 1200
1690133396410 0.258564829826355 1201
1690133396426 0.2585265040397644 1202
1690133396442 0.25848838686943054 1203
1690133396466 0.2584504187107086 1204
1690133396482 0.25841256976127625 1205
1690133396506 0.2583749294281006 1206
1690133396522 0.2583374083042145 1207
1690133396546 0.2583000361919403 1208
1690133396562 0.25826287269592285 1209
1690133396586 0.25822579860687256 1210
1690133396602 0.25818896293640137 1211
1690133396618 0.25815221667289734 1212
1690133396634 0.25811564922332764 1213
1690133396658 0.2580792307853699 1214
1690133396674 0.25804296135902405 1215
1690133396690 0.25800687074661255 1216
1690133396715 0.2579708993434906 1217
1690133396731 0.2579350769519806 1218
1690133396747 0.2578994333744049 1219
1690133396771 0.25786393880844116 1220
1690133396787 0.25782856345176697 1221
1690133396803 0.2577933669090271 1222
1690133396827 0.25775831937789917 1223
1690133396843 0.2577233910560608 1224
1690133396863 0.25768864154815674 1225
1690133396875 0.25765401124954224 1226
1690133396899 0.25761955976486206 1227
1690133396915 0.25758522748947144 1228
1690133396939 0.25755104422569275 1229
1690133396955 0.257517009973526 1230
1690133396979 0.2574830949306488 1231
1690133396995 0.2574493885040283 1232
1690133397019 0.257415771484375 1233
1690133397043 0.2573823034763336 1234
1690133397059 0.2573489844799042 1235
1690133397075 0.25731581449508667 1236
1690133397099 0.2572827935218811 1237
1690133397115 0.2572498917579651 1238
1690133397139 0.257217139005661 1239
1690133397155 0.25718453526496887 1240
1690133397179 0.2571520507335663 1241
1690133397195 0.25711971521377563 1242
1690133397219 0.2570875287055969 1243
1690133397235 0.25705546140670776 1244
1690133397259 0.25702351331710815 1245
1690133397275 0.25699174404144287 1246
1690133397291 0.25696009397506714 1247
1690133397315 0.25692856311798096 1248
1690133397339 0.2568971812725067 1249
1690133397371 0.256865918636322 1250
1690133397419 0.25683480501174927 1251
1690133397443 0.25680384039878845 1252
1690133397463 0.2567729651927948 1253
1690133397475 0.2567422389984131 1254
1690133397499 0.2567116618156433 1255
1690133397516 0.2566812038421631 1256
1690133397531 0.2566508948802948 1257
1690133397555 0.25662070512771606 1258
1690133397571 0.2565906047821045 1259
1690133397595 0.25656068325042725 1260
1690133397611 0.25653088092803955 1261
1690133397627 0.2565011978149414 1262
1690133397651 0.2564716339111328 1263
1690133397667 0.25644221901893616 1264
1690133397691 0.25641289353370667 1265
1690133397707 0.2563837468624115 1266
1690133397723 0.2563546895980835 1267
1690133397747 0.25632578134536743 1268
1690133397763 0.25629696249961853 1269
1690133397787 0.2562682628631592 1270
1690133397803 0.25623974204063416 1271
1690133397819 0.2562113106250763 1272
1690133397843 0.256182998418808 1273
1690133397863 0.2561548054218292 1274
1690133397883 0.25612673163414 1275
1690133397899 0.25609880685806274 1276
1690133397923 0.25607097148895264 1277
1690133397939 0.25604328513145447 1278
1690133397955 0.25601571798324585 1279
1690133397979 0.2559882402420044 1280
1690133397995 0.2559609115123749 1281
1690133398011 0.2559336721897125 1282
1690133398039 0.2559065818786621 1283
1690133398051 0.25587958097457886 1284
1690133398076 0.25585272908210754 1285
1690133398092 0.255825936794281 1286
1690133398108 0.2557993233203888 1287
1690133398132 0.25577279925346375 1288
1690133398156 0.25574639439582825 1289
1690133398172 0.2557200789451599 1290
1690133398196 0.25569388270378113 1291
1690133398220 0.2556678354740143 1292
1690133398236 0.2556418776512146 1293
1690133398260 0.25561603903770447 1294
1690133398276 0.2555902898311615 1295
1690133398300 0.25556468963623047 1296
1690133398324 0.2555391490459442 1297
1690133398348 0.2555137872695923 1298
1690133398363 0.2554885149002075 1299
1690133398387 0.2554633319377899 1300
1690133398412 0.25543826818466187 1301
1690133398428 0.255413293838501 1302
1690133398444 0.255388468503952 1303
1690133398468 0.25536373257637024 1304
1690133398492 0.2553390860557556 1305
1690133398508 0.25531455874443054 1306
1690133398524 0.255290150642395 1307
1690133398548 0.25526583194732666 1308
1690133398564 0.25524163246154785 1309
1690133398588 0.2552175521850586 1310
1690133398604 0.2551935613155365 1311
1690133398628 0.25516965985298157 1312
1690133398644 0.2551458775997162 1313
1690133398668 0.25512221455574036 1314
1690133398684 0.2550986111164093 1315
1690133398708 0.2550751566886902 1316
1690133398724 0.25505179166793823 1317
1690133398749 0.25502851605415344 1318
1690133398764 0.2550053596496582 1319
1690133398788 0.25498226284980774 1320
1690133398804 0.2549593448638916 1321
1690133398820 0.25493645668029785 1322
1690133398844 0.25491368770599365 1323
1690133398864 0.254891037940979 1324
1690133398884 0.2548684775829315 1325
1690133398900 0.2548460066318512 1326
1690133398916 0.2548236548900604 1327
1690133398940 0.2548013925552368 1328
1690133398956 0.25477921962738037 1329
1690133398980 0.2547571361064911 1330
1690133398996 0.25473517179489136 1331
1690133399020 0.2547133266925812 1332
1690133399036 0.2546915113925934 1333
1690133399060 0.25466984510421753 1334
1690133399077 0.25464826822280884 1335
1690133399101 0.2546267509460449 1336
1690133399121 0.25460535287857056 1337
1690133399141 0.25458404421806335 1338
1690133399157 0.2545628547668457 1339
1690133399173 0.2545417249202728 1340
1690133399189 0.2545207142829895 1341
1690133399213 0.25449979305267334 1342
1690133399237 0.25447893142700195 1343
1690133399253 0.2544581890106201 1344
1690133399269 0.25443753600120544 1345
1690133399293 0.25441694259643555 1346
1690133399309 0.2543964982032776 1347
1690133399325 0.2543761432170868 1348
1690133399349 0.2543558180332184 1349
1690133399365 0.2543356120586395 1350
1690133399381 0.25431549549102783 1351
1690133399405 0.2542954981327057 1352
1690133399429 0.2542755603790283 1353
1690133399445 0.2542556822299957 1354
1690133399469 0.25423598289489746 1355
1690133399485 0.2542162537574768 1356
1690133399509 0.2541966736316681 1357
1690133399533 0.25417718291282654 1358
1690133399557 0.25415778160095215 1359
1690133399573 0.2541384696960449 1360
1690133399597 0.25411921739578247 1361
1690133399613 0.25410008430480957 1362
1690133399637 0.25408101081848145 1363
1690133399661 0.2540620267391205 1364
1690133399677 0.2540431022644043 1365
1690133399701 0.25402432680130005 1366
1690133399725 0.2540055811405182 1367
1690133399741 0.2539869546890259 1368
1690133399757 0.25396838784217834 1369
1690133402294 0.2539498805999756 1370
1690133402310 0.2539314925670624 1371
1690133402334 0.25391316413879395 1372
1690133402358 0.2538949251174927 1373
1690133402374 0.25387677550315857 1374
1690133402406 0.2538587152957916 1375
1690133402422 0.25384071469306946 1376
1690133402446 0.25382280349731445 1377
1690133402462 0.2538049519062042 1378
1690133402478 0.25378721952438354 1379
1690133402502 0.25376954674720764 1380
1690133402518 0.2537519335746765 1381
1690133402534 0.25373443961143494 1382
1690133402558 0.25371700525283813 1383
1690133402574 0.2536996304988861 1384
1690133402591 0.25368237495422363 1385
1690133402615 0.25366514921188354 1386
1690133402631 0.2536480128765106 1387
1690133402655 0.25363096594810486 1388
1690133402671 0.25361400842666626 1389
1690133402695 0.25359711050987244 1390
1690133402711 0.2535802721977234 1391
1690133402735 0.2535635530948639 1392
1690133402751 0.2535468637943268 1393
1690133402775 0.25353026390075684 1394
1690133402791 0.25351375341415405 1395
1690133402807 0.25349730253219604 1396
1690133402831 0.2534809112548828 1397
1690133402847 0.25346460938453674 1398
1690133402871 0.25344839692115784 1399
1690133402935 0.2534322440624237 1400
1690133402975 0.25341615080833435 1401
1690133403007 0.25340014696121216 1402
1690133403039 0.25338420271873474 1403
1690133403063 0.2533683478832245 1404
1690133403087 0.2533525228500366 1405
1690133403111 0.2533368468284607 1406
1690133403127 0.25332117080688477 1407
1690133403151 0.253305584192276 1408
1690133403170 0.2532900869846344 1409
1690133403191 0.2532746195793152 1410
1690133403207 0.25325924158096313 1411
1690133403223 0.25324395298957825 1412
1690133403239 0.25322872400283813 1413
1690133403263 0.2532135248184204 1414
1690133403279 0.25319844484329224 1415
1690133403303 0.25318342447280884 1416
1690133403327 0.2531684637069702 1417
1690133403343 0.25315356254577637 1418
1690133403367 0.2531387507915497 1419
1690133403383 0.2531239688396454 1420
1690133403408 0.25310927629470825 1421
1690133403423 0.2530946433544159 1422
1690133403440 0.2530800700187683 1423
1690133403456 0.2530655860900879 1424
1690133403480 0.25305116176605225 1425
1690133403496 0.2530367970466614 1426
1690133403512 0.2530224919319153 1427
1690133403536 0.25300824642181396 1428
1690133403552 0.2529940903186798 1429
1690133403570 0.25297999382019043 1430
1690133403592 0.25296592712402344 1431
1690133403608 0.252951979637146 1432
1690133403624 0.25293803215026855 1433
1690133403648 0.25292420387268066 1434
1690133403670 0.2529103755950928 1435
1690133403688 0.25289666652679443 1436
1690133403704 0.25288301706314087 1437
1690133403728 0.2528694272041321 1438
1690133403744 0.2528558373451233 1439
1690133403768 0.25284236669540405 1440
1690133403784 0.2528289556503296 1441
1690133403800 0.2528155744075775 1442
1690133403824 0.252802312374115 1443
1690133403840 0.25278905034065247 1444
1690133403856 0.2527758777141571 1445
1690133403880 0.2527627646923065 1446
1690133403896 0.2527497112751007 1447
1690133403920 0.2527367174625397 1448
1690133403936 0.2527237832546234 1449
1690133403952 0.25271090865135193 1450
1690133403976 0.25269806385040283 1451
1690133403992 0.2526853084564209 1452
1690133404016 0.25267261266708374 1453
1690133404032 0.25265994668006897 1454
1690133404056 0.25264737010002136 1455
1690133404072 0.25263482332229614 1456
1690133404088 0.2526223659515381 1457
1690133404112 0.2526099383831024 1458
1690133404128 0.2525975704193115 1459
1690133404152 0.2525852918624878 1460
1690133404171 0.25257301330566406 1461
1690133404192 0.2525608241558075 1462
1690133404208 0.2525486946105957 1463
1690133404232 0.2525365948677063 1464
1690133404248 0.25252458453178406 1465
1690133404272 0.2525126338005066 1466
1690133404288 0.2525007128715515 1467
1690133404304 0.2524888217449188 1468
1690133404328 0.2524770200252533 1469
1690133404352 0.25246524810791016 1470
1690133404372 0.2524535655975342 1471
1690133404393 0.2524419128894806 1472
1690133404409 0.2524302899837494 1473
1690133404425 0.25241878628730774 1474
1690133404449 0.2524072825908661 1475
1690133404472 0.2523958384990692 1476
1690133404489 0.2523844838142395 1477
1690133404505 0.2523731291294098 1478
1690133404529 0.25236186385154724 1479
1690133404545 0.2523506283760071 1480
1690133404561 0.2523394525051117 1481
1690133404585 0.2523283064365387 1482
1690133404601 0.2523172199726105 1483
1690133404625 0.2523062229156494 1484
1690133404641 0.25229522585868835 1485
1690133404665 0.25228434801101685 1486
1690133404681 0.25227344036102295 1487
1690133404705 0.2522626221179962 1488
1690133404737 0.25225186347961426 1489
1690133404753 0.2522411346435547 1490
1690133404777 0.2522304654121399 1491
1690133404793 0.2522198259830475 1492
1690133404809 0.25220924615859985 1493
1690133404833 0.252198725938797 1494
1690133404849 0.2521882653236389 1495
1690133404873 0.25217780470848083 1496
1690133404889 0.2521674335002899 1497
1690133404905 0.2521570920944214 1498
1690133404929 0.25214681029319763 1499
1690133404953 0.25213655829429626 1500
1690133404973 0.2521263659000397 1501
1690133404993 0.25211623311042786 1502
1690133405009 0.2521061301231384 1503
1690133405025 0.2520960867404938 1504
1690133405052 0.2520860731601715 1505
1690133405065 0.252076119184494 1506
1690133405089 0.2520661950111389 1507
1690133405105 0.2520563006401062 1508
1690133405121 0.25204646587371826 1509
1690133405145 0.2520366907119751 1510
1690133405161 0.2520269751548767 1511
1690133405185 0.2520172894001007 1512
1690133405201 0.2520076334476471 1513
1690133405225 0.25199806690216064 1514
1690133405241 0.2519885003566742 1515
1690133405265 0.25197896361351013 1516
1690133405281 0.25196948647499084 1517
1690133405297 0.2519600987434387 1518
1690133405321 0.2519506812095642 1519
1690133405337 0.25194135308265686 1520
1690133405353 0.2519320845603943 1521
1690133405377 0.2519228160381317 1522
1690133405393 0.2519136071205139 1523
1690133405418 0.2519044280052185 1524
1690133405434 0.25189530849456787 1525
1690133405458 0.251886248588562 1526
1690133405474 0.25187718868255615 1527
1690133405490 0.25186818838119507 1528
1690133405514 0.25185924768447876 1529
1690133405530 0.25185033679008484 1530
1690133405554 0.2518414556980133 1531
1690133405574 0.25183263421058655 1532
1690133405594 0.2518238425254822 1533
1690133405610 0.2518150806427002 1534
1690133405626 0.2518063485622406 1535
1690133405650 0.2517976760864258 1536
1690133405666 0.2517890930175781 1537
1690133405690 0.2517804801464081 1538
1690133405706 0.2517719268798828 1539
1690133405722 0.2517634332180023 1540
1690133405746 0.2517549693584442 1541
1690133405762 0.2517465353012085 1542
1690133405786 0.2517381012439728 1543
1690133405802 0.2517297863960266 1544
1690133405826 0.25172147154808044 1545
1690133405842 0.25171318650245667 1546
1690133405866 0.2517049312591553 1547
1690133405887 0.25169676542282104 1548
1690133405907 0.25168856978416443 1549
1690133405923 0.2516804337501526 1550
1690133405939 0.2516723573207855 1551
1690133405963 0.25166434049606323 1552
1690133405979 0.25165629386901855 1553
1690133406003 0.25164833664894104 1554
1690133406019 0.2516404092311859 1555
1690133406043 0.2516325116157532 1556
1690133406059 0.2516246438026428 1557
1690133406083 0.25161680579185486 1558
1690133406099 0.25160902738571167 1559
1690133406123 0.25160127878189087 1560
1690133406139 0.25159355998039246 1561
1690133406163 0.25158587098121643 1562
1690133406187 0.2515782117843628 1563
1690133406252 0.25157061219215393 1564
1690133406281 0.25156304240226746 1565
1690133406301 0.25155550241470337 1566
1690133406317 0.25154799222946167 1567
1690133406341 0.25154051184654236 1568
1690133406357 0.2515330910682678 1569
1690133406381 0.2515257000923157 1570
1690133406397 0.2515183389186859 1571
1690133406413 0.25151100754737854 1572
1690133406437 0.25150370597839355 1573
1690133406453 0.25149646401405334 1574
1690133406475 0.25148919224739075 1575
1690133406493 0.2514820396900177 1576
1690133406509 0.25147485733032227 1577
1690133406533 0.2514677345752716 1578
1690133406549 0.2514606714248657 1579
1690133406565 0.25145357847213745 1580
1690133406589 0.25144654512405396 1581
1690133406605 0.25143957138061523 1582
1690133406621 0.2514325976371765 1583
1690133406645 0.2514256536960602 1584
1690133406661 0.2514187693595886 1585
1690133406685 0.25141191482543945 1586
1690133406701 0.2514050602912903 1587
1690133406717 0.2513982653617859 1588
1690133406741 0.2513915002346039 1589
1690133406757 0.25138476490974426 1590
1690133406775 0.25137805938720703 1591
1690133406797 0.2513713836669922 1592
1690133406821 0.25136473774909973 1593
1690133406837 0.25135812163352966 1594
1690133406853 0.25135156512260437 1595
1690133406875 0.2513450086116791 1596
1690133406893 0.25133848190307617 1597
1690133406909 0.25133198499679565 1598
1690133406925 0.2513255178928375 1599
1690133406952 0.25131911039352417 1600
1690133406966 0.2513127028942108 1601
1690133406990 0.25130632519721985 1602
1690133407006 0.25130000710487366 1603
1690133407022 0.25129368901252747 1604
1690133407038 0.25128743052482605 1605
1690133407062 0.25128117203712463 1606
1690133407086 0.2512749433517456 1607
1690133407102 0.25126874446868896 1608
1690133407126 0.2512626051902771 1609
1690133407142 0.25125643610954285 1610
1690133407158 0.25125035643577576 1611
1690133407182 0.25124427676200867 1612
1690133407198 0.25123825669288635 1613
1690133407222 0.25123223662376404 1614
1690133407238 0.2512262165546417 1615
1690133407254 0.2512202560901642 1616
1690133407278 0.25121432542800903 1617
1690133407302 0.25120845437049866 1618
1690133407318 0.2512025535106659 1619
1690133407334 0.2511967122554779 1620
1690133407358 0.2511908710002899 1621
1690133407376 0.2511850893497467 1622
1690133407390 0.2511793076992035 1623
1690133407414 0.25117355585098267 1624
1690133407438 0.2511678636074066 1625
1690133407454 0.25116220116615295 1626
1690133407476 0.2511565387248993 1627
1690133407494 0.25115087628364563 1628
1690133407510 0.25114530324935913 1629
1690133407534 0.25113973021507263 1630
1690133407550 0.25113415718078613 1631
1690133407566 0.2511286437511444 1632
1690133407590 0.2511231303215027 1633
1690133407606 0.25111764669418335 1634
1690133407622 0.2511122226715088 1635
1690133407646 0.25110679864883423 1636
1690133407662 0.25110140442848206 1637
1690133407686 0.25109604001045227 1638
1690133407710 0.2510906755924225 1639
1690133407726 0.2510853707790375 1640
1690133407742 0.25108006596565247 1641
1690133407766 0.25107482075691223 1642
1690133407783 0.2510695457458496 1643
1690133407807 0.25106436014175415 1644
1690133407823 0.2510591447353363 1645
1690133407847 0.25105398893356323 1646
1690133407863 0.2510488033294678 1647
1690133407879 0.2510437071323395 1648
1690133407903 0.2510386109352112 1649
1690133407919 0.2510335445404053 1650
1690133407935 0.25102847814559937 1651
1690133407959 0.25102347135543823 1652
1690133407977 0.2510184645652771 1653
1690133407991 0.25101348757743835 1654
1690133408015 0.251008540391922 1655
1690133408031 0.25100359320640564 1656
1690133408055 0.25099870562553406 1657
1690133408071 0.25099384784698486 1658
1690133408087 0.2509889602661133 1659
1690133408111 0.2509841322898865 1660
1690133408127 0.25097930431365967 1661
1690133408143 0.25097453594207764 1662
1690133408167 0.2509697675704956 1663
1690133408183 0.25096502900123596 1664
1690133408207 0.2509602904319763 1665
1690133408224 0.25095558166503906 1666
1690133408240 0.2509509027004242 1667
1690133408264 0.2509462833404541 1668
1690133408280 0.25094160437583923 1669
1690133408304 0.2509370446205139 1670
1690133408320 0.2509324550628662 1671
1690133408336 0.2509278655052185 1672
1690133408360 0.2509233355522156 1673
1690133408384 0.25091880559921265 1674
1690133408400 0.2509143054485321 1675
1690133408424 0.25090983510017395 1676
1690133408440 0.2509053945541382 1677
1690133408456 0.25090092420578003 1678
1690133408480 0.25089654326438904 1679
1690133408504 0.25089213252067566 1680
1690133408520 0.25088778138160706 1681
1690133408536 0.25088343024253845 1682
1690133408560 0.25087907910346985 1683
1690133408578 0.250874787569046 1684
1690133408592 0.2508704960346222 1685
1690133408616 0.25086623430252075 1686
1690133408632 0.2508619427680969 1687
1690133408656 0.25085774064064026 1688
1690133408672 0.2508535385131836 1689
1690133408688 0.2508493661880493 1690
1690133408712 0.25084519386291504 1691
1690133408736 0.25084105134010315 1692
1690133408752 0.25083693861961365 1693
1690133408768 0.25083279609680176 1694
1690133408792 0.25082871317863464 1695
1690133408808 0.25082463026046753 1696
1690133408824 0.2508206069469452 1697
1690133408848 0.25081658363342285 1698
1690133408872 0.2508125901222229 1699
1690133408889 0.25080859661102295 1700
1690133408905 0.2508046329021454 1701
1690133408929 0.2508006691932678 1702
1690133408953 0.25079676508903503 1703
1690133408969 0.25079283118247986 1704
1690133408993 0.25078892707824707 1705
1690133409009 0.25078505277633667 1706
1690133409033 0.25078123807907104 1707
1690133409049 0.25077739357948303 1708
1690133409073 0.2507735788822174 1709
1690133409089 0.2507697641849518 1710
1690133409113 0.25076597929000854 1711
1690133409129 0.2507622241973877 1712
1690133409153 0.25075846910476685 1713
1690133409169 0.2507547438144684 1714
1690133409193 0.2507510483264923 1715
1690133409209 0.25074735283851624 1716
1690133409225 0.25074368715286255 1717
1690133409249 0.25074005126953125 1718
1690133409265 0.25073641538619995 1719
1690133409289 0.25073277950286865 1720
1690133409305 0.25072917342185974 1721
1690133409329 0.2507255971431732 1722
1690133409345 0.2507220506668091 1723
1690133409409 0.25071850419044495 1724
1690133409433 0.2507149875164032 1725
1690133409457 0.25071144104003906 1726
1690133409479 0.2507079541683197 1727
1690133409497 0.25070446729660034 1728
1690133409513 0.25070101022720337 1729
1690133409529 0.2506975531578064 1730
1690133409553 0.2506941556930542 1731
1690133409570 0.2506907284259796 1732
1690133409586 0.2506873309612274 1733
1690133409610 0.2506839632987976 1734
1690133409626 0.2506805956363678 1735
1690133409650 0.2506772577762604 1736
1690133409666 0.25067391991615295 1737
1690133409690 0.25067058205604553 1738
1690133409706 0.2506673336029053 1739
1690133409730 0.2506640553474426 1740
1690133409746 0.25066080689430237 1741
1690133409770 0.2506575286388397 1742
1690133409786 0.25065428018569946 1743
1690133409802 0.25065112113952637 1744
1690133409826 0.2506479024887085 1745
1690133409842 0.250644713640213 1746
1690133409858 0.2506415545940399 1747
1690133409882 0.2506383955478668 1748
1690133409898 0.2506352365016937 1749
1690133409922 0.2506321370601654 1750
1690133409938 0.2506290376186371 1751
1690133409954 0.2506259083747864 1752
1690133409978 0.25062283873558044 1753
1690133409994 0.2506197988986969 1754
1690133410018 0.25061675906181335 1755
1690133410034 0.2506137192249298 1756
1690133410058 0.25061070919036865 1757
1690133410074 0.2506077289581299 1758
1690133410098 0.2506047487258911 1759
1690133410114 0.25060176849365234 1760
1690133410138 0.2505987882614136 1761
1690133410154 0.2505958676338196 1762
1690133410170 0.2505929470062256 1763
1690133410194 0.2505900263786316 1764
1690133410210 0.25058713555336 1765
1690133410234 0.2505842447280884 1766
1690133410250 0.25058138370513916 1767
1690133410274 0.25057855248451233 1768
1690133410290 0.2505756914615631 1769
1690133410306 0.2505728602409363 1770
1690133410330 0.25057005882263184 1771
1690133410354 0.2505672574043274 1772
1690133410370 0.25056448578834534 1773
1690133410386 0.2505617141723633 1774
1690133410410 0.2505589723587036 1775
1690133410426 0.25055623054504395 1776
1690133410450 0.2505534887313843 1777
1690133410466 0.250550776720047 1778
1690133410482 0.2505480647087097 1779
1690133410506 0.2505453824996948 1780
1690133410522 0.2505427300930023 1781
1690133410538 0.2505400478839874 1782
1690133410562 0.2505373954772949 1783
1690133410586 0.2505347728729248 1784
1690133410603 0.2505321502685547 1785
1690133410618 0.25052952766418457 1786
1690133410643 0.25052696466445923 1787
1690133410666 0.2505243718624115 1788
1690133410683 0.25052180886268616 1789
1690133410699 0.2505192458629608 1790
1690133410723 0.25051671266555786 1791
1690133410739 0.2505141794681549 1792
1690133410763 0.25051167607307434 1793
1690133410780 0.2505091428756714 1794
1690133410803 0.2505066692829132 1795
1690133410819 0.25050419569015503 1796
1690133410835 0.25050172209739685 1797
1690133410859 0.25049927830696106 1798
1690133410875 0.2504968047142029 1799
1690133410891 0.25049442052841187 1800
1690133410918 0.2504919767379761 1801
1690133410931 0.25048959255218506 1802
1690133410955 0.25048717856407166 1803
1690133410971 0.25048479437828064 1804
1690133410987 0.250482439994812 1805
1690133411011 0.2504800856113434 1806
1690133411035 0.25047773122787476 1807
1690133411051 0.2504754066467285 1808
1690133411075 0.2504730820655823 1809
1690133411091 0.2504707872867584 1810
1690133411107 0.25046849250793457 1811
1690133411131 0.2504662275314331 1812
1690133411147 0.25046393275260925 1813
1690133411171 0.2504616677761078 1814
1690133411187 0.2504594326019287 1815
1690133411212 0.25045719742774963 1816
1690133411235 0.25045496225357056 1817
1690133411251 0.25045275688171387 1818
1690133411267 0.2504505515098572 1819
1690133411291 0.2504483461380005 1820
1690133411307 0.2504461705684662 1821
1690133411331 0.2504439949989319 1822
1690133411355 0.2504418194293976 1823
1690133411371 0.25043970346450806 1824
1690133411396 0.25043755769729614 1825
1690133411412 0.25043541193008423 1826
1690133411436 0.2504333257675171 1827
1690133411460 0.25043120980262756 1828
1690133411481 0.2504291236400604 1829
1690133411500 0.2504270374774933 1830
1690133411516 0.25042495131492615 1831
1690133411540 0.2504228949546814 1832
1690133411556 0.25042083859443665 1833
1690133411581 0.2504188120365143 1834
1690133411596 0.25041675567626953 1835
1690133411612 0.25041475892066956 1836
1690133411636 0.2504127323627472 1837
1690133411652 0.2504107654094696 1838
1690133411676 0.25040876865386963 1839
1690133411692 0.25040677189826965 1840
1690133411716 0.25040483474731445 1841
1690133411732 0.2504028379917145 1842
1690133411756 0.25040093064308167 1843
1690133411772 0.2503989636898041 1844
1690133411788 0.25039705634117126 1845
1690133411812 0.25039514899253845 1846
1690133411828 0.25039321184158325 1847
1690133411852 0.2503913342952728 1848
1690133411868 0.25038942694664 1849
1690133411884 0.2503875494003296 1850
1690133411908 0.25038567185401917 1851
1690133411924 0.25038382411003113 1852
1690133411948 0.2503819763660431 1853
1690133411964 0.25038015842437744 1854
1690133411981 0.2503783106803894 1855
1690133412004 0.25037649273872375 1856
1690133412020 0.2503747045993805 1857
1690133412044 0.25037285685539246 1858
1690133412060 0.2503710985183716 1859
1690133412084 0.2503693103790283 1860
1690133412100 0.25036752223968506 1861
1690133412124 0.2503657639026642 1862
1690133412140 0.2503640055656433 1863
1690133412156 0.2503622770309448 1864
1690133412181 0.25036051869392395 1865
1690133412196 0.25035879015922546 1866
1690133412220 0.250357061624527 1867
1690133412236 0.2503553628921509 1868
1690133412252 0.2503536641597748 1869
1690133412276 0.25035199522972107 1870
1690133412292 0.25035029649734497 1871
1690133412308 0.25034862756729126 1872
1690133412332 0.25034695863723755 1873
1690133412348 0.25034528970718384 1874
1690133412372 0.2503436505794525 1875
1690133412389 0.2503420114517212 1876
1690133412405 0.25034037232398987 1877
1690133412421 0.25033876299858093 1878
1690133412445 0.250337153673172 1879
1690133412461 0.25033554434776306 1880
1690133412485 0.2503339350223541 1881
1690133412501 0.2503323554992676 1882
1690133412517 0.25033077597618103 1883
1690133412541 0.25032922625541687 1884
1690133412557 0.2503276467323303 1885
1690133412582 0.25032609701156616 1886
1690133412597 0.250324547290802 1887
1690133412653 0.25032302737236023 1888
1690133412682 0.25032147765159607 1889
1690133412701 0.2503199577331543 1890
1690133412717 0.2503184378147125 1891
1690133412741 0.25031694769859314 1892
1690133412757 0.25031542778015137 1893
1690133412773 0.250313937664032 1894
1690133412798 0.2503124475479126 1895
1690133412814 0.2503109872341156 1896
1690133412830 0.2503095269203186 1897
1690133412854 0.2503080666065216 1898
1690133412870 0.2503066062927246 1899
1690133412886 0.25030517578125 1900
1690133412910 0.250303715467453 1901
1690133412926 0.2503023147583008 1902
1690133412950 0.25030088424682617 1903
1690133412966 0.25029948353767395 1904
1690133412990 0.25029808282852173 1905
1690133413006 0.2502966821193695 1906
1690133413030 0.2502952516078949 1907
1690133413046 0.25029388070106506 1908
1690133413062 0.25029250979423523 1909
1690133413086 0.2502911686897278 1910
1690133413102 0.25028979778289795 1911
1690133413118 0.2502884268760681 1912
1690133413142 0.25028708577156067 1913
1690133413158 0.2502857446670532 1914
1690133413182 0.2502844035625458 1915
1690133413198 0.25028306245803833 1916
1690133413222 0.25028175115585327 1917
1690133413238 0.2502804398536682 1918
1690133413254 0.25027912855148315 1919
1690133413278 0.25027787685394287 1920
1690133413295 0.2502765357494354 1921
1690133413311 0.25027528405189514 1922
1690133413343 0.25027403235435486 1923
1690133413359 0.2502727210521698 1924
1690133413382 0.2502714693546295 1925
1690133413398 0.25027021765708923 1926
1690133413422 0.25026896595954895 1927
1690133413438 0.25026774406433105 1928
1690133413454 0.25026649236679077 1929
1690133413482 0.2502652406692505 1930
1690133413502 0.2502640187740326 1931
1690133413518 0.2502628266811371 1932
1690133413543 0.2502616345882416 1933
1690133413558 0.2502604126930237 1934
1690133413574 0.2502591907978058 1935
1690133413598 0.25025802850723267 1936
1690133413614 0.25025686621665955 1937
1690133413630 0.25025564432144165 1938
1690133413654 0.2502545118331909 1939
1690133413670 0.2502533197402954 1940
1690133413686 0.2502521574497223 1941
1690133413711 0.25025099515914917 1942
1690133413727 0.25024986267089844 1943
1690133413751 0.2502487301826477 1944
1690133413767 0.250247597694397 1945
1690133413783 0.25024646520614624 1946
1690133413807 0.2502453327178955 1947
1690133413823 0.25024423003196716 1948
1690133413839 0.25024309754371643 1949
1690133413863 0.2502419948577881 1950
1690133413887 0.25024089217185974 1951
1690133413903 0.2502398192882538 1952
1690133413927 0.2502387464046478 1953
1690133413943 0.25023767352104187 1954
1690133413959 0.2502366006374359 1955
1690133413983 0.25023549795150757 1956
1690133413999 0.250234454870224 1957
1690133414015 0.25023338198661804 1958
1690133414039 0.2502323389053345 1959
1690133414055 0.2502312958240509 1960
1690133414079 0.25023025274276733 1961
1690133414095 0.25022920966148376 1962
1690133414119 0.2502281963825226 1963
1690133414135 0.250227153301239 1964
1690133414151 0.25022614002227783 1965
1690133414175 0.25022515654563904 1966
1690133414191 0.25022411346435547 1967
1690133414215 0.2502231299877167 1968
1690133414231 0.2502221465110779 1969
1690133414247 0.2502211630344391 1970
1690133414271 0.2502201795578003 1971
1690133414287 0.2502191662788391 1972
1690133414303 0.2502182126045227 1973
1690133414327 0.2502172291278839 1974
1690133414343 0.2502162754535675 1975
1690133414367 0.2502153217792511 1976
1690133414383 0.2502143383026123 1977
1690133414407 0.2502134144306183 1978
1690133414423 0.2502124607563019 1979
1690133414439 0.25021153688430786 1980
1690133414463 0.25021061301231384 1981
1690133414486 0.25020965933799744 1982
1690133414503 0.2502087354660034 1983
1690133414519 0.2502078115940094 1984
1690133414535 0.25020691752433777 1985
1690133414559 0.25020599365234375 1986
1690133414575 0.2502050995826721 1987
1690133414591 0.2502042055130005 1988
1690133414615 0.25020331144332886 1989
1690133414631 0.2502024173736572 1990
1690133414655 0.250201553106308 1991
1690133414671 0.25020065903663635 1992
1690133414687 0.2501997947692871 1993
1690133414711 0.25019893050193787 1994
1690133414727 0.2501980662345886 1995
1690133414751 0.2501972019672394 1996
1690133414767 0.25019633769989014 1997
1690133414791 0.2501955032348633 1998
1690133414807 0.25019463896751404 1999
