1690134970865 0.5735136866569519 0
1690134970922 0.5521565675735474 1
1690134970946 0.5294231176376343 2
1690134970962 0.5057158470153809 3
1690134970986 0.4816357493400574 4
1690134971002 0.45794641971588135 5
1690134971026 0.4354720115661621 6
1690134971042 0.4149216413497925 7
1690134971058 0.39668673276901245 8
1690134971082 0.3807322382926941 9
1690134971098 0.3667014241218567 10
1690134971114 0.3541608452796936 11
1690134971130 0.3427720069885254 12
1690134971154 0.3323183059692383 13
1690134971170 0.32266682386398315 14
1690134971186 0.3137292265892029 15
1690134971274 0.30543947219848633 16
1690134971298 0.2977413237094879 17
1690134971314 0.29058173298835754 18
1690134971330 0.2839057147502899 19
1690134971354 0.2776525020599365 20
1690134971370 0.2717525362968445 21
1690134971386 0.2661250829696655 22
1690134971410 0.2606763541698456 23
1690134971426 0.25529810786247253 24
1690134971442 0.2498662918806076 25
1690134971458 0.24424010515213013 26
1690134971482 0.23826248943805695 27
1690134971498 0.2317637801170349 28
1690134971514 0.22457100450992584 29
1690134971530 0.21652710437774658 30
1690134971554 0.20752456784248352 31
1690134971570 0.19755640625953674 32
1690134971586 0.18677949905395508 33
1690134971610 0.1755715310573578 34
1690134971626 0.16454024612903595 35
1690134971642 0.15443390607833862 36
1690134971666 0.1459304392337799 37
1690134971682 0.13936495780944824 38
1690134971698 0.1345418244600296 39
1690134971722 0.13077273964881897 40
1690134971738 0.12714612483978271 41
1690134971762 0.12287488579750061 42
1690134971778 0.11754103749990463 43
1690134971802 0.11116041243076324 44
1690134971818 0.10410096496343613 45
1690134971834 0.0969230979681015 46
1690134971858 0.09019920974969864 47
1690134971874 0.08435394614934921 48
1690134971898 0.07955863326787949 49
1690134971914 0.07570580393075943 50
1690134972139 0.07247486710548401 51
1690134972163 0.06946571171283722 52
1690134972187 0.06634621322154999 53
1690134972203 0.06295210868120193 54
1690134972227 0.059308040887117386 55
1690134972251 0.05557769164443016 56
1690134972274 0.05197674036026001 57
1690134972290 0.04868776351213455 58
1690134972315 0.04580683261156082 59
1690134972330 0.04333275184035301 60
1690134972346 0.04119093343615532 61
1690134972371 0.039273038506507874 62
1690134972395 0.037475064396858215 63
1690134972411 0.03572273254394531 64
1690134972435 0.03398127108812332 65
1690134972459 0.032252129167318344 66
1690134972491 0.030561309307813644 67
1690134972515 0.028945062309503555 68
1690134972539 0.02743689715862274 69
1690134972563 0.026058675721287727 70
1690134972587 0.024816786870360374 71
1690134972603 0.023702679201960564 72
1690134972619 0.022696955129504204 73
1690134972643 0.021775076165795326 74
1690134972659 0.02091309055685997 75
1690134972683 0.020092232152819633 76
1690134972699 0.0193011537194252 77
1690134972715 0.018536007031798363 78
1690134972739 0.01779869943857193 79
1690134972755 0.017094219103455544 80
1690134972771 0.016427990049123764 81
1690134972795 0.015803873538970947 82
1690134972819 0.015223238617181778 83
1690134972843 0.014684781432151794 84
1690134972859 0.014185057953000069 85
1690134972883 0.013719376176595688 86
1690134972899 0.013282636180520058 87
1690134972923 0.012870099395513535 88
1690134972939 0.012477828189730644 89
1690134972959 0.012102993205189705 90
1690134972979 0.011743716895580292 91
1690134972995 0.011399085633456707 92
1690134973011 0.011068729683756828 93
1690134973035 0.010752696543931961 94
1690134973051 0.010451065376400948 95
1690134973075 0.010163824073970318 96
1690134973091 0.009890787303447723 97
1690134973107 0.00963146984577179 98
1690134973131 0.009385138750076294 99
1690134973147 0.009150882251560688 100
1690134973171 0.008927700109779835 101
1690134973187 0.008714563213288784 102
1690134973203 0.008510490879416466 103
1690134973227 0.008314607664942741 104
1690134973243 0.00812621507793665 105
1690134973267 0.007944758050143719 106
1690134973283 0.007769782096147537 107
1690134973299 0.007600999902933836 108
1690134973323 0.0074381958693265915 109
1690134973339 0.007281164638698101 110
1690134973363 0.0071297562681138515 111
1690134973379 0.006983780302107334 112
1690134973395 0.006843066308647394 113
1690134973419 0.006707391701638699 114
1690134973435 0.006576509680598974 115
1690134973451 0.006450190208852291 116
1690134973475 0.0063281795009970665 117
1690134973491 0.006210223771631718 118
1690134973515 0.006096066907048225 119
1690134973531 0.005985507741570473 120
1690134973548 0.005878342315554619 121
1690134973572 0.005774379707872868 122
1690134973588 0.005673461128026247 123
1690134973918 0.0055754706263542175 124
1690134973934 0.005480279214680195 125
1690134973966 0.005387761164456606 126
1690134973982 0.00529785081744194 127
1690134974006 0.005210435017943382 128
1690134974030 0.005125429946929216 129
1690134974046 0.005042755510658026 130
1690134974078 0.004962319508194923 131
1690134974102 0.004884038586169481 132
1690134974126 0.004807843826711178 133
1690134974142 0.004733630921691656 134
1690134974174 0.004661341197788715 135
1690134974198 0.004590884316712618 136
1690134974222 0.004522203467786312 137
1690134974246 0.004455216228961945 138
1690134974262 0.004389858804643154 139
1690134974286 0.004326081834733486 140
1690134974302 0.004263807088136673 141
1690134974334 0.004202995449304581 142
1690134974362 0.004143600817769766 143
1690134974382 0.0040855733677744865 144
1690134974406 0.004028859082609415 145
1690134974430 0.0039734249003231525 146
1690134974462 0.003919221460819244 147
1690134974486 0.003866235725581646 148
1690134974510 0.0038143880665302277 149
1690134974526 0.0037636933848261833 150
1690134974550 0.003714081598445773 151
1690134974574 0.003665537340566516 152
1690134974598 0.003618011251091957 153
1690134974614 0.003571487497538328 154
1690134974646 0.0035259267315268517 155
1690134974670 0.003481299616396427 156
1690134974694 0.003437585663050413 157
1690134974734 0.003394762519747019 158
1690134974767 0.0033527910709381104 159
1690134974798 0.0033116487320512533 160
1690134974814 0.003271315712481737 161
1690134974838 0.003231773152947426 162
1690134974854 0.0031929980032145977 163
1690134974878 0.0031549588311463594 164
1690134974894 0.0031176437623798847 165
1690134974918 0.0030810439493507147 166
1690134974934 0.003045117948204279 167
1690134974950 0.0030098704155534506 168
1690134974966 0.002975261304527521 169
1690134974991 0.0029413076117634773 170
1690134975007 0.0029079520609229803 171
1690134975023 0.002875208854675293 172
1690134975039 0.0028430474922060966 173
1690134975063 0.002811452141031623 174
1690134975079 0.002780431881546974 175
1690134975095 0.0027499389834702015 176
1690134975119 0.002719982760027051 177
1690134975135 0.0026905422564595938 178
1690134975151 0.0026616211980581284 179
1690134975175 0.0026331725530326366 180
1690134975191 0.00260522635653615 181
1690134975216 0.0025777327828109264 182
1690134975232 0.002550711389631033 183
1690134975248 0.0025241340044885874 184
1690134975272 0.0024979941081255674 185
1690134975288 0.0024722814559936523 186
1690134975304 0.0024469858035445213 187
1690134975328 0.00242211134172976 188
1690134975344 0.0023976191878318787 189
1690134975365 0.0023735305294394493 190
1690134975384 0.0023498223163187504 191
1690134975400 0.0023264859337359667 192
1690134975416 0.0023035139311105013 193
1690134975440 0.002280899090692401 194
1690134975456 0.0022586476989090443 195
1690134975472 0.002236726228147745 196
1690134975488 0.0022151400335133076 197
1690134975512 0.0021938858553767204 198
1690134975528 0.0021729443687945604 199
1690135002713 0.002152325256846943 0
