1690144997651 0.9607144594192505 0
1690144998328 0.7777730822563171 1
1690144999034 0.4622599482536316 2
1690144999723 0.3052157163619995 3
1690145000355 0.18787217140197754 4
1690145001063 0.20697838068008423 5
1690145001848 0.14474192261695862 6
1690145002512 0.11018077284097672 7
1690145003217 0.11005228012800217 8
1690145003885 0.09125128388404846 9
1690145004878 0.10932151973247528 10
1690145005455 0.09160011261701584 11
1690145006013 0.07415571808815002 12
1690145006991 0.07614903897047043 13
1690145007672 0.07615908980369568 14
1690145008281 0.0738719031214714 15
1690145009016 0.0583384670317173 16
1690145009773 0.06427749246358871 17
1690145010399 0.05202355980873108 18
1690145011090 0.05940013378858566 19
1690145011749 0.05579933524131775 20
1690145012349 0.05626947060227394 21
1690145013149 0.046216875314712524 22
1690145013848 0.03502190485596657 23
1690145014505 0.05262187495827675 24
1690145015313 0.04627585411071777 25
1690145015956 0.0354653038084507 26
1690145016578 0.04081316664814949 27
1690145017701 0.034731294959783554 28
1690145018339 0.04154041409492493 29
1690145018893 0.032000456005334854 30
1690145019497 0.0258734580129385 31
1690145020152 0.034885473549366 32
1690145020792 0.03394107148051262 33
1690145021346 0.0400567390024662 34
1690145021955 0.022685900330543518 35
1690145022579 0.02338447794318199 36
1690145023206 0.026349786669015884 37
1690145024046 0.0264267660677433 38
1690145025080 0.029973888769745827 39
1690145025743 0.02816745638847351 40
1690145026435 0.02227688394486904 41
1690145027155 0.012326164171099663 42
1690145027749 0.029738187789916992 43
1690145028344 0.015066154301166534 44
1690145028984 0.016051005572080612 45
1690145029648 0.0186112392693758 46
1690145030331 0.01386096328496933 47
1690145031181 0.011359908618032932 48
1690145031853 0.0165072251111269 49
1690145032450 0.017047284170985222 50
