1690135244175 0.5000687837600708 0
1690135244252 0.4916723668575287 1
1690135244276 0.48290660977363586 2
1690135244300 0.47362709045410156 3
1690135244316 0.4638279974460602 4
1690135244332 0.453525185585022 5
1690135244348 0.44274914264678955 6
1690135244364 0.4315287172794342 7
1690135244380 0.41988667845726013 8
1690135244388 0.4078669548034668 9
1690135244404 0.3955382704734802 10
1690135244420 0.3829968571662903 11
1690135244436 0.3703708350658417 12
1690135244452 0.3578205704689026 13
1690135244468 0.3455336391925812 14
1690135244484 0.33371230959892273 15
1690135244500 0.32255545258522034 16
1690135244517 0.3122381865978241 17
1690135244533 0.30289340019226074 18
1690135244549 0.29459983110427856 19
1690135244557 0.2873786687850952 20
1690135244645 0.28119853138923645 21
1690135244661 0.2759868800640106 22
1690135244677 0.2716442942619324 23
1690135244693 0.2680586874485016 24
1690135244709 0.26511654257774353 25
1690135244717 0.2627113461494446 26
1690135244733 0.26074784994125366 27
1690135244749 0.25914424657821655 28
1690135244765 0.25783199071884155 29
1690135244773 0.2567548155784607 30
1690135244797 0.2558671534061432 31
1690135244813 0.255132257938385 32
1690135244829 0.2545209228992462 33
1690135244845 0.2540096640586853 34
1690135244861 0.25357985496520996 35
1690135244877 0.25321659445762634 36
1690135244893 0.25290799140930176 37
1690135244909 0.252644419670105 38
1690135244917 0.25241819024086 39
1690135244933 0.25222301483154297 40
1690135244949 0.2520538568496704 41
1690135244965 0.25190654397010803 42
1690135244981 0.251777708530426 43
1690135244989 0.25166451930999756 44
1690135245014 0.2515646815299988 45
1690135245030 0.2514762282371521 46
1690135245046 0.25139760971069336 47
1690135245062 0.25132742524147034 48
1690135245078 0.2512645721435547 49
1690135245094 0.2512080669403076 50
1690135245110 0.25115710496902466 51
1690135245126 0.2511110007762909 52
1690135245150 0.2510691285133362 53
1690135245166 0.25103098154067993 54
1690135245182 0.2509961724281311 55
1690135245198 0.2509642243385315 56
1690135245230 0.2509349286556244 57
1690135245254 0.25090786814689636 58
1690135245270 0.2508828938007355 59
1690135245286 0.25085973739624023 60
1690135245472 0.2508382499217987 61
1690135245494 0.2508182227611542 62
1690135245526 0.2507994771003723 63
1690135245550 0.25078198313713074 64
1690135245574 0.25076550245285034 65
1690135245590 0.25075000524520874 66
1690135245606 0.25073543190956116 67
1690135245622 0.25072163343429565 68
1690135245638 0.25070855021476746 69
1690135245654 0.2506961226463318 70
1690135245670 0.25068432092666626 71
1690135245686 0.2506730556488037 72
1690135245694 0.25066226720809937 73
1690135245714 0.2506519854068756 74
1690135245726 0.2506421208381653 75
1690135245742 0.250632643699646 76
1690135245758 0.25062352418899536 77
1690135245774 0.250614732503891 78
1690135245790 0.2506062388420105 79
1690135245814 0.2505980432033539 80
1690135245830 0.25059011578559875 81
1690135245846 0.25058242678642273 82
1690135245862 0.2505750060081482 83
1690135245878 0.250567764043808 84
1690135245894 0.2505607008934021 85
1690135245914 0.2505538761615753 86
1690135245926 0.2505471706390381 87
1690135245942 0.25054067373275757 88
1690135245958 0.250534325838089 89
1690135245982 0.25052812695503235 90
1690135245998 0.25052207708358765 91
1690135246014 0.2505161166191101 92
1690135246031 0.2505103349685669 93
1690135246038 0.25050464272499084 94
1690135246063 0.25049906969070435 95
1690135246079 0.2504936456680298 96
1690135246094 0.25048828125 97
1690135246111 0.2504830062389374 98
1690135246127 0.2504778504371643 99
1690135246135 0.2504728138446808 100
1690135246151 0.25046780705451965 101
1690135246167 0.25046294927597046 102
1690135246183 0.25045815110206604 103
1690135246199 0.2504534125328064 104
1690135246215 0.2504487633705139 105
1690135246231 0.2504442036151886 106
1690135246239 0.25043970346450806 107
1690135246255 0.2504352629184723 108
1690135246271 0.2504309117794037 109
1690135246287 0.25042659044265747 110
1690135246303 0.2504223883152008 111
1690135246319 0.25041821599006653 112
1690135246335 0.250414103269577 113
1690135246351 0.2504100799560547 114
1690135246367 0.25040608644485474 115
1690135246383 0.25040218234062195 116
1690135246399 0.25039830803871155 117
1690135246415 0.25039446353912354 118
1690135246439 0.2503907084465027 119
1690135246455 0.2503870129585266 120
1690135246471 0.2503833472728729 121
1690135246479 0.250379741191864 122
1690135246495 0.2503761649131775 123
1690135246519 0.25037267804145813 124
1690135246535 0.25036919116973877 125
1690135246551 0.2503657937049866 126
1690135246567 0.25036242604255676 127
1690135246818 0.25035911798477173 128
1690135246834 0.2503558099269867 129
1690135246850 0.2503525912761688 130
1690135246866 0.25034937262535095 131
1690135246882 0.25034624338150024 132
1690135246898 0.25034311413764954 133
1690135246922 0.2503400444984436 134
1690135246938 0.25033703446388245 135
1690135246970 0.2503340244293213 136
1690135247018 0.2503310739994049 137
1690135247050 0.2503281533718109 138
1690135247069 0.2503252625465393 139
1690135247084 0.2503224313259125 140
1690135247099 0.25031960010528564 141
1690135247115 0.2503168284893036 142
1690135247131 0.2503141164779663 143
1690135247147 0.25031140446662903 144
1690135247163 0.25030872225761414 145
1690135247179 0.250306099653244 146
1690135247187 0.2503035068511963 147
1690135247203 0.25030091404914856 148
1690135247219 0.2502983808517456 149
1690135247235 0.25029587745666504 150
1690135247251 0.25029340386390686 151
1690135247259 0.2502909302711487 152
1690135247275 0.2502885162830353 153
1690135247291 0.25028613209724426 154
1690135247307 0.25028377771377563 155
1690135247323 0.2502814531326294 156
1690135247339 0.25027915835380554 157
1690135247355 0.2502768635749817 158
1690135247371 0.2502745985984802 159
1690135247387 0.25027239322662354 160
1690135247403 0.25027018785476685 161
1690135247419 0.25026801228523254 162
1690135247443 0.25026586651802063 163
1690135247459 0.2502637505531311 164
1690135247475 0.2502616345882416 165
1690135247491 0.2502595782279968 166
1690135247507 0.2502575218677521 167
1690135247523 0.2502555251121521 168
1690135247539 0.25025349855422974 169
1690135247555 0.25025153160095215 170
1690135247571 0.25024956464767456 171
1690135247587 0.25024762749671936 172
1690135247603 0.25024572014808655 173
1690135247620 0.25024381279945374 174
1690135247636 0.2502419352531433 175
1690135247644 0.25024011731147766 176
1690135247660 0.2502382695674896 177
1690135247684 0.25023648142814636 178
1690135247700 0.2502346932888031 179
1690135247716 0.2502329349517822 180
1690135247732 0.25023117661476135 181
1690135247748 0.25022944808006287 182
1690135247764 0.25022774934768677 183
1690135247772 0.25022605061531067 184
1690135247788 0.25022438168525696 185
1690135247804 0.25022271275520325 186
1690135247820 0.2502210736274719 187
1690135247836 0.250219464302063 188
1690135247852 0.25021788477897644 189
1690135247868 0.2502163052558899 190
1690135247884 0.25021472573280334 191
1690135247900 0.2502131760120392 192
1690135247908 0.2502116560935974 193
1690135247924 0.25021013617515564 194
1690135247940 0.25020861625671387 195
1690135247956 0.25020715594291687 196
1690135247980 0.2502056956291199 197
1690135247988 0.2502042055130005 198
1690135248004 0.2502027750015259 199
