1689332069010 2.296720504760742 0
1689332069238 1.3185733556747437 1
1689332069465 1.1623436212539673 2
1689332069726 1.082491397857666 3
1689332069934 1.0081526041030884 4
1689332070159 0.9255122542381287 5
1689332070368 0.8414865732192993 6
1689332070590 0.749222993850708 7
1689332070809 0.6526516079902649 8
1689332071035 0.5543437600135803 9
1689332071264 0.4584892988204956 10
1689332071489 0.3606347441673279 11
1689332071717 0.2735765278339386 12
1689332071937 0.19738012552261353 13
1689332072150 0.13709303736686707 14
1689332072364 0.08987182378768921 15
1689332072587 0.0577799454331398 16
1689332072820 0.03637058660387993 17
1689332073048 0.022782426327466965 18
1689332073278 0.014638438820838928 19
1689332073545 0.009797794744372368 20
1689332073763 0.0069353412836790085 21
1689332073983 0.005238916724920273 22
1689332074223 0.0040986728854477406 23
1689332074480 0.0031978513579815626 24
1689332074717 0.0025699306279420853 25
1689332075004 0.0020871413871645927 26
1689332075235 0.0017137732356786728 27
1689332075464 0.0014035453787073493 28
1689332075694 0.0011651166714727879 29
1689332075976 0.0009688004502095282 30
1689332076187 0.0008181750890798867 31
1689332076412 0.000689965789206326 32
1689332076639 0.0005821605445817113 33
1689332076867 0.0004991431487724185 34
1689332077094 0.00042158557334914804 35
1689332077356 0.0003610657004173845 36
1689332077604 0.00031078243046067655 37
1689332077846 0.00027009265613742173 38
1689332078075 0.00023378436162602156 39
1689332078288 0.00020263233454898 40
1689332078515 0.00017627397028263658 41
1689332078748 0.00015401623386424035 42
1689332078961 0.00013494522136170417 43
1689332079187 0.00011864940461236984 44
1689332079399 0.00010427070810692385 45
1689332079630 9.115543070947751e-05 46
1689332079857 8.024355338420719e-05 47
1689332080063 7.035323505988345e-05 48
1689332080280 5.967063407297246e-05 49
1689332080494 5.158509156899527e-05 50
1689332080722 4.626340887625702e-05 51
1689332080931 4.066079782205634e-05 52
1689332081163 3.607596954680048e-05 53
1689332081391 3.354516229592264e-05 54
1689332081611 2.8715452572214417e-05 55
1689332081834 2.5711797206895426e-05 56
1689332082050 2.280921944475267e-05 57
1689332082282 2.0216968550812453e-05 58
1689332082508 1.841498669818975e-05 59
