1689332069010 1.2418426275253296 0
1689332069238 0.9831145405769348 1
1689332069465 0.9336690902709961 2
1689332069726 0.9003341794013977 3
1689332069934 0.8676303625106812 4
1689332070159 0.8319371342658997 5
1689332070368 0.7920637726783752 6
1689332070590 0.7473405599594116 7
1689332070809 0.6967862248420715 8
1689332071035 0.6424049735069275 9
1689332071264 0.5820618271827698 10
1689332071489 0.5147807002067566 11
1689332071717 0.44649991393089294 12
1689332071937 0.3757045269012451 13
1689332072150 0.31053978204727173 14
1689332072364 0.24672996997833252 15
1689332072587 0.1907254308462143 16
1689332072820 0.14312420785427094 17
1689332073048 0.10376586765050888 18
1689332073278 0.07359524071216583 19
1689332073545 0.05257932469248772 20
1689332073763 0.03856857866048813 21
1689332073983 0.030251629650592804 22
1689332074223 0.024262337014079094 23
1689332074480 0.02202790230512619 24
1689332074717 0.01848497800529003 25
1689332075004 0.016050543636083603 26
1689332075235 0.01424953993409872 27
1689332075464 0.013263329863548279 28
1689332075694 0.011477143503725529 29
1689332075976 0.010274563916027546 30
1689332076187 0.008978092111647129 31
1689332076412 0.008163975551724434 32
1689332076639 0.007166669238358736 33
1689332076867 0.007407109718769789 34
1689332077094 0.006051848642528057 35
1689332077356 0.005459466017782688 36
1689332077604 0.004883105866611004 37
1689332077846 0.004564375150948763 38
1689332078075 0.004198561422526836 39
1689332078288 0.0037005716003477573 40
1689332078515 0.003405118128284812 41
1689332078748 0.0031554659362882376 42
1689332078961 0.0030302619561553 43
1689332079187 0.00278016016818583 44
1689332079399 0.002661490812897682 45
1689332079630 0.002286256058141589 46
1689332079857 0.0022640246897935867 47
1689332080063 0.002076816977933049 48
1689332080280 0.0020342152565717697 49
1689332080494 0.0016477920580655336 50
1689332080722 0.0018028051126748323 51
1689332080931 0.001442775479517877 52
1689332081163 0.001462164451368153 53
1689332081391 0.0016920083435252309 54
1689332081611 0.0012392114149406552 55
1689332081834 0.0012450317153707147 56
1689332082050 0.0011044616112485528 57
1689332082282 0.0010267230682075024 58
1689332082508 0.0011030660243704915 59
