1690190909326 0.6364690661430359 0
1690190909366 0.3896522521972656 1
1690190909385 0.23722302913665771 2
1690190909403 0.16146937012672424 3
1690190909419 0.13997940719127655 4
1690190909434 0.14863887429237366 5
1690190909451 0.1669265627861023 6
1690190909465 0.18169228732585907 7
1690190909478 0.1871694028377533 8
1690190909494 0.18267543613910675 9
1690190909510 0.17016483843326569 10
1690190909525 0.1525658220052719 11
1690190909587 0.13287538290023804 12
1690190909604 0.11372196674346924 13
1690190909619 0.09715971350669861 14
1690190909635 0.08456118404865265 15
1690190909651 0.07656019181013107 16
1690190909665 0.07304579764604568 17
1690190909680 0.07323665916919708 18
1690190909694 0.07585984468460083 19
1690190909710 0.07942791283130646 20
1690190909727 0.08256043493747711 21
1690190909741 0.0842634066939354 22
1690190909755 0.08408687263727188 23
1690190909771 0.08212693780660629 24
1690190909785 0.07889404147863388 25
1690190909799 0.07510887086391449 26
1690190909814 0.07149329036474228 27
1690190909829 0.06860792636871338 28
1690190909843 0.06676273047924042 29
1690190909858 0.06600157916545868 30
1690190909873 0.06614597141742706 31
1690190909889 0.06687456369400024 32
1690190909903 0.06781445443630219 33
1690190909920 0.0686238706111908 34
1690190909933 0.06905347853899002 35
1690190909947 0.06897919625043869 36
1690190909960 0.06840687990188599 37
1690190909976 0.06745195388793945 38
1690190910082 0.0663013905286789 39
1690190910096 0.06516586244106293 40
1690190910112 0.06423167884349823 41
1690190910126 0.06362142413854599 42
1690190910140 0.06337162107229233 43
1690190910154 0.06343187391757965 44
1690190910169 0.06368571519851685 45
1690190910182 0.06398741900920868 46
1690190910196 0.06420384347438812 47
1690190910232 0.06424911320209503 48
1690190910255 0.06410235911607742 49
1690190910274 0.06380428373813629 50
1690190910291 0.06343626976013184 51
1690190910305 0.06309036910533905 52
1690190910320 0.06284056603908539 53
1690190910335 0.06272397190332413 54
1690190910352 0.06273559480905533 55
1690190910369 0.06283647567033768 56
1690190910387 0.06297013908624649 57
1690190910404 0.0630815252661705 58
1690190910418 0.06313236802816391 59
1690190910435 0.06310950219631195 60
1690190910452 0.06302444636821747 61
1690190910467 0.06290596723556519 62
1690190910482 0.06278875470161438 63
1690190910499 0.0627017617225647 64
1690190910515 0.0626600831747055 65
1690190910529 0.06266210228204727 66
1690190910544 0.06269263476133347 67
1690190910560 0.06272977590560913 68
1690190910575 0.06275317072868347 69
1690190910590 0.06275065243244171 70
1690190910604 0.06272102147340775 71
1690190910618 0.06267264485359192 72
1690190910633 0.06261920183897018 73
1690190910649 0.06257405132055283 74
1690190910665 0.06254583597183228 75
1690190910681 0.06253639608621597 76
1690190910694 0.06254126876592636 77
1690190910709 0.06255239993333817 78
1690190910725 0.06256148219108582 79
1690190910741 0.06256282329559326 80
1690190910755 0.06255491077899933 81
1690190910769 0.06254005432128906 82
1690190910784 0.06252309679985046 83
1690190910799 0.06250899285078049 84
1690190910813 0.0625012069940567 85
1690190910827 0.06250058114528656 86
1690190910842 0.06250540167093277 87
1690190910858 0.06251248717308044 88
1690190910875 0.06251848489046097 89
1690190910890 0.06252111494541168 90
1690190910904 0.0625198483467102 91
1690190911087 0.06251567602157593 92
1690190911101 0.06251058727502823 93
1690190911117 0.06250657141208649 94
1690190911130 0.06250478327274323 95
1690190911145 0.06250541657209396 96
1690190911159 0.06250760704278946 97
1690190911173 0.06251009553670883 98
1690190911188 0.0625116303563118 99
1690190911202 0.06251159310340881 100
1690190911216 0.06251005828380585 101
1690190911230 0.06250765174627304 102
1690190911244 0.06250523030757904 103
1690190911259 0.06250350177288055 104
1690190911274 0.06250277161598206 105
1690190911288 0.06250294297933578 106
1690190911302 0.06250356137752533 107
1690190911316 0.06250406801700592 108
1690190911331 0.06250409036874771 109
1690190911344 0.06250353902578354 110
1690190911359 0.06250259280204773 111
1690190911374 0.06250157207250595 112
1690190911388 0.06250078976154327 113
1690190911404 0.06250044703483582 114
1690190911419 0.0625004917383194 115
1690190911437 0.06250080466270447 116
1690190911453 0.06250112503767014 117
1690190911468 0.06250127404928207 118
1690190911483 0.06250116974115372 119
1690190911496 0.06250090152025223 120
1690190911510 0.06250055134296417 121
1690190911524 0.06250029057264328 122
1690190911538 0.06250017881393433 123
1690190911554 0.06250022351741791 124
1690190911568 0.06250037252902985 125
1690190911582 0.06250050663948059 126
1690190911595 0.06250057369470596 127
1690190911609 0.06250052154064178 128
1690190911624 0.06250040978193283 129
1690190911645 0.0625002533197403 130
1690190911660 0.06250014901161194 131
1690190911678 0.06250010430812836 132
1690190911697 0.06250011920928955 133
1690190911721 0.06250017136335373 134
1690190911744 0.06250021606683731 135
1690190911771 0.06250022351741791 136
1690190911793 0.06250020116567612 137
1690190911814 0.06250013411045074 138
1690190911827 0.06250007450580597 139
1690190911843 0.06250004470348358 140
1690190911857 0.06250003725290298 141
1690190911872 0.06250005960464478 142
1690190911888 0.06250007450580597 143
1690190911904 0.06250008940696716 144
1690190911917 0.06250008940696716 145
1690190911933 0.06250009685754776 146
1690190911950 0.06250005960464478 147
1690190911967 0.06250002980232239 148
1690190911982 0.06250003725290298 149
1690190911994 0.06250002980232239 150
1690190912010 0.06250003725290298 151
1690190912023 0.06250004470348358 152
1690190912038 0.06250005960464478 153
1690190912053 0.06250004470348358 154
1690190912067 0.06250002235174179 155
1690190912081 0.06250002980232239 156
1690190912096 0.0625000149011612 157
1690190912106 0.0625 158
1690190912125 0.0625000149011612 159
1690190912140 0.0625000149011612 160
1690190912155 0.0625000149011612 161
1690190912169 0.06250002980232239 162
1690190912183 0.0624999962747097 163
1690190912197 0.0625 164
1690190912211 0.0624999925494194 165
1690190912226 0.0625000074505806 166
1690190912242 0.0625 167
1690190912256 0.0624999962747097 168
1690190912269 0.0625000149011612 169
1690190912283 0.0625000074505806 170
1690190912296 0.0625 171
1690190912311 0.0625 172
1690190912324 0.062499988824129105 173
1690190912338 0.0625000074505806 174
1690190912354 0.062499988824129105 175
1690190912368 0.0625 176
1690190912384 0.0625 177
1690190912399 0.0624999962747097 178
1690190912414 0.0625 179
1690190912429 0.0625000074505806 180
1690190912441 0.0625000074505806 181
1690190912456 0.0625000074505806 182
1690190912471 0.0625000149011612 183
1690190912485 0.0625 184
1690190912499 0.0625 185
1690190912514 0.0625 186
1690190912527 0.0624999925494194 187
1690190912541 0.062499988824129105 188
1690190912557 0.0624999925494194 189
1690190912884 0.0625 190
1690190912897 0.0625 191
1690190912912 0.0624999925494194 192
1690190912926 0.0624999962747097 193
1690190912940 0.0625 194
1690190912954 0.0624999962747097 195
1690190912969 0.0624999962747097 196
1690190912981 0.0625 197
1690190912995 0.0625000074505806 198
1690190913009 0.0625 199
1690190913024 0.0625000074505806 200
1690190913040 0.0625 201
1690190913053 0.0625 202
1690190913066 0.0624999925494194 203
1690190913082 0.0624999962747097 204
1690190913097 0.062499985098838806 205
1690190913117 0.0624999962747097 206
1690190913148 0.0625000149011612 207
1690190913168 0.0624999962747097 208
1690190913182 0.0625 209
1690190913198 0.0625 210
1690190913211 0.0625 211
1690190913226 0.0625 212
1690190913241 0.0625 213
1690190913255 0.0624999962747097 214
1690190913270 0.062499988824129105 215
1690190913286 0.062499988824129105 216
1690190913301 0.0625 217
1690190913317 0.0625 218
1690190913333 0.0624999962747097 219
1690190913348 0.0625 220
1690190913363 0.0625000149011612 221
1690190913378 0.0625 222
1690190913392 0.0625 223
1690190913407 0.062499988824129105 224
1690190913421 0.0625 225
1690190913436 0.0624999962747097 226
1690190913451 0.0625000074505806 227
1690190913465 0.0625000074505806 228
1690190913480 0.0624999925494194 229
1690190913493 0.0625 230
1690190913508 0.0624999925494194 231
1690190913523 0.0625 232
1690190913537 0.0625000074505806 233
1690190913552 0.0624999962747097 234
1690190913568 0.0625 235
1690190913585 0.0625000074505806 236
1690190913605 0.062499985098838806 237
1690190913624 0.0625000074505806 238
1690190913641 0.0624999962747097 239
1690190913660 0.0625 240
1690190913676 0.0624999925494194 241
1690190913695 0.0625000074505806 242
1690190913715 0.0624999962747097 243
1690190913732 0.0624999925494194 244
1690190913749 0.0625 245
1690190913766 0.0624999925494194 246
1690190913788 0.0624999925494194 247
1690190913804 0.0625000074505806 248
1690190913818 0.0625 249
1690190913835 0.0624999925494194 250
1690190913850 0.0624999925494194 251
1690190913868 0.0625000074505806 252
1690190913885 0.0624999925494194 253
1690190913901 0.0624999925494194 254
1690190913917 0.0625000074505806 255
1690190913933 0.0624999925494194 256
1690190913949 0.0625 257
1690190913966 0.0625 258
1690190913981 0.0625 259
1690190913996 0.0625 260
1690190914010 0.0625 261
1690190914024 0.062499985098838806 262
1690190914040 0.062499988824129105 263
1690190914054 0.0625 264
1690190914070 0.0624999962747097 265
1690190914084 0.0624999925494194 266
1690190914101 0.0624999925494194 267
1690190914117 0.0625 268
1690190914132 0.0624999925494194 269
1690190914148 0.0625 270
1690190914162 0.0624999925494194 271
1690190914176 0.0624999962747097 272
1690190914191 0.0624999925494194 273
1690190914205 0.0625000074505806 274
1690190914220 0.0624999925494194 275
1690190914235 0.0624999925494194 276
1690190914250 0.0625 277
1690190914264 0.0625000074505806 278
1690190914281 0.0624999925494194 279
1690190914301 0.0624999925494194 280
1690190914315 0.0625 281
1690190914330 0.0625000149011612 282
1690190914344 0.0624999962747097 283
1690190914360 0.062499988824129105 284
1690190914376 0.0624999962747097 285
1690190914391 0.0625000149011612 286
1690190914406 0.0625 287
1690190914421 0.0625 288
1690190914435 0.0625 289
1690190914451 0.0624999962747097 290
1690190914467 0.0624999925494194 291
1690190914482 0.0624999925494194 292
1690190914500 0.0624999962747097 293
1690190914515 0.0625 294
1690190914530 0.0625 295
1690190914544 0.0625000074505806 296
1690190914559 0.0624999925494194 297
1690190914573 0.0624999925494194 298
1690190914589 0.0624999925494194 299
