1690137588393 0.7499145865440369 0
1690137588449 0.7230684757232666 1
1690137588465 0.7042162418365479 2
1690137588481 0.6887450218200684 3
1690137588497 0.6752340197563171 4
1690137588513 0.663031816482544 5
1690137588537 0.6517770290374756 6
1690137588554 0.6412451863288879 7
1690137588570 0.6312861442565918 8
1690137588594 0.6217941641807556 9
1690137588610 0.6126911640167236 10
1690137588626 0.6039185523986816 11
1690137588642 0.5954304337501526 12
1690137588666 0.5871909856796265 13
1690137588682 0.579170823097229 14
1690137588698 0.5713464617729187 15
1690137588714 0.5636979937553406 16
1690137588810 0.556209146976471 17
1690137588842 0.5488665103912354 18
1690137588874 0.541657567024231 19
1690137588906 0.5345730781555176 20
1690137588938 0.527604341506958 21
1690137588970 0.520743727684021 22
1690137588994 0.5139848589897156 23
1690137589026 0.5073224902153015 24
1690137589059 0.5007513761520386 25
1690137589082 0.4942672848701477 26
1690137589098 0.4878665506839752 27
1690137589114 0.48154592514038086 28
1690137589130 0.47530242800712585 29
1690137589146 0.4691334664821625 30
1690137589162 0.46303659677505493 31
1690137589178 0.4570101201534271 32
1690137589194 0.4510518014431 33
1690137589210 0.445160448551178 34
1690137589234 0.4393344521522522 35
1690137589250 0.43357235193252563 36
1690137589259 0.42787325382232666 37
1690137589274 0.42223596572875977 38
1690137589298 0.41665971279144287 39
1690137589314 0.4111435115337372 40
1690137589330 0.40568652749061584 41
1690137589338 0.40028831362724304 42
1690137589359 0.3949481248855591 43
1690137589370 0.389665424823761 44
1690137589394 0.3844398260116577 45
1690137589411 0.3792707324028015 46
1690137589427 0.37415772676467896 47
1690137589443 0.36910057067871094 48
1690137589459 0.3640989661216736 49
1690137589467 0.35915231704711914 50
1690137589483 0.35426056385040283 51
1690137589507 0.3494233191013336 52
1690137589523 0.34464043378829956 53
1690137589716 0.3399116098880768 54
1690137589740 0.33523669838905334 55
1690137589764 0.3306155502796173 56
1690137589788 0.3260478973388672 57
1690137589812 0.3215336799621582 58
1690137589844 0.31707248091697693 59
1690137589876 0.31266453862190247 60
1690137589908 0.3083092272281647 61
1690137589932 0.3040069341659546 62
1690137589956 0.299757182598114 63
1690137589972 0.29556000232696533 64
1690137589988 0.2914152145385742 65
1690137590004 0.28732264041900635 66
1690137590020 0.28328225016593933 67
1690137590036 0.2792940139770508 68
1690137590052 0.2753576338291168 69
1690137590068 0.2714730501174927 70
1690137590084 0.26764029264450073 71
1690137590108 0.2638590931892395 72
1690137590124 0.2601294219493866 73
1690137590140 0.2564513087272644 74
1690137590164 0.2528243064880371 75
1690137590180 0.24924859404563904 76
1690137590196 0.24572394788265228 77
1690137590212 0.2422502487897873 78
1690137590228 0.23882749676704407 79
1690137590244 0.23545534908771515 80
1690137590260 0.23213398456573486 81
1690137590276 0.22886313498020172 82
1690137590292 0.22564271092414856 83
1690137590308 0.22247251868247986 84
1690137590332 0.21935251355171204 85
1690137590348 0.21628257632255554 86
1690137590364 0.2132624387741089 87
1690137590380 0.21029210090637207 88
1690137590404 0.20737145841121674 89
1690137590420 0.2045002430677414 90
1690137590444 0.2016783356666565 91
1690137590468 0.19890563189983368 92
1690137590492 0.19618207216262817 93
1690137590508 0.19350728392601013 94
1690137590524 0.19088122248649597 95
1690137590548 0.18830366432666779 96
1690137590564 0.1857745349407196 97
1690137590588 0.18329347670078278 98
1690137590604 0.1808604598045349 99
1690137590620 0.17847521603107452 100
1690137590636 0.1761375516653061 101
1690137590652 0.1738472580909729 102
1690137590660 0.17160411179065704 103
1690137590676 0.1694079041481018 104
1690137590700 0.1672583669424057 105
1690137590716 0.16515524685382843 106
1690137590732 0.16309837996959686 107
1690137590748 0.16108742356300354 108
1690137590764 0.1591220498085022 109
1690137590788 0.15720202028751373 110
1690137590804 0.15532706677913666 111
1690137590812 0.15349680185317993 112
1690137590828 0.15171094238758087 113
1690137590844 0.14996907114982605 114
1690137590860 0.1482708752155304 115
1690137590876 0.14661598205566406 116
1690137590892 0.14500395953655243 117
1690137590908 0.14343437552452087 118
1690137590924 0.14190681278705597 119
1690137590948 0.1404207944869995 120
1690137590964 0.13897579908370972 121
1690137590980 0.137571319937706 122
1690137590996 0.13620679080486298 123
1690137591012 0.1348816454410553 124
1690137591028 0.13359522819519043 125
1690137591044 0.13234694302082062 126
1690137591061 0.13113602995872498 127
1690137591077 0.1299617886543274 128
1690137591093 0.12882336974143982 129
1690137591109 0.1277199238538742 130
1690137591125 0.12665052711963654 131
1690137591141 0.12561428546905518 132
1690137591161 0.12461011856794357 133
1690137591173 0.12363693118095398 134
1690137591189 0.12269356846809387 135
1690137591213 0.12177872657775879 136
1690137591833 0.12089110165834427 137
1690137591863 0.12002930045127869 138
1690137591887 0.11919181793928146 139
1690137591911 0.11837717145681381 140
1690137591927 0.11758370697498322 141
1690137591943 0.11680983006954193 142
1690137591967 0.11605381965637207 143
1690137591991 0.11531414091587067 144
1690137592007 0.114589162170887 145
1690137592023 0.11387741565704346 146
1690137592039 0.1131775975227356 147
1690137592063 0.11248848587274551 148
1690137592079 0.11180910468101501 149
1690137592103 0.11113867163658142 150
1690137592127 0.11047661304473877 151
1690137592151 0.10982247442007065 152
1690137592175 0.10917605459690094 153
1690137592199 0.10853718221187592 154
1690137592215 0.10790590941905975 155
1690137592239 0.10728218406438828 156
1690137592263 0.1066661924123764 157
1690137592287 0.10605797916650772 158
1690137592311 0.10545767098665237 159
1690137592335 0.10486537218093872 160
1690137592351 0.10428118705749512 161
1690137592375 0.10370517522096634 162
1690137592391 0.10313735902309418 163
1690137592415 0.10257779061794281 164
1690137592431 0.10202645510435104 165
1690137592447 0.1014832854270935 166
1690137592463 0.10094824433326721 167
1690137592479 0.10042127221822739 168
1690137592495 0.09990224242210388 169
1690137592511 0.09939102083444595 170
1690137592527 0.09888745099306107 171
1690137592543 0.09839135408401489 172
1690137592562 0.09790254384279251 173
1690137592575 0.09742080420255661 174
1690137592591 0.09694597870111465 175
1690137592607 0.09647774696350098 176
1690137592623 0.09601593762636185 177
1690137592639 0.09556025266647339 178
1690137592655 0.0951104685664177 179
1690137592671 0.09466636925935745 180
1690137592687 0.09422767162322998 181
1690137592703 0.09379411488771439 182
1690137592719 0.09336548298597336 183
1690137592735 0.09294155985116959 184
1690137592751 0.09252214431762695 185
1690137592767 0.09210699796676636 186
1690137592783 0.09169596433639526 187
1690137592799 0.09128889441490173 188
1690137592823 0.09088562428951263 189
1690137592839 0.09048603475093842 190
1690137592863 0.09008999168872833 191
1690137592879 0.0896974503993988 192
1690137592903 0.08930830657482147 193
1690137592911 0.08892255276441574 194
1690137592927 0.08854008466005325 195
1690137592943 0.08816086500883102 196
1690137592963 0.08778497576713562 197
1690137592976 0.0874122679233551 198
1690137592992 0.08704283833503723 199
1690137593008 0.08667660504579544 200
1690137593024 0.0863136500120163 201
1690137593040 0.08595392853021622 202
1690137593056 0.08559742569923401 203
1690137593080 0.08524416387081146 204
1690137593096 0.08489415049552917 205
1690137593120 0.08454738557338715 206
1690137593144 0.08420391380786896 207
1690137593163 0.08386368304491043 208
1690137593184 0.08352668583393097 209
1690137593208 0.08319298177957535 210
1690137593232 0.08286251127719879 211
1690137593248 0.08253531157970428 212
1690137593264 0.08221136033535004 213
1690137593280 0.08189065009355545 214
1690137593296 0.08157321810722351 215
1690137593312 0.08125899732112885 216
1690137593328 0.08094803988933563 217
1690137593344 0.0806402713060379 218
1690137593363 0.08033572137355804 219
1690137593376 0.08003440499305725 220
1690137593392 0.07973627001047134 221
1690137593416 0.07944130897521973 222
1690137593440 0.079149529337883 223
1690137593464 0.07886089384555817 224
1690137593488 0.07857540249824524 225
1690137593512 0.0782930850982666 226
1690137593528 0.0780138373374939 227
1690137593544 0.0777377039194107 228
1690137593563 0.07746469974517822 229
1690137593576 0.07719476521015167 230
1690137593592 0.07692788541316986 231
1690137593616 0.0766640454530716 232
1690137593632 0.07640324532985687 233
1690137593640 0.07614543288946152 234
1690137593663 0.07589065283536911 235
1690137593672 0.07563886046409607 236
1690137593688 0.0753900408744812 237
1690137593704 0.07514417171478271 238
1690137593720 0.07490122318267822 239
1690137593736 0.07466122508049011 240
1690137593752 0.07442411035299301 241
1690137593768 0.07418990880250931 242
1690137593792 0.07395857572555542 243
1690137593808 0.07373009622097015 244
1690137593824 0.07350444793701172 245
1690137593840 0.07328164577484131 246
1690137593856 0.07306163012981415 247
1690137593872 0.07284443080425262 248
1690137593888 0.07262999564409256 249
1690137593904 0.07241831719875336 250
1690137593928 0.07220939546823502 251
1690137593944 0.07200317829847336 252
1690137593961 0.07179970294237137 253
1690137593977 0.07159902155399323 254
1690137593985 0.07140202820301056 255
1690137594009 0.07121512293815613 256
1690137594017 0.071022629737854 257
1690137594033 0.07082803547382355 258
1690137594049 0.07063750922679901 259
1690137594065 0.07045195996761322 260
1690137594089 0.07026944309473038 261
1690137594105 0.07008971273899078 262
1690137594129 0.06991249322891235 263
1690137594153 0.06973785161972046 264
1690137594177 0.06956566870212555 265
1690137594193 0.06939598172903061 266
1690137594209 0.06922875344753265 267
1690137594233 0.06906400620937347 268
1690137594257 0.06890169531106949 269
1690137594273 0.06874197721481323 270
1690137594289 0.06858481466770172 271
1690137594305 0.0684308186173439 272
1690137594321 0.06827929615974426 273
1690137594337 0.06813047081232071 274
1690137594353 0.06798139959573746 275
1690137594369 0.06783488392829895 276
1690137594385 0.06769044697284698 277
1690137594401 0.06754893064498901 278
1690137594417 0.06740974634885788 279
1690137594433 0.06727305054664612 280
1690137594449 0.06713856756687164 281
1690137594481 0.06700640916824341 282
1690137594529 0.06687641143798828 283
1690137594553 0.0667487382888794 284
1690137594577 0.06662322580814362 285
1690137594593 0.06650014221668243 286
1690137594617 0.0663791373372078 287
1690137594633 0.06626065075397491 288
1690137594657 0.06614372134208679 289
1690137594673 0.06602908670902252 290
1690137594689 0.0659158006310463 291
1690137594713 0.06580492854118347 292
1690137594745 0.06569583714008331 293
1690137594769 0.06558915972709656 294
1690137594793 0.0654844120144844 295
1690137594809 0.0653819739818573 296
1690137594825 0.06528149545192719 297
1690137594849 0.06518322229385376 298
1690137594865 0.06508693099021912 299
