1690137588393 0.728076696395874 0
1690137588449 0.7162412405014038 1
1690137588465 0.70765620470047 2
1690137588481 0.7004554867744446 3
1690137588497 0.6940779685974121 4
1690137588513 0.6882506012916565 5
1690137588537 0.6828182935714722 6
1690137588554 0.6776837110519409 7
1690137588570 0.6727818250656128 8
1690137588594 0.6680662631988525 9
1690137588610 0.6635030508041382 10
1690137588626 0.6590664386749268 11
1690137588642 0.6547362208366394 12
1690137588666 0.6504967212677002 13
1690137588682 0.6463348865509033 14
1690137588698 0.6422404646873474 15
1690137588714 0.6382044553756714 16
1690137588810 0.6342196464538574 17
1690137588842 0.6302801370620728 18
1690137588874 0.626380205154419 19
1690137588906 0.6225157976150513 20
1690137588938 0.6186829805374146 21
1690137588970 0.6148782968521118 22
1690137588994 0.6110988259315491 23
1690137589026 0.6073421835899353 24
1690137589059 0.6036060452461243 25
1690137589082 0.5998883247375488 26
1690137589098 0.5961875915527344 27
1690137589114 0.5925021767616272 28
1690137589130 0.5888307094573975 29
1690137589146 0.5851721167564392 30
1690137589162 0.5815251469612122 31
1690137589178 0.577889084815979 32
1690137589194 0.5742629766464233 33
1690137589210 0.5706460475921631 34
1690137589234 0.56703782081604 35
1690137589250 0.5634374618530273 36
1690137589259 0.5598446726799011 37
1690137589274 0.5562588572502136 38
1690137589298 0.552679717540741 39
1690137589314 0.5491068363189697 40
1690137589330 0.5455397367477417 41
1690137589338 0.5419782996177673 42
1690137589359 0.5384222269058228 43
1690137589370 0.5348713397979736 44
1690137589394 0.5313253402709961 45
1690137589411 0.5277842283248901 46
1690137589427 0.5242477059364319 47
1690137589443 0.5207157135009766 48
1690137589459 0.5171881914138794 49
1690137589467 0.5136648416519165 50
1690137589483 0.5101457834243774 51
1690137589507 0.5066308975219727 52
1690137589523 0.5031200647354126 53
1690137589716 0.49961334466934204 54
1690137589740 0.4961106777191162 55
1690137589764 0.4926120638847351 56
1690137589788 0.48911750316619873 57
1690137589812 0.4856269657611847 58
1690137589844 0.48214036226272583 59
1690137589876 0.47865796089172363 60
1690137589908 0.47517940402030945 61
1690137589932 0.4717051684856415 62
1690137589956 0.468235045671463 63
1690137589972 0.4647691249847412 64
1690137589988 0.4613073766231537 65
1690137590004 0.4578499495983124 66
1690137590020 0.4543968737125397 67
1690137590036 0.45094823837280273 68
1690137590052 0.44750407338142395 69
1690137590068 0.4440644681453705 70
1690137590084 0.4406295418739319 71
1690137590108 0.43719932436943054 72
1690137590124 0.4337739944458008 73
1690137590140 0.43035364151000977 74
1690137590164 0.42693817615509033 75
1690137590180 0.42352792620658875 76
1690137590196 0.4201229214668274 77
1690137590212 0.41672325134277344 78
1690137590228 0.4133291244506836 79
1690137590244 0.4099404811859131 80
1690137590260 0.40655767917633057 81
1690137590276 0.4031808376312256 82
1690137590292 0.3998100161552429 83
1690137590308 0.3964453339576721 84
1690137590332 0.3930870294570923 85
1690137590348 0.38973528146743774 86
1690137590364 0.3863901197910309 87
1690137590380 0.38305190205574036 88
1690137590404 0.3797208070755005 89
1690137590420 0.37639692425727844 90
1690137590444 0.3730805218219757 91
1690137590468 0.3697717785835266 92
1690137590492 0.3664710819721222 93
1690137590508 0.36317846179008484 94
1690137590524 0.3598942458629608 95
1690137590548 0.3566187024116516 96
1690137590564 0.3533520996570587 97
1690137590588 0.35009467601776123 98
1690137590604 0.3468468189239502 99
1690137590620 0.3436087965965271 100
1690137590636 0.3403809666633606 101
1690137590652 0.3371635973453522 102
1690137590660 0.3339571952819824 103
1690137590676 0.3307620882987976 104
1690137590700 0.3275785446166992 105
1690137590716 0.3244072198867798 106
1690137590732 0.32124847173690796 107
1690137590748 0.31810280680656433 108
1690137590764 0.31497061252593994 109
1690137590788 0.3118525743484497 110
1690137590804 0.3087492287158966 111
1690137590812 0.3056611120700836 112
1690137590828 0.30258890986442566 113
1690137590844 0.29953330755233765 114
1690137590860 0.29649507999420166 115
1690137590876 0.2934749722480774 116
1690137590892 0.2904738187789917 117
1690137590908 0.2874925136566162 118
1690137590924 0.2845320403575897 119
1690137590948 0.2815934121608734 120
1690137590964 0.27867770195007324 121
1690137590980 0.2757861018180847 122
1690137590996 0.2729199230670929 123
1690137591012 0.27008047699928284 124
1690137591028 0.2672693729400635 125
1690137591044 0.2644881010055542 126
1690137591061 0.26173853874206543 127
1690137591077 0.25902241468429565 128
1690137591093 0.25634175539016724 129
1690137591109 0.25369885563850403 130
1690137591125 0.2510960102081299 131
1690137591141 0.2500000298023224 132
1690137591161 0.25 133
1690137591173 0.25 134
1690137591189 0.25 135
1690137591213 0.2500000298023224 136
1690137591833 0.2499999850988388 137
1690137591863 0.2500000298023224 138
1690137591887 0.2499999850988388 139
1690137591911 0.24999995529651642 140
1690137591927 0.24999995529651642 141
1690137591943 0.25 142
1690137591967 0.2499999850988388 143
1690137591991 0.2500000298023224 144
1690137592007 0.2499999850988388 145
1690137592023 0.2499999850988388 146
1690137592039 0.25 147
1690137592063 0.2500000298023224 148
1690137592079 0.25 149
1690137592103 0.2500000596046448 150
1690137592127 0.25 151
1690137592151 0.2500000298023224 152
1690137592175 0.25 153
1690137592199 0.25 154
1690137592215 0.25 155
1690137592239 0.2499999850988388 156
1690137592263 0.25 157
1690137592287 0.25 158
1690137592311 0.2500000298023224 159
1690137592335 0.2499999850988388 160
1690137592351 0.2499999850988388 161
1690137592375 0.25 162
1690137592391 0.25 163
1690137592415 0.25 164
1690137592431 0.2500000298023224 165
1690137592447 0.2500000596046448 166
1690137592463 0.2499999701976776 167
1690137592479 0.2499999850988388 168
1690137592495 0.2500000298023224 169
1690137592511 0.2500000298023224 170
1690137592527 0.25 171
1690137592543 0.25 172
1690137592562 0.2500000298023224 173
1690137592575 0.2499999850988388 174
1690137592591 0.2500000298023224 175
1690137592607 0.25 176
1690137592623 0.2500000298023224 177
1690137592639 0.25 178
1690137592655 0.25 179
1690137592671 0.25 180
1690137592687 0.2500000298023224 181
1690137592703 0.25 182
1690137592719 0.2499999701976776 183
1690137592735 0.25 184
1690137592751 0.25 185
1690137592767 0.2499999850988388 186
1690137592783 0.2499999701976776 187
1690137592799 0.24999995529651642 188
1690137592823 0.2499999850988388 189
1690137592839 0.2500000298023224 190
1690137592863 0.24999995529651642 191
1690137592879 0.25 192
1690137592903 0.2499999701976776 193
1690137592911 0.2500000298023224 194
1690137592927 0.25 195
1690137592943 0.24999995529651642 196
1690137592963 0.2500000596046448 197
1690137592976 0.2499999701976776 198
1690137592992 0.25 199
1690137593008 0.24999995529651642 200
1690137593024 0.2499999850988388 201
1690137593040 0.2500000596046448 202
1690137593056 0.25 203
1690137593080 0.2499999850988388 204
1690137593096 0.2499999850988388 205
1690137593120 0.2499999701976776 206
1690137593144 0.25 207
1690137593163 0.2500000298023224 208
1690137593184 0.2499999850988388 209
1690137593208 0.25 210
1690137593232 0.2499999850988388 211
1690137593248 0.25 212
1690137593264 0.25 213
1690137593280 0.2499999701976776 214
1690137593296 0.2499999850988388 215
1690137593312 0.25 216
1690137593328 0.2500000298023224 217
1690137593344 0.25 218
1690137593363 0.25 219
1690137593376 0.25 220
1690137593392 0.25 221
1690137593416 0.25 222
1690137593440 0.25 223
1690137593464 0.25 224
1690137593488 0.2499999850988388 225
1690137593512 0.25 226
1690137593528 0.25 227
1690137593544 0.2499999701976776 228
1690137593563 0.2499999850988388 229
1690137593576 0.25 230
1690137593592 0.2500000298023224 231
1690137593616 0.25 232
1690137593632 0.2500000596046448 233
1690137593640 0.2499999701976776 234
1690137593663 0.2499999850988388 235
1690137593672 0.2499999850988388 236
1690137593688 0.25 237
1690137593704 0.25 238
1690137593720 0.2499999850988388 239
1690137593736 0.25 240
1690137593752 0.2499999850988388 241
1690137593768 0.25 242
1690137593792 0.2499999701976776 243
1690137593808 0.25 244
1690137593824 0.2499999701976776 245
1690137593840 0.25 246
1690137593856 0.2499999850988388 247
1690137593872 0.25 248
1690137593888 0.2499999850988388 249
1690137593904 0.2499999701976776 250
1690137593928 0.25 251
1690137593944 0.2499999701976776 252
1690137593961 0.25 253
1690137593977 0.2499999850988388 254
1690137593985 0.2499999850988388 255
1690137594009 0.2499999850988388 256
1690137594017 0.25 257
1690137594033 0.25 258
1690137594049 0.25 259
1690137594065 0.2499999850988388 260
1690137594089 0.25 261
1690137594105 0.25 262
1690137594129 0.2499999850988388 263
1690137594153 0.25 264
1690137594177 0.25 265
1690137594193 0.2499999701976776 266
1690137594209 0.25 267
1690137594233 0.25 268
1690137594257 0.2499999850988388 269
1690137594273 0.2500000298023224 270
1690137594289 0.25 271
1690137594305 0.2500000298023224 272
1690137594321 0.25 273
1690137594337 0.25 274
1690137594353 0.25 275
1690137594369 0.2499999701976776 276
1690137594385 0.25 277
1690137594401 0.25 278
1690137594417 0.25 279
1690137594433 0.25 280
1690137594449 0.2500000298023224 281
1690137594481 0.25 282
1690137594529 0.2499999850988388 283
1690137594553 0.2499999850988388 284
1690137594577 0.25 285
1690137594593 0.25 286
1690137594617 0.2500000298023224 287
1690137594633 0.25 288
1690137594657 0.25 289
1690137594673 0.25 290
1690137594689 0.2499999850988388 291
1690137594713 0.25 292
1690137594745 0.2500000298023224 293
1690137594769 0.25 294
1690137594793 0.2499999701976776 295
1690137594809 0.2499999701976776 296
1690137594825 0.25 297
1690137594849 0.2499999701976776 298
1690137594865 0.25 299
