1690135458340 0.5020068287849426 0
1690135458412 0.48619431257247925 1
1690135458444 0.47118282318115234 2
1690135458476 0.45632249116897583 3
1690135458516 0.44154226779937744 4
1690135458556 0.42677855491638184 5
1690135458588 0.4119873344898224 6
1690135458620 0.39720237255096436 7
1690135458652 0.38254639506340027 8
1690135458684 0.36820903420448303 9
1690135458756 0.3544073700904846 10
1690135458772 0.34131544828414917 11
1690135458796 0.3289716839790344 12
1690135458812 0.31730782985687256 13
1690135458828 0.3062477707862854 14
1690135458844 0.29570913314819336 15
1690135458868 0.28558629751205444 16
1690135458884 0.2757474184036255 17
1690135458900 0.2660360336303711 18
1690135458908 0.25627583265304565 19
1690135458924 0.24627889692783356 20
1690135458940 0.23586054146289825 21
1690135458964 0.22486473619937897 22
1690135458972 0.21320486068725586 23
1690135458996 0.20092076063156128 24
1690135459012 0.18824216723442078 25
1690135459028 0.17562799155712128 26
1690135459044 0.1637285053730011 27
1690135459060 0.15322041511535645 28
1690135459084 0.14452791213989258 29
1690135459092 0.13756000995635986 30
1690135459116 0.13166922330856323 31
1690135459132 0.1259341537952423 32
1690135459148 0.11960504204034805 33
1690135459164 0.11241137981414795 34
1690135459188 0.10458692908287048 35
1690135459204 0.09668587893247604 36
1690135459220 0.08932375907897949 37
1690135459236 0.08294208347797394 38
1690135459380 0.0776628851890564 39
1690135459405 0.07327844947576523 40
1690135459429 0.06938090920448303 41
1690135459445 0.06556591391563416 42
1690135459461 0.0615997388958931 43
1690135459485 0.05747435241937637 44
1690135459509 0.053352080285549164 45
1690135459517 0.049454186111688614 46
1690135459533 0.04595467448234558 47
1690135459549 0.04292161762714386 48
1690135459573 0.04031600058078766 49
1690135459581 0.03803138807415962 50
1690135459601 0.035945817828178406 51
1690135459613 0.03396281599998474 52
1690135459629 0.03203115612268448 53
1690135459645 0.030144233256578445 54
1690135459661 0.02832638844847679 55
1690135459685 0.026614077389240265 56
1690135459693 0.025039667263627052 57
1690135459717 0.023620683699846268 58
1690135459733 0.022356299683451653 59
1690135459757 0.021229706704616547 60
1690135459773 0.020214367657899857 61
1690135459789 0.019281532615423203 62
1690135459805 0.01840687356889248 63
1690135459821 0.017574405297636986 64
1690135459837 0.01677739806473255 65
1690135459853 0.016016289591789246 66
1690135459869 0.015295654535293579 67
1690135459893 0.014620708301663399 68
1690135459909 0.013994833454489708 69
1690135459917 0.013418473303318024 70
1690135459933 0.012889055535197258 71
1690135459957 0.012401776388287544 72
1690135459965 0.011950761079788208 73
1690135459981 0.01153004914522171 74
1690135460005 0.011134416796267033 75
1690135460021 0.010759800672531128 76
1690135460029 0.010403472930192947 77
1690135460045 0.010063827969133854 78
1690135460069 0.009740136563777924 79
1690135460093 0.009432200342416763 80
1690135460109 0.009140007197856903 81
1690135460125 0.008863488212227821 82
1690135460141 0.00860236119478941 83
1690135460165 0.008356013335287571 84
1690135460181 0.008123579435050488 85
1690135460213 0.007903937250375748 86
1690135460229 0.007695911452174187 87
1690135460253 0.007498252205550671 88
1690135460285 0.007309846580028534 89
1690135460310 0.007129744626581669 90
1690135460334 0.0069571491330862045 91
1690135460366 0.006791440770030022 92
1690135460390 0.006632227450609207 93
1690135460406 0.00647919625043869 94
1690135460422 0.006332096643745899 95
1690135460438 0.006190778221935034 96
1690135460454 0.0060550374910235405 97
1690135460470 0.005924669560045004 98
1690135460486 0.005799466744065285 99
1690135460502 0.00567916315048933 100
1690135460815 0.00556348217651248 101
1690135460846 0.005452131852507591 102
1690135460878 0.005344824865460396 103
1690135460901 0.00524130929261446 104
1690135460926 0.005141324829310179 105
1690135460950 0.005044626072049141 106
1690135460966 0.004951039794832468 107
1690135460982 0.004860393702983856 108
1690135461006 0.004772537387907505 109
1690135461030 0.0046873451210558414 110
1690135461046 0.004604716785252094 111
1690135461062 0.004524562507867813 112
1690135461086 0.004446774255484343 113
1690135461102 0.004371283110231161 114
1690135461126 0.004297970328480005 115
1690135461142 0.00422678142786026 116
1690135461158 0.004157622344791889 117
1690135461174 0.0040903897024691105 118
1690135461198 0.00402502715587616 119
1690135461214 0.0039614224806427956 120
1690135461230 0.003899520728737116 121
1690135461238 0.003839237615466118 122
1690135461254 0.003780520521104336 123
1690135461278 0.003723279107362032 124
1690135461318 0.003667457029223442 125
1690135461374 0.003613031003624201 126
1690135461406 0.0035599120892584324 127
1690135461430 0.0035080735106021166 128
1690135461454 0.003457468468695879 129
1690135461478 0.003408075775951147 130
1690135461494 0.003359813243150711 131
1690135461510 0.0033126850612461567 132
1690135461534 0.0032666288316249847 133
1690135461550 0.0032216119579970837 134
1690135461574 0.003177615813910961 135
1690135461590 0.003134608268737793 136
1690135461606 0.0030925353057682514 137
1690135461622 0.00305138248950243 138
1690135461646 0.003011112567037344 139
1690135461662 0.0029717134311795235 140
1690135461678 0.0029331333935260773 141
1690135461694 0.0028953596483916044 142
1690135461711 0.0028583838138729334 143
1690135461727 0.002822146750986576 144
1690135461743 0.0027866605669260025 145
1690135461759 0.002751886611804366 146
1690135461775 0.0027178034652024508 147
1690135461791 0.0026843855157494545 148
1690135461807 0.0026516420766711235 149
1690135461815 0.002619521226733923 150
1690135461831 0.0025880313478410244 151
1690135461855 0.002557136584073305 152
1690135461871 0.0025268427561968565 153
1690135461895 0.00249710725620389 154
1690135461911 0.0024679319467395544 155
1690135461927 0.00243930472061038 156
1690135461951 0.002411196706816554 157
1690135461975 0.002383603248745203 158
1690135461999 0.0023565199226140976 159
1690135462023 0.0023299118038266897 160
1690135462047 0.0023037891369313 161
1690135462063 0.002278141211718321 162
1690135462079 0.002252931008115411 163
1690135462095 0.0022281629499047995 164
1690135462111 0.002203827491030097 165
1690135462127 0.002179898787289858 166
1690135462143 0.0021563966292887926 167
1690135462159 0.0021332940086722374 168
1690135462175 0.0021105806808918715 169
1690135462199 0.0020882452372461557 170
1690135462215 0.002066292567178607 171
1690135462231 0.0020446989219635725 172
1690135462247 0.0020234528928995132 173
1690135462263 0.0020025628618896008 174
1690135462279 0.001982003916054964 175
1690135462295 0.0019617832731455564 176
1690135462311 0.001941894181072712 177
1690135462327 0.0019223160343244672 178
1690135462343 0.0019030406838282943 179
1690135462359 0.0018840800039470196 180
1690135462375 0.0018654105952009559 181
1690135462391 0.0018470326904207468 182
1690135462407 0.0018289394211024046 183
1690135462415 0.0018111290410161018 184
1690135462431 0.0017935957293957472 185
1690135462455 0.0017763095675036311 186
1690135462471 0.0017592951189726591 187
1690135462487 0.0017425507539883256 188
1690135462503 0.0017260464373975992 189
1690135462519 0.001709778094664216 190
1690135462535 0.0016937593463808298 191
1690135462551 0.0016779727302491665 192
1690135462567 0.0016624163836240768 193
1690135462583 0.0016470886766910553 194
1690135462599 0.0016319735441356897 195
1690135462616 0.001617097994312644 196
1690135462648 0.0016024151118472219 197
1690135462672 0.0015879382845014334 198
1690135462688 0.0015736825298517942 199
1690135487521 0.0015596127192145648 0
