1690136205904 0.5000701546669006 0
1690136205952 0.4999995231628418 1
1690136205968 0.4999712407588959 2
1690136205984 0.49995291233062744 3
1690136206000 0.4999266564846039 4
1690136206008 0.49987712502479553 5
1690136206032 0.4997856616973877 6
1690136206056 0.4996269941329956 7
1690136206072 0.4993692636489868 8
1690136206088 0.4989752173423767 9
1690136206104 0.4984024167060852 10
1690136206112 0.4976023733615875 11
1690136206128 0.4965227246284485 12
1690136206144 0.4951106905937195 13
1690136206216 0.49331921339035034 14
1690136206232 0.49111461639404297 15
1690136206248 0.4884844422340393 16
1690136206264 0.48544102907180786 17
1690136206280 0.482002317905426 18
1690136206296 0.47811222076416016 19
1690136206304 0.4735749065876007 20
1690136206320 0.4681912958621979 21
1690136206336 0.46185722947120667 22
1690136206352 0.4545642137527466 23
1690136206376 0.4464164078235626 24
1690136206392 0.4376564025878906 25
1690136206408 0.4286045432090759 26
1690136206424 0.4193016290664673 27
1690136206448 0.4093821346759796 28
1690136206461 0.3987613022327423 29
1690136206480 0.3876765966415405 30
1690136206496 0.37646234035491943 31
1690136206512 0.3654358983039856 32
1690136206528 0.3548174202442169 33
1690136206544 0.34468144178390503 34
1690136206561 0.33500590920448303 35
1690136206584 0.32581090927124023 36
1690136206600 0.3172210156917572 37
1690136206616 0.3093836307525635 38
1690136206624 0.3023596704006195 39
1690136206648 0.29609960317611694 40
1690136206664 0.2905089855194092 41
1690136206680 0.2855176627635956 42
1690136206696 0.2810932993888855 43
1690136206713 0.277217298746109 44
1690136206841 0.2738606929779053 45
1690136206862 0.2709750831127167 46
1690136206873 0.2684987485408783 47
1690136206889 0.2663680613040924 48
1690136206905 0.26452746987342834 49
1690136206921 0.2629329264163971 50
1690136206937 0.2615507245063782 51
1690136206953 0.2603538930416107 52
1690136206969 0.25931909680366516 53
1690136206985 0.25842511653900146 54
1690136207001 0.2576521039009094 55
1690136207009 0.2569819390773773 56
1690136207025 0.25639867782592773 57
1690136207041 0.2558887004852295 58
1690136207062 0.2554405927658081 59
1690136207073 0.2550451457500458 60
1690136207089 0.2546948492527008 61
1690136207105 0.2543836534023285 62
1690136207121 0.25410646200180054 63
1690136207137 0.2538590729236603 64
1690136207153 0.2536378800868988 65
1690136207169 0.25343966484069824 66
1690136207185 0.25326165556907654 67
1690136207201 0.2531013488769531 68
1690136207217 0.2529565691947937 69
1690136207233 0.25282537937164307 70
1690136207249 0.2527061402797699 71
1690136207262 0.2525973618030548 72
1690136207273 0.2524978220462799 73
1690136207289 0.25240635871887207 74
1690136207305 0.25232213735580444 75
1690136207321 0.25224438309669495 76
1690136207337 0.2521723806858063 77
1690136207345 0.2521055340766907 78
1690136207362 0.25204339623451233 79
1690136207377 0.25198549032211304 80
1690136207393 0.25193145871162415 81
1690136207409 0.2518808841705322 82
1690136207425 0.2518334984779358 83
1690136207441 0.2517889738082886 84
1690136207457 0.2517470717430115 85
1690136207473 0.25170761346817017 86
1690136207481 0.2516702711582184 87
1690136207497 0.2516349256038666 88
1690136207513 0.25160136818885803 89
1690136207529 0.2515694797039032 90
1690136207545 0.25153911113739014 91
1690136207561 0.2515101134777069 92
1690136207577 0.25148242712020874 93
1690136207593 0.2514558732509613 94
1690136207609 0.2514304220676422 95
1690136207625 0.2514060139656067 96
1690136207641 0.2513825297355652 97
1690136207657 0.2513599097728729 98
1690136207673 0.2513381242752075 99
1690136207689 0.2513171136379242 100
1690136207713 0.2512967884540558 101
1690136207745 0.2512771785259247 102
1690136207793 0.25125813484191895 103
1690136207817 0.25123971700668335 104
1690136207841 0.2512218952178955 105
1690136208103 0.25120455026626587 106
1690136208138 0.2511877417564392 107
1690136208163 0.251171350479126 108
1690136208178 0.25115546584129333 109
1690136208202 0.25113996863365173 110
1690136208226 0.25112485885620117 111
1690136208242 0.25111016631126404 112
1690136208266 0.2510957717895508 113
1690136208282 0.25108179450035095 114
1690136208290 0.2510680854320526 115
1690136208306 0.25105470418930054 116
1690136208322 0.2510416507720947 117
1690136208338 0.2510288655757904 118
1690136208354 0.25101637840270996 119
1690136208370 0.2510041296482086 120
1690136208378 0.25099214911460876 121
1690136208402 0.2509803771972656 122
1690136208410 0.25096890330314636 123
1690136208426 0.2509576380252838 124
1690136208442 0.250946581363678 125
1690136208463 0.25093573331832886 126
1690136208474 0.25092512369155884 127
1690136208490 0.25091469287872314 128
1690136208506 0.25090447068214417 129
1690136208522 0.2508943974971771 130
1690136208538 0.2508845329284668 131
1690136208554 0.2508748769760132 132
1690136208570 0.2508653402328491 133
1690136208586 0.2508560121059418 134
1690136208602 0.25084683299064636 135
1690136208610 0.2508378028869629 136
1690136208626 0.25082892179489136 137
1690136208642 0.25082021951675415 138
1690136208664 0.2508116364479065 139
1690136208674 0.2508032023906708 140
1690136208690 0.2507948875427246 141
1690136208706 0.25078675150871277 142
1690136208722 0.2507787048816681 143
1690136208738 0.25077080726623535 144
1690136208754 0.25076305866241455 145
1690136208770 0.2507553994655609 146
1690136208786 0.2507478892803192 147
1690136208802 0.2507404685020447 148
1690136208826 0.2507331669330597 149
1690136208834 0.25072598457336426 150
1690136208850 0.2507189214229584 151
1690136208866 0.25071194767951965 152
1690136208890 0.2507050931453705 153
1690136208906 0.2506983280181885 154
1690136208922 0.25069165229797363 155
1690136208938 0.25068509578704834 156
1690136208954 0.2506785988807678 157
1690136208964 0.25067225098609924 158
1690136208978 0.2506659924983978 159
1690136208994 0.2506597936153412 160
1690136209010 0.2506537139415741 161
1690136209026 0.2506476938724518 162
1690136209042 0.250641793012619 163
1690136209058 0.25063595175743103 164
1690136209074 0.25063014030456543 165
1690136209082 0.25062450766563416 166
1690136209098 0.2506188750267029 167
1690136209114 0.25061336159706116 168
1690136209130 0.2506079077720642 169
1690136209146 0.2506025731563568 170
1690136209164 0.2505972683429718 171
1690136209178 0.25059205293655396 172
1690136209194 0.2505868673324585 173
1690136209210 0.2505817711353302 174
1690136209226 0.25057679414749146 175
1690136209242 0.2505718171596527 176
1690136209264 0.2505669593811035 177
1690136209275 0.2505621314048767 178
1690136209291 0.2505573630332947 179
1690136209307 0.2505526840686798 180
1690136209323 0.25054803490638733 181
1690136209339 0.250543475151062 182
1690136209355 0.25053897500038147 183
1690136209379 0.2505345046520233 184
1690136209395 0.25053009390830994 185
1690136209411 0.2505257725715637 186
1690136209427 0.2505214810371399 187
1690136209443 0.25051724910736084 188
1690136209459 0.2505130469799042 189
1690136209475 0.2505089342594147 190
1690136209491 0.25050482153892517 191
1690136209507 0.2505008280277252 192
1690136209523 0.25049683451652527 193
1690136209539 0.2504929006099701 194
1690136209547 0.2504890263080597 195
1690136209564 0.2504851818084717 196
1690136209579 0.25048136711120605 197
1690136209595 0.2504776418209076 198
1690136209611 0.2504739463329315 199
1690136232070 0.2504702918931764 0
