1689089891120 0.14252857863903046 0
1689089891151 0.13427765667438507 1
1689089891164 0.12924379110336304 2
1689089891178 0.12553884088993073 3
1689089891191 0.12259629368782043 4
1689089891205 0.1201593279838562 5
1689089891218 0.11808615922927856 6
1689089891232 0.11628854274749756 7
1689089891246 0.11470681428909302 8
1689089891260 0.11329799890518188 9
1689089891273 0.11202968657016754 10
1689089891316 0.11087638139724731 11
1689089891328 0.10981739312410355 12
1689089891342 0.10883555561304092 13
1689089891354 0.10791634768247604 14
1689089891368 0.1070474237203598 15
1689089891382 0.10621815919876099 16
1689089891396 0.10541968047618866 17
1689089891410 0.10464441776275635 18
1689089891423 0.10388635098934174 19
1689089891436 0.103140689432621 20
1689089891451 0.10240377485752106 21
1689089891464 0.10167297720909119 22
1689089891481 0.10094662755727768 23
1689089891497 0.1002235859632492 24
1689089891511 0.09950335323810577 25
1689089891525 0.09878573566675186 26
1689089891537 0.09807085990905762 27
1689089891552 0.09735897183418274 28
1689089891610 0.09665043652057648 29
1689089891622 0.09594565629959106 30
1689089891635 0.09524516016244888 31
1689089891649 0.09454931318759918 32
1689089891663 0.09385854005813599 33
1689089891677 0.09317341446876526 34
1689089891689 0.09249421209096909 35
1689089891701 0.09182143211364746 36
1689089891716 0.09115545451641083 37
1689089891729 0.09049664437770844 38
1689089891742 0.08984534442424774 39
1689089891753 0.0892019271850586 40
1689089891766 0.0885666161775589 41
1689089891781 0.08793973922729492 42
1689089891795 0.08732154965400696 43
1689089891808 0.0867123082280159 44
1689089891820 0.08611220121383667 45
1689089891834 0.085521399974823 46
1689089891847 0.08494013547897339 47
1689089891860 0.08436852693557739 48
1689089891875 0.08380669355392456 49
1689089891887 0.08325482159852982 50
1689089891900 0.08271300792694092 51
1689089891913 0.08218133449554443 52
1689089891927 0.08165988326072693 53
1689089891940 0.08114874362945557 54
1689089891953 0.08064795285463333 55
1689089891966 0.08015760779380798 56
1689089891980 0.07967772334814072 57
1689089892067 0.07920832186937332 58
1689089892079 0.07874943315982819 59
1689089892092 0.07830110192298889 60
1689089892104 0.07786327600479126 61
1689089892118 0.07743599265813828 62
1689089892131 0.07701922953128815 63
1689089892144 0.0766129344701767 64
1689089892156 0.07621712982654572 65
1689089892169 0.07583172619342804 66
1689089892182 0.07545670121908188 67
1689089892196 0.07509198784828186 68
1689089892208 0.07473751902580261 69
1689089892222 0.07439324259757996 70
1689089892235 0.07405902445316315 71
1689089892247 0.0737348198890686 72
1689089892261 0.073420450091362 73
1689089892275 0.07311588525772095 74
1689089892290 0.07282096147537231 75
1689089892303 0.07253546267747879 76
1689089892316 0.0722593143582344 77
1689089892329 0.07199235260486603 78
1689089892343 0.07173432409763336 79
1689089892358 0.07148507237434387 80
1689089892373 0.07124441117048264 81
1689089892389 0.07101204991340637 82
1689089892403 0.07078778743743896 83
1689089892416 0.07057131081819534 84
1689089892429 0.07036235928535461 85
1689089892442 0.07016061991453171 86
1689089892454 0.06996579468250275 87
1689089892468 0.06977749615907669 88
1689089892482 0.06959539651870728 89
1689089892495 0.06941908597946167 90
1689089892508 0.0692482441663742 91
1689089892521 0.06908237934112549 92
1689089892533 0.06892108917236328 93
1689089892549 0.06876400113105774 94
1689089892562 0.06861063838005066 95
1689089892575 0.068460613489151 96
1689089892587 0.06831353157758713 97
1689089892601 0.06816891580820084 98
1689089892616 0.06802652031183243 99
1689089892628 0.06788595020771027 100
1689089892641 0.06774697452783585 101
1689089892653 0.06760929524898529 102
1689089892667 0.06747273355722427 103
1689089892680 0.06733716279268265 104
1689089892694 0.06720248609781265 105
1689089892706 0.06706859171390533 106
1689089892832 0.06693556904792786 107
1689089892846 0.06680335104465485 108
1689089892861 0.06667196750640869 109
1689089892876 0.06654155999422073 110
1689089892893 0.06641215085983276 111
1689089892906 0.06628382205963135 112
1689089892919 0.06615666300058365 113
1689089892933 0.0660308226943016 114
1689089892946 0.0659063532948494 115
1689089892959 0.06578335165977478 116
1689089892972 0.06566193699836731 117
1689089892988 0.06554214656352997 118
1689089893004 0.0654241144657135 119
1689089893023 0.06530793011188507 120
1689089893046 0.06519362330436707 121
1689089893066 0.06508132815361023 122
1689089893086 0.06497107446193695 123
1689089893105 0.0648629292845726 124
1689089893145 0.0647570788860321 125
1689089893160 0.06465451419353485 126
1689089893179 0.06456556171178818 127
1689089893193 0.06450089812278748 128
1689089893206 0.06440325081348419 129
1689089893220 0.06428498029708862 130
1689089893234 0.06418721377849579 131
1689089893249 0.06409737467765808 132
1689089893262 0.06401190161705017 133
1689089893275 0.06392920017242432 134
1689089893287 0.06384903192520142 135
1689089893300 0.06377124786376953 136
1689089893313 0.06369590014219284 137
1689089893327 0.06362297385931015 138
1689089893341 0.06355265527963638 139
1689089893353 0.06348498165607452 140
1689089893366 0.06342046707868576 141
1689089893379 0.06335967034101486 142
1689089893393 0.06330475956201553 143
1689089893407 0.06325454264879227 144
1689089893420 0.06320846080780029 145
1689089893434 0.06315457820892334 146
1689089893447 0.06310191750526428 147
1689089893460 0.06305000931024551 148
1689089893473 0.063003309071064 149
1689089893486 0.06295964866876602 150
1689089893500 0.06291958689689636 151
1689089893514 0.0628819689154625 152
1689089893527 0.06284730136394501 153
1689089893539 0.06281495094299316 154
1689089893552 0.06278567016124725 155
1689089893565 0.0627589151263237 156
1689089893578 0.06273581087589264 157
1689089893591 0.06271463632583618 158
1689089893604 0.06269644945859909 159
1689089893617 0.0626772940158844 160
1689089893630 0.06265939027070999 161
1689089893644 0.06264039874076843 162
1689089893656 0.06262358278036118 163
1689089893670 0.06260774284601212 164
1689089893683 0.06259436905384064 165
1689089893698 0.06258242577314377 166
1689089893712 0.06257268786430359 167
1689089893726 0.06256425380706787 168
1689089893738 0.06255780905485153 169
1689089893751 0.06255246698856354 170
1689089893765 0.06254877150058746 171
1689089893778 0.06254543364048004 172
1689089893791 0.06254284083843231 173
1689089893803 0.06253962218761444 174
1689089893817 0.06253643333911896 175
1689089893831 0.06253262609243393 176
1689089893997 0.06252923607826233 177
1689089894010 0.06252603977918625 178
1689089894023 0.06252357363700867 179
1689089894037 0.06252165138721466 180
1689089894052 0.06252052634954453 181
1689089894066 0.06251993775367737 182
1689089894079 0.06251994520425797 183
1689089894092 0.06252028048038483 184
1689089894104 0.062520831823349 185
1689089894118 0.06252134591341019 186
1689089894132 0.06252161413431168 187
1689089894145 0.0625215396285057 188
1689089894160 0.0625210776925087 189
1689089894173 0.06252044439315796 190
1689089894185 0.0625196248292923 191
1689089894199 0.06251896917819977 192
1689089894213 0.0625184178352356 193
1689089894225 0.0625181645154953 194
1689089894238 0.06251811236143112 195
1689089894252 0.06251837313175201 196
1689089894266 0.06251870840787888 197
1689089894280 0.06251922249794006 198
1689089894293 0.06251963973045349 199
1689089894305 0.06252005696296692 200
1689089894318 0.06252016127109528 201
1689089894332 0.06252022087574005 202
1689089894345 0.06251997500658035 203
1689089894358 0.06251972913742065 204
1689089894370 0.06251934170722961 205
1689089894384 0.06251908838748932 206
1689089894397 0.06251882761716843 207
1689089894411 0.06251879036426544 208
1689089894425 0.06251875311136246 209
1689089894437 0.06251897662878036 210
1689089894451 0.0625191256403923 211
1689089894463 0.06251941621303558 212
1689089894477 0.06251956522464752 213
1689089894490 0.06251977384090424 214
1689089894504 0.06251975148916245 215
1689089894517 0.06251977384090424 216
1689089894536 0.0625196248292923 217
1689089894553 0.06251950562000275 218
1689089894568 0.06251929700374603 219
1689089894584 0.06251920759677887 220
1689089894599 0.06251907348632812 221
1689089894615 0.0625191181898117 222
1689089894629 0.06251908838748932 223
1689089894644 0.06251922249794006 224
1689089894659 0.06251926720142365 225
1689089894671 0.06251943111419678 226
1689089894684 0.06251947581768036 227
1689089894698 0.06251956522464752 228
1689089894712 0.06251953542232513 229
1689089894725 0.06251956522464752 230
1689089894736 0.06251943111419678 231
1689089894750 0.06251943111419678 232
1689089894763 0.06251928210258484 233
1689089894776 0.06251929700374603 234
1689089894790 0.06251920759677887 235
1689089894803 0.06251925230026245 236
1689089894815 0.06251923739910126 237
1689089894830 0.06251930445432663 238
1689089894845 0.06251932680606842 239
1689089894860 0.06251944601535797 240
1689089894874 0.06251940131187439 241
1689089894887 0.06251949816942215 242
1689089894901 0.06251943111419678 243
1689089894916 0.06251946836709976 244
1689089894931 0.0625193864107132 245
1689089894947 0.06251940876245499 246
1689089894961 0.06251929700374603 247
1689089894975 0.06251934170722961 248
1689089894989 0.06251925230026245 249
1689089895003 0.06251932680606842 250
1689089895018 0.06251927465200424 251
1689089895032 0.062519371509552 252
1689089895045 0.06251934170722961 253
1689089895059 0.06251941621303558 254
1689089895070 0.06251935660839081 255
1689089895084 0.06251942366361618 256
1689089895097 0.06251934170722961 257
1689089895111 0.06251943856477737 258
1689089895125 0.06251934915781021 259
1689089895137 0.06251935660839081 260
1689089895151 0.06251929700374603 261
1689089895166 0.06251933425664902 262
1689089895178 0.06251926720142365 263
1689089895192 0.06251934170722961 264
1689089895204 0.06251928210258484 265
1689089895218 0.0625193640589714 266
1689089895232 0.06251931935548782 267
1689089895245 0.06251940131187439 268
1689089895258 0.06251934170722961 269
1689089895269 0.06251940131187439 270
1689089895283 0.06251934170722961 271
1689089895296 0.0625193864107132 272
1689089895309 0.06251932680606842 273
1689089895321 0.0625193640589714 274
1689089895335 0.06251931190490723 275
1689089895348 0.06251934915781021 276
1689089895592 0.06251929700374603 277
1689089895605 0.062519371509552 278
1689089895618 0.06251931190490723 279
1689089895632 0.0625193640589714 280
1689089895645 0.06251932680606842 281
1689089895657 0.0625193864107132 282
1689089895669 0.06251934915781021 283
1689089895683 0.0625193789601326 284
1689089895697 0.06251931190490723 285
1689089895713 0.0625193864107132 286
1689089895726 0.06251931935548782 287
1689089895738 0.062519371509552 288
1689089895751 0.06251931190490723 289
1689089895764 0.06251935660839081 290
1689089895777 0.06251930445432663 291
1689089895790 0.062519371509552 292
1689089895802 0.06251929700374603 293
1689089895816 0.0625193789601326 294
1689089895829 0.06251932680606842 295
1689089895854 0.0625193864107132 296
1689089895889 0.06251931190490723 297
1689089895908 0.0625193864107132 298
1689089895921 0.06251931190490723 299
1689089895935 0.06251935660839081 300
1689089895949 0.06251929700374603 301
1689089895963 0.062519371509552 302
1689089895976 0.06251931190490723 303
1689089895989 0.062519371509552 304
1689089896003 0.06251929700374603 305
1689089896020 0.06251935660839081 306
1689089896040 0.06251929700374603 307
1689089896063 0.062519371509552 308
1689089896084 0.06251932680606842 309
1689089896104 0.0625193640589714 310
1689089896123 0.06251931935548782 311
1689089896139 0.062519371509552 312
1689089896152 0.06251931190490723 313
1689089896166 0.06251935660839081 314
1689089896181 0.06251929700374603 315
1689089896195 0.06251935660839081 316
1689089896209 0.06251931190490723 317
1689089896221 0.062519371509552 318
1689089896235 0.06251928955316544 319
1689089896248 0.0625193640589714 320
1689089896262 0.06251927465200424 321
1689089896275 0.06251934170722961 322
1689089896287 0.06251931190490723 323
1689089896300 0.0625193640589714 324
1689089896314 0.06251930445432663 325
1689089896328 0.0625193640589714 326
1689089896342 0.06251930445432663 327
1689089896355 0.06251935660839081 328
1689089896369 0.06251931935548782 329
1689089896385 0.062519371509552 330
1689089896402 0.06251930445432663 331
1689089896419 0.06251935660839081 332
1689089896435 0.06251928955316544 333
1689089896450 0.062519371509552 334
1689089896465 0.06251927465200424 335
1689089896481 0.06251935660839081 336
1689089896495 0.06251929700374603 337
1689089896508 0.0625193640589714 338
1689089896519 0.06251929700374603 339
1689089896534 0.0625193789601326 340
1689089896546 0.06251929700374603 341
1689089896562 0.06251934915781021 342
1689089896576 0.06251928210258484 343
1689089896588 0.06251934170722961 344
1689089896601 0.06251928210258484 345
1689089896615 0.062519371509552 346
1689089896628 0.06251931190490723 347
1689089896641 0.06251934915781021 348
1689089896653 0.06251931190490723 349
1689089896667 0.06251934915781021 350
1689089896679 0.06251928210258484 351
1689089896693 0.06251934170722961 352
1689089896707 0.06251928955316544 353
1689089896719 0.06251934915781021 354
1689089896733 0.06251928955316544 355
1689089896746 0.0625193640589714 356
1689089896760 0.06251926720142365 357
1689089896772 0.06251934915781021 358
1689089896785 0.06251928210258484 359
1689089896798 0.06251935660839081 360
1689089896811 0.06251928210258484 361
1689089896825 0.06251934170722961 362
1689089896837 0.06251931190490723 363
1689089896850 0.06251934170722961 364
1689089896864 0.06251927465200424 365
1689089896878 0.06251932680606842 366
1689089896891 0.06251928210258484 367
1689089896903 0.06251934170722961 368
1689089896917 0.06251929700374603 369
1689089896931 0.06251935660839081 370
1689089896944 0.06251928210258484 371
1689089896958 0.06251934170722961 372
1689089896970 0.06251929700374603 373
1689089896983 0.06251933425664902 374
1689089896997 0.06251928955316544 375
1689089897010 0.06251932680606842 376
1689089897022 0.06251928955316544 377
1689089897035 0.06251934170722961 378
1689089897049 0.06251928210258484 379
1689089897063 0.06251934170722961 380
1689089897076 0.06251928210258484 381
1689089897089 0.06251932680606842 382
1689089897102 0.06251926720142365 383
1689089897115 0.06251933425664902 384
1689089897130 0.06251928210258484 385
1689089897144 0.06251934915781021 386
1689089897158 0.06251927465200424 387
1689089897170 0.06251934170722961 388
1689089897185 0.06251927465200424 389
1689089897199 0.06251931935548782 390
1689089897213 0.06251927465200424 391
1689089897226 0.06251934170722961 392
1689089897239 0.06251928210258484 393
1689089897252 0.06251933425664902 394
1689089897265 0.06251926720142365 395
1689089897279 0.06251931935548782 396
1689089897293 0.06251928210258484 397
1689089897305 0.06251934170722961 398
1689089897317 0.06251926720142365 399
1689089897330 0.06251934170722961 400
1689089897343 0.06251927465200424 401
1689089897356 0.06251931190490723 402
1689089897369 0.06251924484968185 403
1689089897382 0.06251931190490723 404
1689089897395 0.06251927465200424 405
1689089897409 0.06251931935548782 406
1689089897422 0.06251927465200424 407
1689089897434 0.06251934170722961 408
1689089897448 0.06251926720142365 409
1689089897461 0.06251933425664902 410
1689089897475 0.06251925975084305 411
1689089897487 0.06251932680606842 412
1689089897500 0.06251926720142365 413
1689089897514 0.06251933425664902 414
1689089897527 0.06251925230026245 415
1689089897541 0.06251932680606842 416
1689089897855 0.06251926720142365 417
1689089897868 0.06251932680606842 418
1689089897882 0.06251927465200424 419
1689089897895 0.06251934915781021 420
1689089897909 0.06251925230026245 421
1689089897921 0.06251933425664902 422
1689089897934 0.06251926720142365 423
1689089897948 0.06251934170722961 424
1689089897963 0.06251925975084305 425
1689089897977 0.06251932680606842 426
1689089897991 0.06251926720142365 427
1689089898003 0.06251931190490723 428
1689089898016 0.06251928210258484 429
1689089898028 0.06251931190490723 430
1689089898043 0.06251924484968185 431
1689089898057 0.06251931190490723 432
1689089898069 0.06251925230026245 433
1689089898083 0.06251932680606842 434
1689089898097 0.06251928210258484 435
1689089898111 0.06251932680606842 436
1689089898126 0.06251924484968185 437
1689089898138 0.06251931190490723 438
1689089898150 0.06251927465200424 439
1689089898163 0.06251931935548782 440
1689089898176 0.06251925230026245 441
1689089898190 0.06251932680606842 442
1689089898203 0.06251925230026245 443
1689089898216 0.06251931190490723 444
1689089898232 0.06251926720142365 445
1689089898246 0.06251931190490723 446
1689089898259 0.06251925975084305 447
1689089898273 0.06251931190490723 448
1689089898286 0.06251925230026245 449
1689089898300 0.06251932680606842 450
1689089898314 0.06251926720142365 451
1689089898327 0.06251931190490723 452
1689089898339 0.06251925230026245 453
1689089898352 0.06251931190490723 454
1689089898365 0.06251925230026245 455
1689089898378 0.06251931190490723 456
1689089898392 0.06251925230026245 457
1689089898404 0.06251931190490723 458
1689089898420 0.06251925230026245 459
1689089898435 0.06251932680606842 460
1689089898452 0.06251925230026245 461
1689089898489 0.06251929700374603 462
1689089898512 0.06251925230026245 463
1689089898534 0.06251928955316544 464
1689089898549 0.06251926720142365 465
1689089898568 0.06251930445432663 466
1689089898584 0.06251925230026245 467
1689089898600 0.06251931190490723 468
1689089898616 0.06251925230026245 469
1689089898632 0.06251930445432663 470
1689089898646 0.06251924484968185 471
1689089898661 0.06251929700374603 472
1689089898675 0.06251925230026245 473
1689089898689 0.06251930445432663 474
1689089898703 0.06251923739910126 475
1689089898717 0.06251929700374603 476
1689089898732 0.06251923739910126 477
1689089898748 0.06251930445432663 478
1689089898762 0.06251925230026245 479
1689089898775 0.06251929700374603 480
1689089898787 0.06251922249794006 481
1689089898800 0.06251931190490723 482
1689089898814 0.06251923739910126 483
1689089898828 0.06251929700374603 484
1689089898841 0.06251924484968185 485
1689089898855 0.06251929700374603 486
1689089898868 0.06251925230026245 487
1689089898882 0.06251929700374603 488
1689089898895 0.06251922249794006 489
1689089898908 0.06251927465200424 490
1689089898920 0.06251922249794006 491
1689089898934 0.06251928210258484 492
1689089898946 0.06251923739910126 493
1689089898961 0.06251928210258484 494
1689089898974 0.06251923739910126 495
1689089898986 0.06251930445432663 496
1689089898999 0.06251923739910126 497
1689089899012 0.06251931190490723 498
1689089899026 0.06251923739910126 499
