1689089891120 0.25 0
1689089891151 0.2556650638580322 1
1689089891164 0.25935930013656616 2
1689089891178 0.26221224665641785 3
1689089891191 0.2645588517189026 4
1689089891205 0.2665475010871887 5
1689089891218 0.2682569921016693 6
1689089891232 0.2697333097457886 7
1689089891246 0.27100473642349243 8
1689089891260 0.2720889747142792 9
1689089891273 0.27299702167510986 10
1689089891316 0.2737354040145874 11
1689089891328 0.27430787682533264 12
1689089891342 0.2747163772583008 13
1689089891354 0.27496206760406494 14
1689089891368 0.27504605054855347 15
1689089891382 0.27496999502182007 16
1689089891396 0.2747369408607483 17
1689089891410 0.2743515372276306 18
1689089891423 0.2738204002380371 19
1689089891436 0.2731521427631378 20
1689089891451 0.27235695719718933 21
1689089891464 0.27144646644592285 22
1689089891481 0.27043306827545166 23
1689089891497 0.269329309463501 24
1689089891511 0.26814740896224976 25
1689089891525 0.2668987214565277 26
1689089891537 0.26559364795684814 27
1689089891552 0.2642413377761841 28
1689089891610 0.2628495693206787 29
1689089891622 0.2614249587059021 30
1689089891635 0.2599731385707855 31
1689089891649 0.25849857926368713 32
1689089891663 0.257004976272583 33
1689089891677 0.25549542903900146 34
1689089891689 0.2539723217487335 35
1689089891701 0.2524377405643463 36
1689089891716 0.25089338421821594 37
1689089891729 0.25 38
1689089891742 0.25 39
1689089891753 0.2500000298023224 40
1689089891766 0.25 41
1689089891781 0.25 42
1689089891795 0.2499999850988388 43
1689089891808 0.25 44
1689089891820 0.25 45
1689089891834 0.25 46
1689089891847 0.25 47
1689089891860 0.2500000298023224 48
1689089891875 0.25 49
1689089891887 0.25 50
1689089891900 0.25 51
1689089891913 0.25 52
1689089891927 0.2500000298023224 53
1689089891940 0.25 54
1689089891953 0.2499999850988388 55
1689089891966 0.25 56
1689089891980 0.25 57
1689089892067 0.25 58
1689089892079 0.25 59
1689089892092 0.25 60
1689089892104 0.25 61
1689089892118 0.25 62
1689089892131 0.25 63
1689089892144 0.25 64
1689089892156 0.25 65
1689089892169 0.25 66
1689089892182 0.25 67
1689089892196 0.25 68
1689089892208 0.2499999701976776 69
1689089892222 0.25 70
1689089892235 0.2499999701976776 71
1689089892247 0.25 72
1689089892261 0.2499999701976776 73
1689089892275 0.2499999701976776 74
1689089892290 0.25 75
1689089892303 0.2499999701976776 76
1689089892316 0.2499999701976776 77
1689089892329 0.2499999850988388 78
1689089892343 0.2499999850988388 79
1689089892358 0.2499999701976776 80
1689089892373 0.25 81
1689089892389 0.2499999850988388 82
1689089892403 0.25 83
1689089892416 0.25 84
1689089892429 0.25 85
1689089892442 0.25 86
1689089892454 0.25 87
1689089892468 0.25 88
1689089892482 0.25 89
1689089892495 0.2499999850988388 90
1689089892508 0.25 91
1689089892521 0.25 92
1689089892533 0.25 93
1689089892549 0.25 94
1689089892562 0.2499999850988388 95
1689089892575 0.25 96
1689089892587 0.2500000298023224 97
1689089892601 0.2499999701976776 98
1689089892616 0.25 99
1689089892628 0.2499999701976776 100
1689089892641 0.25 101
1689089892653 0.25 102
1689089892667 0.25 103
1689089892680 0.2499999850988388 104
1689089892694 0.25 105
1689089892706 0.2499999701976776 106
1689089892832 0.25 107
1689089892846 0.2500000298023224 108
1689089892861 0.2499999701976776 109
1689089892876 0.25 110
1689089892893 0.2500000298023224 111
1689089892906 0.25 112
1689089892919 0.2499999850988388 113
1689089892933 0.25 114
1689089892946 0.25 115
1689089892959 0.2499999850988388 116
1689089892972 0.2500000298023224 117
1689089892988 0.2499999850988388 118
1689089893004 0.2499999850988388 119
1689089893023 0.25 120
1689089893046 0.2499999701976776 121
1689089893066 0.25 122
1689089893086 0.25 123
1689089893105 0.25 124
1689089893145 0.2499999850988388 125
1689089893160 0.25 126
1689089893179 0.25 127
1689089893193 0.2499999850988388 128
1689089893206 0.2499999850988388 129
1689089893220 0.2500000298023224 130
1689089893234 0.25 131
1689089893249 0.2500000298023224 132
1689089893262 0.25 133
1689089893275 0.25 134
1689089893287 0.25 135
1689089893300 0.2500000298023224 136
1689089893313 0.25 137
1689089893327 0.25 138
1689089893341 0.25 139
1689089893353 0.2500000298023224 140
1689089893366 0.25 141
1689089893379 0.25 142
1689089893393 0.25 143
1689089893407 0.2499999850988388 144
1689089893420 0.25 145
1689089893434 0.25 146
1689089893447 0.25 147
1689089893460 0.25 148
1689089893473 0.2500000298023224 149
1689089893486 0.2499999850988388 150
1689089893500 0.25 151
1689089893514 0.2499999850988388 152
1689089893527 0.2500000596046448 153
1689089893539 0.25 154
1689089893552 0.25 155
1689089893565 0.25 156
1689089893578 0.2499999701976776 157
1689089893591 0.2499999850988388 158
1689089893604 0.2499999850988388 159
1689089893617 0.25 160
1689089893630 0.25 161
1689089893644 0.25 162
1689089893656 0.2499999850988388 163
1689089893670 0.2500000298023224 164
1689089893683 0.25 165
1689089893698 0.25 166
1689089893712 0.25 167
1689089893726 0.25 168
1689089893738 0.25 169
1689089893751 0.2500000298023224 170
1689089893765 0.2500000298023224 171
1689089893778 0.25 172
1689089893791 0.24999995529651642 173
1689089893803 0.2499999701976776 174
1689089893817 0.2499999701976776 175
1689089893831 0.24999994039535522 176
1689089893997 0.25 177
1689089894010 0.2500000298023224 178
1689089894023 0.25 179
1689089894037 0.2499999701976776 180
1689089894052 0.25 181
1689089894066 0.25 182
1689089894079 0.2500000298023224 183
1689089894092 0.2500000298023224 184
1689089894104 0.25 185
1689089894118 0.2500000298023224 186
1689089894132 0.25 187
1689089894145 0.25 188
1689089894160 0.2499999850988388 189
1689089894173 0.2500000298023224 190
1689089894185 0.2499999701976776 191
1689089894199 0.25 192
1689089894213 0.25 193
1689089894225 0.2499999850988388 194
1689089894238 0.25 195
1689089894252 0.2500000298023224 196
1689089894266 0.25 197
1689089894280 0.2499999850988388 198
1689089894293 0.25 199
1689089894305 0.2500000298023224 200
1689089894318 0.2499999701976776 201
1689089894332 0.25 202
1689089894345 0.25 203
1689089894358 0.25 204
1689089894370 0.25 205
1689089894384 0.25 206
1689089894397 0.25 207
1689089894411 0.25 208
1689089894425 0.24999995529651642 209
1689089894437 0.25 210
1689089894451 0.25 211
1689089894463 0.25 212
1689089894477 0.25 213
1689089894490 0.25 214
1689089894504 0.2499999701976776 215
1689089894517 0.2499999701976776 216
1689089894536 0.25 217
1689089894553 0.2499999701976776 218
1689089894568 0.25 219
1689089894584 0.2499999701976776 220
1689089894599 0.25 221
1689089894615 0.2500000298023224 222
1689089894629 0.2500000298023224 223
1689089894644 0.25 224
1689089894659 0.2499999850988388 225
1689089894671 0.2499999850988388 226
1689089894684 0.25 227
1689089894698 0.24999995529651642 228
1689089894712 0.2499999701976776 229
1689089894725 0.2499999701976776 230
1689089894736 0.2499999701976776 231
1689089894750 0.25 232
1689089894763 0.2499999701976776 233
1689089894776 0.25 234
1689089894790 0.25 235
1689089894803 0.25 236
1689089894815 0.2500000298023224 237
1689089894830 0.2499999701976776 238
1689089894845 0.25 239
1689089894860 0.2500000298023224 240
1689089894874 0.25 241
1689089894887 0.2500000298023224 242
1689089894901 0.25 243
1689089894916 0.25 244
1689089894931 0.25 245
1689089894947 0.25 246
1689089894961 0.2499999850988388 247
1689089894975 0.25 248
1689089894989 0.2499999850988388 249
1689089895003 0.25 250
1689089895018 0.2499999850988388 251
1689089895032 0.25 252
1689089895045 0.2500000298023224 253
1689089895059 0.25 254
1689089895070 0.2499999701976776 255
1689089895084 0.2499999850988388 256
1689089895097 0.24999994039535522 257
1689089895111 0.2500000298023224 258
1689089895125 0.25 259
1689089895137 0.24999995529651642 260
1689089895151 0.2499999850988388 261
1689089895166 0.2499999701976776 262
1689089895178 0.2499999701976776 263
1689089895192 0.2499999701976776 264
1689089895204 0.2499999701976776 265
1689089895218 0.2499999701976776 266
1689089895232 0.2499999701976776 267
1689089895245 0.25 268
1689089895258 0.2499999701976776 269
1689089895269 0.2499999850988388 270
1689089895283 0.25 271
1689089895296 0.2499999850988388 272
1689089895309 0.25 273
1689089895321 0.2499999701976776 274
1689089895335 0.25 275
1689089895348 0.2499999701976776 276
1689089895592 0.25 277
1689089895605 0.25 278
1689089895618 0.25 279
1689089895632 0.2499999850988388 280
1689089895645 0.25 281
1689089895657 0.25 282
1689089895669 0.2500000298023224 283
1689089895683 0.2499999850988388 284
1689089895697 0.2499999701976776 285
1689089895713 0.2500000298023224 286
1689089895726 0.25 287
1689089895738 0.25 288
1689089895751 0.2500000298023224 289
1689089895764 0.2499999850988388 290
1689089895777 0.25 291
1689089895790 0.25 292
1689089895802 0.2499999850988388 293
1689089895816 0.2500000298023224 294
1689089895829 0.2500000298023224 295
1689089895854 0.2500000298023224 296
1689089895889 0.2499999850988388 297
1689089895908 0.25 298
1689089895921 0.25 299
1689089895935 0.2499999701976776 300
1689089895949 0.2499999701976776 301
1689089895963 0.25 302
1689089895976 0.2500000298023224 303
1689089895989 0.25 304
1689089896003 0.2499999701976776 305
1689089896020 0.2499999701976776 306
1689089896040 0.2499999701976776 307
1689089896063 0.25 308
1689089896084 0.2500000596046448 309
1689089896104 0.25 310
1689089896123 0.2500000298023224 311
1689089896139 0.25 312
1689089896152 0.25 313
1689089896166 0.2499999850988388 314
1689089896181 0.2499999850988388 315
1689089896195 0.2499999850988388 316
1689089896209 0.2500000298023224 317
1689089896221 0.25 318
1689089896235 0.2499999850988388 319
1689089896248 0.25 320
1689089896262 0.24999994039535522 321
1689089896275 0.2499999701976776 322
1689089896287 0.2500000298023224 323
1689089896300 0.25 324
1689089896314 0.25 325
1689089896328 0.25 326
1689089896342 0.25 327
1689089896355 0.2499999850988388 328
1689089896369 0.2500000596046448 329
1689089896385 0.2500000298023224 330
1689089896402 0.25 331
1689089896419 0.25 332
1689089896435 0.2499999850988388 333
1689089896450 0.2500000298023224 334
1689089896465 0.2499999701976776 335
1689089896481 0.25 336
1689089896495 0.25 337
1689089896508 0.25 338
1689089896519 0.25 339
1689089896534 0.2500000298023224 340
1689089896546 0.25 341
1689089896562 0.25 342
1689089896576 0.2499999850988388 343
1689089896588 0.2499999850988388 344
1689089896601 0.2499999701976776 345
1689089896615 0.2500000298023224 346
1689089896628 0.2500000596046448 347
1689089896641 0.25 348
1689089896653 0.2500000596046448 349
1689089896667 0.2499999850988388 350
1689089896679 0.2499999701976776 351
1689089896693 0.2499999701976776 352
1689089896707 0.2499999850988388 353
1689089896719 0.25 354
1689089896733 0.25 355
1689089896746 0.2500000298023224 356
1689089896760 0.24999994039535522 357
1689089896772 0.25 358
1689089896785 0.2499999850988388 359
1689089896798 0.2500000298023224 360
1689089896811 0.25 361
1689089896825 0.25 362
1689089896837 0.2500000596046448 363
1689089896850 0.25 364
1689089896864 0.25 365
1689089896878 0.2499999701976776 366
1689089896891 0.25 367
1689089896903 0.2499999850988388 368
1689089896917 0.2500000298023224 369
1689089896931 0.2500000298023224 370
1689089896944 0.25 371
1689089896958 0.25 372
1689089896970 0.2500000298023224 373
1689089896983 0.25 374
1689089896997 0.2500000298023224 375
1689089897010 0.2499999701976776 376
1689089897022 0.25 377
1689089897035 0.25 378
1689089897049 0.25 379
1689089897063 0.25 380
1689089897076 0.25 381
1689089897089 0.2499999701976776 382
1689089897102 0.2499999701976776 383
1689089897115 0.2499999850988388 384
1689089897130 0.25 385
1689089897144 0.25 386
1689089897158 0.25 387
1689089897170 0.25 388
1689089897185 0.25 389
1689089897199 0.2499999850988388 390
1689089897213 0.25 391
1689089897226 0.25 392
1689089897239 0.25 393
1689089897252 0.2499999850988388 394
1689089897265 0.2499999701976776 395
1689089897279 0.2499999701976776 396
1689089897293 0.25 397
1689089897305 0.25 398
1689089897317 0.2499999701976776 399
1689089897330 0.25 400
1689089897343 0.25 401
1689089897356 0.2499999701976776 402
1689089897369 0.2499999701976776 403
1689089897382 0.2499999701976776 404
1689089897395 0.25 405
1689089897409 0.25 406
1689089897422 0.25 407
1689089897434 0.2500000298023224 408
1689089897448 0.25 409
1689089897461 0.25 410
1689089897475 0.2499999701976776 411
1689089897487 0.25 412
1689089897500 0.25 413
1689089897514 0.25 414
1689089897527 0.2499999850988388 415
1689089897541 0.25 416
1689089897855 0.25 417
1689089897868 0.25 418
1689089897882 0.2500000298023224 419
1689089897895 0.2500000596046448 420
1689089897909 0.2499999850988388 421
1689089897921 0.25 422
1689089897934 0.25 423
1689089897948 0.2500000298023224 424
1689089897963 0.25 425
1689089897977 0.25 426
1689089897991 0.25 427
1689089898003 0.2499999850988388 428
1689089898016 0.2500000596046448 429
1689089898028 0.25 430
1689089898043 0.2499999701976776 431
1689089898057 0.2499999701976776 432
1689089898069 0.2499999701976776 433
1689089898083 0.25 434
1689089898097 0.2500000298023224 435
1689089898111 0.25 436
1689089898126 0.2499999701976776 437
1689089898138 0.2499999850988388 438
1689089898150 0.2500000298023224 439
1689089898163 0.25 440
1689089898176 0.25 441
1689089898190 0.25 442
1689089898203 0.25 443
1689089898216 0.2499999850988388 444
1689089898232 0.2500000298023224 445
1689089898246 0.25 446
1689089898259 0.25 447
1689089898273 0.25 448
1689089898286 0.25 449
1689089898300 0.2500000298023224 450
1689089898314 0.2500000298023224 451
1689089898327 0.25 452
1689089898339 0.25 453
1689089898352 0.25 454
1689089898365 0.25 455
1689089898378 0.25 456
1689089898392 0.25 457
1689089898404 0.25 458
1689089898420 0.25 459
1689089898435 0.2500000298023224 460
1689089898452 0.25 461
1689089898489 0.2499999701976776 462
1689089898512 0.25 463
1689089898534 0.2499999701976776 464
1689089898549 0.2500000596046448 465
1689089898568 0.25 466
1689089898584 0.25 467
1689089898600 0.25 468
1689089898616 0.25 469
1689089898632 0.25 470
1689089898646 0.25 471
1689089898661 0.2499999850988388 472
1689089898675 0.25 473
1689089898689 0.25 474
1689089898703 0.25 475
1689089898717 0.25 476
1689089898732 0.25 477
1689089898748 0.25 478
1689089898762 0.25 479
1689089898775 0.25 480
1689089898787 0.2499999701976776 481
1689089898800 0.2500000298023224 482
1689089898814 0.25 483
1689089898828 0.2499999701976776 484
1689089898841 0.25 485
1689089898855 0.25 486
1689089898868 0.2500000298023224 487
1689089898882 0.25 488
1689089898895 0.2499999850988388 489
1689089898908 0.2499999701976776 490
1689089898920 0.2499999850988388 491
1689089898934 0.2499999701976776 492
1689089898946 0.25 493
1689089898961 0.24999995529651642 494
1689089898974 0.25 495
1689089898986 0.25 496
1689089898999 0.25 497
1689089899012 0.25 498
1689089899026 0.25 499
