1689601636412 6.1104607582092285 0
1689601636677 4.865416049957275 1
1689601636890 3.8848557472229004 2
1689601637098 3.1361615657806396 3
1689601637321 2.5765645503997803 4
1689601637526 2.168194055557251 5
1689601637743 1.8771096467971802 6
1689601638023 1.6801753044128418 7
1689601638226 1.5520795583724976 8
1689601638429 1.4686272144317627 9
1689601638632 1.4193923473358154 10
1689601638840 1.3882510662078857 11
1689601639059 1.369026780128479 12
1689601639263 1.3575769662857056 13
1689601639486 1.3517800569534302 14
1689601639690 1.3479946851730347 15
1689601639897 1.3453375101089478 16
1689601640129 1.3431693315505981 17
1689601640330 1.342117428779602 18
1689601640540 1.342014193534851 19
1689601640743 1.3408849239349365 20
1689601640945 1.3397566080093384 21
1689601641151 1.3408652544021606 22
1689601641381 1.3399872779846191 23
1689601641609 1.3387961387634277 24
1689601641828 1.3395785093307495 25
1689601642034 1.3391754627227783 26
1689601642290 1.3376195430755615 27
1689601642483 1.338995099067688 28
1689601642706 1.3383281230926514 29
1689601642970 1.3377106189727783 30
1689601643273 1.3378655910491943 31
1689601643524 1.3376697301864624 32
1689601643725 1.337430477142334 33
1689601643945 1.3376481533050537 34
1689601644156 1.3372926712036133 35
1689601644371 1.3376246690750122 36
1689601644583 1.3380714654922485 37
1689601644790 1.3379812240600586 38
1689601644999 1.3374565839767456 39
1689601645208 1.3376790285110474 40
1689601645434 1.3372063636779785 41
1689601645642 1.338025689125061 42
1689601645843 1.3382673263549805 43
1689601646068 1.338028907775879 44
1689601646274 1.3389294147491455 45
1689601646500 1.3366056680679321 46
1689601646714 1.3374460935592651 47
1689601646935 1.3371353149414062 48
1689601647147 1.3372350931167603 49
1689601647356 1.3368513584136963 50
1689601647586 1.3377599716186523 51
1689601647822 1.3379626274108887 52
1689601648061 1.3373513221740723 53
1689601648317 1.3376909494400024 54
1689601648589 1.3384521007537842 55
1689601648833 1.3367726802825928 56
1689601649066 1.337397813796997 57
1689601649287 1.3380521535873413 58
1689601649506 1.3414133787155151 59
