1689601636412 2.1839098930358887 0
1689601636677 1.883470058441162 1
1689601636890 1.6347867250442505 2
1689601637098 1.4493434429168701 3
1689601637321 1.309544324874878 4
1689601637526 1.2093842029571533 5
1689601637743 1.1349812746047974 6
1689601638023 1.0860679149627686 7
1689601638226 1.0553702116012573 8
1689601638429 1.0335572957992554 9
1689601638632 1.0225498676300049 10
1689601638840 1.0150001049041748 11
1689601639059 1.0092031955718994 12
1689601639263 1.0068371295928955 13
1689601639486 1.00544273853302 14
1689601639690 1.0041438341140747 15
1689601639897 1.0037695169448853 16
1689601640129 1.002972960472107 17
1689601640330 1.0027912855148315 18
1689601640540 1.0024327039718628 19
1689601640743 1.0023887157440186 20
1689601640945 1.0018707513809204 21
1689601641151 1.002390742301941 22
1689601641381 1.0025180578231812 23
1689601641609 1.0017212629318237 24
1689601641828 1.0019593238830566 25
1689601642034 1.0021172761917114 26
1689601642290 1.0014539957046509 27
1689601642483 1.0021523237228394 28
1689601642706 1.0016571283340454 29
1689601642970 1.001448392868042 30
1689601643273 1.0015743970870972 31
1689601643524 1.0014821290969849 32
1689601643725 1.0015270709991455 33
1689601643945 1.0016731023788452 34
1689601644156 1.0013604164123535 35
1689601644371 1.0014961957931519 36
1689601644583 1.0016003847122192 37
1689601644790 1.0015828609466553 38
1689601644999 1.0014209747314453 39
1689601645208 1.0015915632247925 40
1689601645434 1.0015060901641846 41
1689601645642 1.0016382932662964 42
1689601645843 1.0016605854034424 43
1689601646068 1.0018173456192017 44
1689601646274 1.001717209815979 45
1689601646500 1.0011767148971558 46
1689601646714 1.001461148262024 47
1689601646935 1.001204490661621 48
1689601647147 1.0013166666030884 49
1689601647356 1.0011872053146362 50
1689601647586 1.0015733242034912 51
1689601647822 1.0015045404434204 52
1689601648061 1.0014243125915527 53
1689601648317 1.0014469623565674 54
1689601648589 1.0018529891967773 55
1689601648833 1.0010992288589478 56
1689601649066 1.0012181997299194 57
1689601649287 1.0014268159866333 58
1689601649506 1.0028550624847412 59
