1689089826249 0.40989530086517334 0
1689089826277 0.3810711205005646 1
1689089826291 0.3615061938762665 2
1689089826304 0.3458864092826843 3
1689089826317 0.3325619697570801 4
1689089826331 0.3207760453224182 5
1689089826346 0.31010961532592773 6
1689089826380 0.30030399560928345 7
1689089826395 0.29118651151657104 8
1689089826408 0.2826358377933502 9
1689089826420 0.2745627760887146 10
1689089826433 0.2669002413749695 11
1689089826448 0.2595960795879364 12
1689089826462 0.25260886549949646 13
1689089826476 0.24590545892715454 14
1689089826489 0.23945863544940948 15
1689089826501 0.23324580490589142 16
1689089826515 0.22724822163581848 17
1689089826528 0.22144989669322968 18
1689089826542 0.21583737432956696 19
1689089826602 0.21039898693561554 20
1689089826619 0.20512469112873077 21
1689089826638 0.2000056952238083 22
1689089826655 0.19503441452980042 23
1689089826673 0.1902039796113968 24
1689089826691 0.1855086386203766 25
1689089826706 0.18094292283058167 26
1689089826719 0.1765020787715912 27
1689089826733 0.1721821427345276 28
1689089826748 0.16797921061515808 29
1689089826763 0.16388969123363495 30
1689089826777 0.15991058945655823 31
1689089826791 0.15603891015052795 32
1689089826803 0.1522722840309143 33
1689089826816 0.14860805869102478 34
1689089826830 0.14504417777061462 35
1689089826843 0.1415785551071167 36
1689089826857 0.1382092386484146 37
1689089826870 0.13493439555168152 38
1689089826882 0.13175253570079803 39
1689089826896 0.1286618709564209 40
1689089826912 0.12566089630126953 41
1689089826925 0.12274832278490067 42
1689089826939 0.1199226826429367 43
1689089826951 0.117182657122612 44
1689089827028 0.11452694982290268 45
1689089827042 0.11195443570613861 46
1689089827055 0.10946381092071533 47
1689089827067 0.10705402493476868 48
1689089827081 0.10472384095191956 49
1689089827095 0.102472223341465 50
1689089827108 0.10029801726341248 51
1689089827121 0.09820017218589783 52
1689089827133 0.0961776152253151 53
1689089827147 0.09422921389341354 54
1689089827161 0.0923539251089096 55
1689089827175 0.0905507355928421 56
1689089827189 0.0888184905052185 57
1689089827201 0.08715620636940002 58
1689089827215 0.08556274324655533 59
1689089827230 0.08403700590133667 60
1689089827243 0.08257794380187988 61
1689089827256 0.08118444681167603 62
1689089827271 0.07985525578260422 63
1689089827285 0.07858932763338089 64
1689089827300 0.07738547772169113 65
1689089827315 0.07624245434999466 66
1689089827328 0.07515909522771835 67
1689089827341 0.07413408905267715 68
1689089827353 0.07316620647907257 69
1689089827366 0.07225407660007477 70
1689089827379 0.07139638066291809 71
1689089827393 0.07059170305728912 72
1689089827407 0.06983859837055206 73
1689089827419 0.0691356360912323 74
1689089827433 0.06848122179508209 75
1689089827446 0.06787385791540146 76
1689089827462 0.06731190532445908 77
1689089827476 0.06679367274045944 78
1689089827489 0.06631745398044586 79
1689089827501 0.06588150560855865 80
1689089827516 0.06548400223255157 81
1689089827529 0.06512310355901718 82
1689089827544 0.06479686498641968 83
1689089827557 0.06450340151786804 84
1689089827659 0.0642407089471817 85
1689089827675 0.06400683522224426 86
1689089827688 0.06379973143339157 87
1689089827700 0.06361740827560425 88
1689089827712 0.06345786154270172 89
1689089827727 0.06331906467676163 90
1689089827741 0.06319910287857056 91
1689089827754 0.06309612095355988 92
1689089827769 0.06300817430019379 93
1689089827783 0.06293360888957977 94
1689089827796 0.06287068873643875 95
1689089827812 0.06281788647174835 96
1689089827826 0.06277379393577576 97
1689089827841 0.06273703277111053 98
1689089827854 0.06270647048950195 99
1689089827866 0.06268104165792465 100
1689089827880 0.06265982985496521 101
1689089827893 0.06264204531908035 102
1689089827905 0.06262701749801636 103
1689089827919 0.06261423975229263 104
1689089827933 0.06260322034358978 105
1689089827947 0.06259363889694214 106
1689089827961 0.06258516013622284 107
1689089827975 0.06257762014865875 108
1689089827990 0.06257080286741257 109
1689089828006 0.06256464868783951 110
1689089828020 0.06255897134542465 111
1689089828035 0.06255379319190979 112
1689089828054 0.06254900991916656 113
1689089828082 0.0625445544719696 114
1689089828105 0.06254047900438309 115
1689089828123 0.06253666430711746 116
1689089828152 0.06253312528133392 117
1689089828177 0.06252987682819366 118
1689089828197 0.06252686679363251 119
1689089828214 0.06252404302358627 120
1689089828231 0.06252145767211914 121
1689089828245 0.06251907348632812 122
1689089828259 0.06251686811447144 123
1689089828274 0.06251484155654907 124
1689089828287 0.06251299381256104 125
1689089828299 0.06251130998134613 126
1689089828313 0.06250976026058197 127
1689089828327 0.06250837445259094 128
1689089828340 0.06250714510679245 129
1689089828353 0.06250603497028351 130
1689089828366 0.06250506639480591 131
1689089828379 0.06250419467687607 132
1689089828393 0.06250345706939697 133
1689089828406 0.06250281631946564 134
1689089828419 0.06250226497650146 135
1689089828431 0.06250180304050446 136
1689089828445 0.06250140070915222 137
1689089828576 0.06250110268592834 138
1689089828590 0.06250083446502686 139
1689089828603 0.06250061839818954 140
1689089828617 0.06250046193599701 141
1689089828633 0.06250035017728806 142
1689089828648 0.0625002458691597 143
1689089828663 0.06250018626451492 144
1689089828678 0.06250011175870895 145
1689089828693 0.06250008195638657 146
1689089828708 0.06250004470348358 147
1689089828721 0.0625000149011612 148
1689089828733 0.0625000074505806 149
1689089828746 0.0625000149011612 150
1689089828759 0.0625 151
1689089828772 0.0625 152
1689089828784 0.0624999962747097 153
1689089828799 0.062499988824129105 154
1689089828812 0.0624999962747097 155
1689089828825 0.0625000149011612 156
1689089828838 0.0625 157
1689089828850 0.0625000074505806 158
1689089828864 0.0624999925494194 159
1689089828877 0.0625000149011612 160
1689089828891 0.0625 161
1689089828905 0.06250008195638657 162
1689089828918 0.06250075995922089 163
1689089828932 0.06250772625207901 164
1689089828947 0.06256145983934402 165
1689089828959 0.06260301172733307 166
1689089828973 0.06253843009471893 167
1689089828985 0.06251101940870285 168
1689089828998 0.06250353157520294 169
1689089829012 0.062501460313797 170
1689089829025 0.0625007301568985 171
1689089829037 0.0625004768371582 172
1689089829051 0.06250038743019104 173
1689089829064 0.06250037997961044 174
1689089829078 0.06250046193599701 175
1689089829091 0.06250067055225372 176
1689089829103 0.06250116974115372 177
1689089829115 0.06250235438346863 178
1689089829129 0.06250536441802979 179
1689089829145 0.0625128298997879 180
1689089829158 0.06252716481685638 181
1689089829171 0.06253954768180847 182
1689089829184 0.06253446638584137 183
1689089829198 0.06252163648605347 184
1689089829211 0.06251217424869537 185
1689089829224 0.06250729411840439 186
1689089829238 0.06250487267971039 187
1689089829250 0.06250379979610443 188
1689089829264 0.06250344216823578 189
1689089829277 0.0625036433339119 190
1689089829291 0.06250438094139099 191
1689089829303 0.06250596046447754 192
1689089829316 0.06250868737697601 193
1689089829330 0.06251296401023865 194
1689089829344 0.0625181794166565 195
1689089829358 0.06252213567495346 196
1689089829371 0.06252206116914749 197
1689089829383 0.06251882016658783 198
1689089829397 0.062514528632164 199
1689089829411 0.0625111311674118 200
1689089829425 0.06250879913568497 201
1689089829438 0.0625075101852417 202
1689089829451 0.06250698864459991 203
1689089829465 0.06250710785388947 204
1689089829482 0.06250783056020737 205
1689089829499 0.06250915676355362 206
1689089829515 0.06251105666160583 207
1689089829530 0.0625133365392685 208
1689089829543 0.06251533329486847 209
1689089829557 0.06251650303602219 210
1689089829569 0.0625162348151207 211
1689089829583 0.0625150129199028 212
1689089829597 0.06251325458288193 213
1689089829610 0.0625116378068924 214
1689089829784 0.06251036375761032 215
1689089829798 0.06250961124897003 216
1689089829812 0.06250926852226257 217
1689089829825 0.0625094622373581 218
1689089829839 0.06250996887683868 219
1689089829851 0.06251085549592972 220
1689089829865 0.06251189112663269 221
1689089829879 0.06251294165849686 222
1689089829892 0.06251370906829834 223
1689089829905 0.0625140592455864 224
1689089829920 0.06251382827758789 225
1689089829934 0.06251327693462372 226
1689089829949 0.06251242756843567 227
1689089829964 0.06251171976327896 228
1689089829977 0.06251107901334763 229
1689089829991 0.06251072138547897 230
1689089830005 0.06251059472560883 231
1689089830017 0.06251075863838196 232
1689089830031 0.06251105666160583 233
1689089830046 0.06251157820224762 234
1689089830060 0.06251206994056702 235
1689089830073 0.06251255422830582 236
1689089830086 0.0625128224492073 237
1689089830100 0.06251293420791626 238
1689089830115 0.06251279264688492 239
1689089830130 0.06251249462366104 240
1689089830142 0.0625121146440506 241
1689089830157 0.06251175701618195 242
1689089830172 0.06251148134469986 243
1689089830184 0.06251131743192673 244
1689089830197 0.06251126527786255 245
1689089830211 0.0625113844871521 246
1689089830225 0.06251155585050583 247
1689089830238 0.06251183152198792 248
1689089830250 0.06251206994056702 249
1689089830265 0.06251229345798492 250
1689089830278 0.0625123530626297 251
1689089830292 0.06251240521669388 252
1689089830306 0.06251229345798492 253
1689089830319 0.06251218169927597 254
1689089830336 0.06251195073127747 255
1689089830349 0.06251180917024612 256
1689089830362 0.06251165270805359 257
1689089830377 0.0625116229057312 258
1689089830390 0.06251159310340881 259
1689089830403 0.06251170486211777 260
1689089830415 0.06251177191734314 261
1689089830429 0.06251192837953568 262
1689089830442 0.06251201033592224 263
1689089830455 0.0625121220946312 264
1689089830467 0.06251214444637299 265
1689089830480 0.06251216679811478 266
1689089830494 0.06251206994056702 267
1689089830509 0.06251202523708344 268
1689089830523 0.06251191347837448 269
1689089830535 0.0625118613243103 270
1689089830548 0.06251178681850433 271
1689089830563 0.06251177936792374 272
1689089830576 0.06251177191734314 273
1689089830589 0.06251183152198792 274
1689089830601 0.0625118613243103 275
1689089830615 0.06251195073127747 276
1689089830629 0.06251196563243866 277
1689089830643 0.06251202523708344 278
1689089830658 0.06251201033592224 279
1689089830674 0.06251205503940582 280
1689089830689 0.06251198798418045 281
1689089830702 0.06251195818185806 282
1689089830716 0.06251189112663269 283
1689089830731 0.0625118836760521 284
1689089830746 0.06251183152198792 285
1689089830761 0.0625118538737297 286
1689089830775 0.06251181662082672 287
1689089830788 0.0625118836760521 288
1689089830800 0.0625118762254715 289
1689089830813 0.06251195073127747 290
1689089830826 0.06251195073127747 291
1689089830840 0.06251198053359985 292
1689089830852 0.06251196563243866 293
1689089830865 0.06251198053359985 294
1689089830879 0.06251191347837448 295
1689089830891 0.06251195073127747 296
1689089830904 0.06251189857721329 297
1689089830919 0.06251192092895508 298
1689089830932 0.0625118762254715 299
1689089830945 0.06251189112663269 300
1689089830959 0.0625118762254715 301
1689089830973 0.06251190602779388 302
1689089830988 0.06251191347837448 303
1689089831023 0.06251193583011627 304
1689089831045 0.06251192092895508 305
1689089831063 0.06251197308301926 306
1689089831077 0.06251192837953568 307
1689089831090 0.06251195818185806 308
1689089831104 0.06251191347837448 309
1689089831117 0.06251193583011627 310
1689089831131 0.06251190602779388 311
1689089831145 0.06251191347837448 312
1689089831158 0.0625118836760521 313
1689089831172 0.06251189857721329 314
1689089831187 0.06251189112663269 315
1689089831199 0.06251192092895508 316
1689089831436 0.06251192092895508 317
1689089831448 0.06251192837953568 318
1689089831462 0.06251190602779388 319
1689089831475 0.06251193583011627 320
1689089831488 0.06251190602779388 321
1689089831500 0.06251193583011627 322
1689089831513 0.06251191347837448 323
1689089831527 0.06251195073127747 324
1689089831542 0.06251189857721329 325
1689089831556 0.06251192092895508 326
1689089831568 0.0625118836760521 327
1689089831582 0.06251190602779388 328
1689089831596 0.06251190602779388 329
1689089831609 0.06251193583011627 330
1689089831622 0.06251191347837448 331
1689089831634 0.06251192092895508 332
1689089831647 0.06251189112663269 333
1689089831662 0.06251193583011627 334
1689089831675 0.06251190602779388 335
1689089831688 0.06251192092895508 336
1689089831700 0.06251189857721329 337
1689089831713 0.06251192092895508 338
1689089831727 0.06251189112663269 339
1689089831741 0.06251190602779388 340
1689089831754 0.06251189857721329 341
1689089831767 0.06251190602779388 342
1689089831780 0.06251189112663269 343
1689089831799 0.06251190602779388 344
1689089831821 0.06251189112663269 345
1689089831843 0.06251190602779388 346
1689089831863 0.0625118836760521 347
1689089831881 0.06251191347837448 348
1689089831898 0.06251190602779388 349
1689089831914 0.06251189857721329 350
1689089831931 0.0625118836760521 351
1689089831945 0.06251190602779388 352
1689089831959 0.06251189857721329 353
1689089831971 0.06251189857721329 354
1689089831984 0.06251192092895508 355
1689089831997 0.06251191347837448 356
1689089832010 0.06251189112663269 357
1689089832024 0.06251192092895508 358
1689089832037 0.06251189112663269 359
1689089832050 0.06251190602779388 360
1689089832063 0.06251189112663269 361
1689089832077 0.06251192837953568 362
1689089832091 0.06251189112663269 363
1689089832105 0.06251190602779388 364
1689089832117 0.0625118836760521 365
1689089832131 0.06251191347837448 366
1689089832145 0.06251189112663269 367
1689089832158 0.06251190602779388 368
1689089832172 0.0625118762254715 369
1689089832184 0.06251190602779388 370
1689089832197 0.0625118687748909 371
1689089832210 0.06251189857721329 372
1689089832224 0.0625118762254715 373
1689089832239 0.06251190602779388 374
1689089832255 0.0625118836760521 375
1689089832270 0.06251189112663269 376
1689089832289 0.0625118687748909 377
1689089832304 0.06251189857721329 378
1689089832316 0.0625118762254715 379
1689089832332 0.06251190602779388 380
1689089832348 0.0625118613243103 381
1689089832362 0.06251189857721329 382
1689089832375 0.0625118762254715 383
1689089832388 0.06251191347837448 384
1689089832399 0.0625118687748909 385
1689089832413 0.06251192092895508 386
1689089832427 0.0625118836760521 387
1689089832439 0.06251189112663269 388
1689089832451 0.0625118613243103 389
1689089832464 0.06251190602779388 390
1689089832478 0.0625118836760521 391
1689089832492 0.06251191347837448 392
1689089832504 0.0625118762254715 393
1689089832516 0.06251190602779388 394
1689089832530 0.0625118836760521 395
1689089832544 0.06251189112663269 396
1689089832557 0.0625118613243103 397
1689089832571 0.06251190602779388 398
1689089832583 0.06251189112663269 399
1689089832596 0.06251191347837448 400
1689089832611 0.0625118836760521 401
1689089832625 0.06251189112663269 402
1689089832638 0.0625118762254715 403
1689089832651 0.06251189112663269 404
1689089832665 0.0625118836760521 405
1689089832679 0.06251192092895508 406
1689089832692 0.0625118762254715 407
1689089832706 0.06251190602779388 408
1689089832718 0.0625118762254715 409
1689089832731 0.0625118836760521 410
1689089832745 0.0625118762254715 411
1689089832758 0.06251189112663269 412
1689089832772 0.0625118762254715 413
1689089832783 0.06251190602779388 414
1689089832796 0.0625118613243103 415
1689089832810 0.06251189112663269 416
1689089832824 0.0625118613243103 417
1689089832837 0.06251190602779388 418
1689089832850 0.0625118613243103 419
1689089832864 0.0625118836760521 420
1689089832878 0.0625118613243103 421
1689089832892 0.06251189112663269 422
1689089832906 0.0625118687748909 423
1689089832919 0.06251191347837448 424
1689089832932 0.0625118762254715 425
1689089832947 0.0625118762254715 426
1689089832962 0.0625118613243103 427
1689089832974 0.06251189112663269 428
1689089832988 0.0625118613243103 429
1689089833001 0.06251191347837448 430
1689089833014 0.0625118613243103 431
1689089833028 0.0625118836760521 432
1689089833042 0.0625118613243103 433
1689089833056 0.06251190602779388 434
1689089833069 0.06251184642314911 435
1689089833081 0.06251189112663269 436
1689089833094 0.0625118762254715 437
1689089833107 0.0625118836760521 438
1689089833121 0.0625118762254715 439
1689089833132 0.0625118762254715 440
1689089833146 0.0625118613243103 441
1689089833160 0.06251189857721329 442
1689089833174 0.0625118613243103 443
1689089833187 0.0625118613243103 444
1689089833199 0.0625118687748909 445
1689089833213 0.0625118762254715 446
1689089833228 0.0625118538737297 447
1689089833240 0.06251189112663269 448
1689089833254 0.0625118613243103 449
1689089833266 0.0625118836760521 450
1689089833279 0.0625118613243103 451
1689089833293 0.0625118762254715 452
1689089833307 0.0625118613243103 453
1689089833319 0.06251189112663269 454
1689089833332 0.0625118538737297 455
1689089833345 0.06251189112663269 456
1689089833661 0.0625118613243103 457
1689089833675 0.0625118613243103 458
1689089833689 0.06251184642314911 459
1689089833702 0.0625118836760521 460
1689089833716 0.0625118687748909 461
1689089833728 0.0625118762254715 462
1689089833743 0.0625118538737297 463
1689089833756 0.0625118762254715 464
1689089833769 0.0625118613243103 465
1689089833782 0.0625118836760521 466
1689089833796 0.0625118613243103 467
1689089833812 0.0625118836760521 468
1689089833827 0.0625118687748909 469
1689089833839 0.0625118762254715 470
1689089833853 0.06251183897256851 471
1689089833865 0.0625118687748909 472
1689089833878 0.0625118687748909 473
1689089833892 0.0625118762254715 474
1689089833905 0.06251184642314911 475
1689089833917 0.0625118613243103 476
1689089833931 0.06251184642314911 477
1689089833944 0.06251189112663269 478
1689089833957 0.0625118613243103 479
1689089833971 0.0625118613243103 480
1689089833983 0.06251183897256851 481
1689089834005 0.06251189112663269 482
1689089834036 0.0625118613243103 483
1689089834056 0.06251189112663269 484
1689089834070 0.06251184642314911 485
1689089834083 0.0625118687748909 486
1689089834096 0.0625118538737297 487
1689089834111 0.0625118613243103 488
1689089834125 0.0625118613243103 489
1689089834139 0.0625118613243103 490
1689089834151 0.06251183152198792 491
1689089834163 0.0625118762254715 492
1689089834178 0.0625118613243103 493
1689089834191 0.0625118613243103 494
1689089834205 0.0625118538737297 495
1689089834216 0.0625118613243103 496
1689089834229 0.06251183897256851 497
1689089834242 0.0625118613243103 498
1689089834256 0.06251183152198792 499
