1689089826249 0.5452965497970581 0
1689089826277 0.5276455879211426 1
1689089826291 0.5152119994163513 2
1689089826304 0.5049937963485718 3
1689089826317 0.49605435132980347 4
1689089826331 0.48796316981315613 5
1689089826346 0.4804811477661133 6
1689089826380 0.4734605550765991 7
1689089826395 0.46680259704589844 8
1689089826408 0.4604376256465912 9
1689089826420 0.45431458950042725 10
1689089826433 0.448394775390625 11
1689089826448 0.44264835119247437 12
1689089826462 0.437051385641098 13
1689089826476 0.43158480525016785 14
1689089826489 0.4262329936027527 15
1689089826501 0.42098283767700195 16
1689089826515 0.41582369804382324 17
1689089826528 0.41074642539024353 18
1689089826542 0.4057433009147644 19
1689089826602 0.4008076786994934 20
1689089826619 0.3959340453147888 21
1689089826638 0.3911173343658447 22
1689089826655 0.386353462934494 23
1689089826673 0.3816385865211487 24
1689089826691 0.37696969509124756 25
1689089826706 0.3723438084125519 26
1689089826719 0.36775851249694824 27
1689089826733 0.36321184039115906 28
1689089826748 0.35870200395584106 29
1689089826763 0.35422706604003906 30
1689089826777 0.34978583455085754 31
1689089826791 0.3453768491744995 32
1689089826803 0.34099942445755005 33
1689089826816 0.3366522789001465 34
1689089826830 0.33233487606048584 35
1689089826843 0.32804638147354126 36
1689089826857 0.3237864375114441 37
1689089826870 0.31955432891845703 38
1689089826882 0.3153499960899353 39
1689089826896 0.3111729621887207 40
1689089826912 0.30702298879623413 41
1689089826925 0.30290013551712036 42
1689089826939 0.2988041341304779 43
1689089826951 0.2947350740432739 44
1689089827028 0.2906930148601532 45
1689089827042 0.28667810559272766 46
1689089827055 0.2826904058456421 47
1689089827067 0.2787303030490875 48
1689089827081 0.27479788661003113 49
1689089827095 0.2708936035633087 50
1689089827108 0.26701784133911133 51
1689089827121 0.26317098736763 52
1689089827133 0.25935351848602295 53
1689089827147 0.25556591153144836 54
1689089827161 0.25180867314338684 55
1689089827175 0.2500000298023224 56
1689089827189 0.2500000298023224 57
1689089827201 0.2500000596046448 58
1689089827215 0.2499999701976776 59
1689089827230 0.2499999701976776 60
1689089827243 0.25 61
1689089827256 0.2500000596046448 62
1689089827271 0.25 63
1689089827285 0.2499999850988388 64
1689089827300 0.2500000298023224 65
1689089827315 0.25 66
1689089827328 0.2499999850988388 67
1689089827341 0.25 68
1689089827353 0.2499999850988388 69
1689089827366 0.2499999850988388 70
1689089827379 0.2499999701976776 71
1689089827393 0.2499999850988388 72
1689089827407 0.2499999701976776 73
1689089827419 0.25 74
1689089827433 0.2499999701976776 75
1689089827446 0.2499999850988388 76
1689089827462 0.25 77
1689089827476 0.25 78
1689089827489 0.2499999850988388 79
1689089827501 0.25 80
1689089827516 0.25 81
1689089827529 0.2500000298023224 82
1689089827544 0.2499999850988388 83
1689089827557 0.25 84
1689089827659 0.2499999701976776 85
1689089827675 0.25 86
1689089827688 0.25 87
1689089827700 0.25 88
1689089827712 0.2500000298023224 89
1689089827727 0.25 90
1689089827741 0.2499999701976776 91
1689089827754 0.25 92
1689089827769 0.2499999701976776 93
1689089827783 0.25 94
1689089827796 0.2499999850988388 95
1689089827812 0.2499999850988388 96
1689089827826 0.2500000298023224 97
1689089827841 0.25 98
1689089827854 0.25 99
1689089827866 0.2500000298023224 100
1689089827880 0.2500000298023224 101
1689089827893 0.2500000298023224 102
1689089827905 0.2499999850988388 103
1689089827919 0.25 104
1689089827933 0.25 105
1689089827947 0.25 106
1689089827961 0.25 107
1689089827975 0.2500000298023224 108
1689089827990 0.25 109
1689089828006 0.2500000596046448 110
1689089828020 0.2499999850988388 111
1689089828035 0.25 112
1689089828054 0.2500000298023224 113
1689089828082 0.2499999701976776 114
1689089828105 0.2500000298023224 115
1689089828123 0.25 116
1689089828152 0.24999994039535522 117
1689089828177 0.25 118
1689089828197 0.2500000298023224 119
1689089828214 0.2499999850988388 120
1689089828231 0.25 121
1689089828245 0.25 122
1689089828259 0.25 123
1689089828274 0.25 124
1689089828287 0.25 125
1689089828299 0.25 126
1689089828313 0.2499999850988388 127
1689089828327 0.2499999850988388 128
1689089828340 0.25 129
1689089828353 0.2499999850988388 130
1689089828366 0.2500000298023224 131
1689089828379 0.25 132
1689089828393 0.25 133
1689089828406 0.2500000298023224 134
1689089828419 0.25 135
1689089828431 0.2500000298023224 136
1689089828445 0.25 137
1689089828576 0.2500000298023224 138
1689089828590 0.2500000298023224 139
1689089828603 0.25 140
1689089828617 0.25 141
1689089828633 0.2500000298023224 142
1689089828648 0.25 143
1689089828663 0.2500000298023224 144
1689089828678 0.25 145
1689089828693 0.2500000298023224 146
1689089828708 0.25 147
1689089828721 0.2499999701976776 148
1689089828733 0.2499999850988388 149
1689089828746 0.25 150
1689089828759 0.2499999850988388 151
1689089828772 0.25 152
1689089828784 0.25 153
1689089828799 0.2499999701976776 154
1689089828812 0.25 155
1689089828825 0.2500000298023224 156
1689089828838 0.25 157
1689089828850 0.2500000298023224 158
1689089828864 0.2499999850988388 159
1689089828877 0.2500000298023224 160
1689089828891 0.2499999701976776 161
1689089828905 0.25 162
1689089828918 0.25 163
1689089828932 0.2500000298023224 164
1689089828947 0.25 165
1689089828959 0.25 166
1689089828973 0.2499999850988388 167
1689089828985 0.2500000298023224 168
1689089828998 0.24999995529651642 169
1689089829012 0.2500000298023224 170
1689089829025 0.2499999701976776 171
1689089829037 0.2499999850988388 172
1689089829051 0.25 173
1689089829064 0.25 174
1689089829078 0.2499999850988388 175
1689089829091 0.25 176
1689089829103 0.25 177
1689089829115 0.2499999701976776 178
1689089829129 0.25 179
1689089829145 0.2499999701976776 180
1689089829158 0.2499999701976776 181
1689089829171 0.2499999701976776 182
1689089829184 0.2500000298023224 183
1689089829198 0.25 184
1689089829211 0.24999995529651642 185
1689089829224 0.2500000298023224 186
1689089829238 0.2499999701976776 187
1689089829250 0.2499999850988388 188
1689089829264 0.2499999850988388 189
1689089829277 0.25 190
1689089829291 0.25 191
1689089829303 0.2500000298023224 192
1689089829316 0.25 193
1689089829330 0.24999995529651642 194
1689089829344 0.2499999701976776 195
1689089829358 0.2500000596046448 196
1689089829371 0.24999995529651642 197
1689089829383 0.25 198
1689089829397 0.25 199
1689089829411 0.2500000298023224 200
1689089829425 0.25 201
1689089829438 0.25 202
1689089829451 0.25 203
1689089829465 0.2499999850988388 204
1689089829482 0.2500000298023224 205
1689089829499 0.25 206
1689089829515 0.25 207
1689089829530 0.2500000298023224 208
1689089829543 0.25 209
1689089829557 0.2500000298023224 210
1689089829569 0.2499999701976776 211
1689089829583 0.2499999850988388 212
1689089829597 0.25 213
1689089829610 0.2499999850988388 214
1689089829784 0.25 215
1689089829798 0.25 216
1689089829812 0.24999995529651642 217
1689089829825 0.25 218
1689089829839 0.25 219
1689089829851 0.25 220
1689089829865 0.2500000298023224 221
1689089829879 0.2499999701976776 222
1689089829892 0.25 223
1689089829905 0.25 224
1689089829920 0.2499999850988388 225
1689089829934 0.25 226
1689089829949 0.2499999701976776 227
1689089829964 0.25 228
1689089829977 0.25 229
1689089829991 0.25 230
1689089830005 0.25 231
1689089830017 0.2500000298023224 232
1689089830031 0.2499999850988388 233
1689089830046 0.25 234
1689089830060 0.25 235
1689089830073 0.2499999850988388 236
1689089830086 0.2499999701976776 237
1689089830100 0.25 238
1689089830115 0.2500000298023224 239
1689089830130 0.25 240
1689089830142 0.2500000596046448 241
1689089830157 0.25 242
1689089830172 0.2500000596046448 243
1689089830184 0.2499999850988388 244
1689089830197 0.25 245
1689089830211 0.2499999850988388 246
1689089830225 0.2499999850988388 247
1689089830238 0.25 248
1689089830250 0.25 249
1689089830265 0.25 250
1689089830278 0.2499999701976776 251
1689089830292 0.2499999701976776 252
1689089830306 0.2499999850988388 253
1689089830319 0.25 254
1689089830336 0.2499999701976776 255
1689089830349 0.2499999701976776 256
1689089830362 0.2499999850988388 257
1689089830377 0.25 258
1689089830390 0.2499999701976776 259
1689089830403 0.2500000298023224 260
1689089830415 0.25 261
1689089830429 0.25 262
1689089830442 0.25 263
1689089830455 0.2499999850988388 264
1689089830467 0.25 265
1689089830480 0.25 266
1689089830494 0.2499999850988388 267
1689089830509 0.25 268
1689089830523 0.25 269
1689089830535 0.25 270
1689089830548 0.2500000298023224 271
1689089830563 0.25 272
1689089830576 0.25 273
1689089830589 0.25 274
1689089830601 0.25 275
1689089830615 0.25 276
1689089830629 0.25 277
1689089830643 0.2499999701976776 278
1689089830658 0.2499999701976776 279
1689089830674 0.2500000298023224 280
1689089830689 0.25 281
1689089830702 0.2499999850988388 282
1689089830716 0.2499999850988388 283
1689089830731 0.25 284
1689089830746 0.2499999850988388 285
1689089830761 0.2499999850988388 286
1689089830775 0.24999994039535522 287
1689089830788 0.2499999850988388 288
1689089830800 0.25 289
1689089830813 0.25 290
1689089830826 0.25 291
1689089830840 0.25 292
1689089830852 0.25 293
1689089830865 0.25 294
1689089830879 0.24999995529651642 295
1689089830891 0.2500000298023224 296
1689089830904 0.25 297
1689089830919 0.2500000298023224 298
1689089830932 0.2500000298023224 299
1689089830945 0.25 300
1689089830959 0.25 301
1689089830973 0.2499999850988388 302
1689089830988 0.2500000298023224 303
1689089831023 0.25 304
1689089831045 0.2499999850988388 305
1689089831063 0.2500000298023224 306
1689089831077 0.25 307
1689089831090 0.25 308
1689089831104 0.25 309
1689089831117 0.25 310
1689089831131 0.25 311
1689089831145 0.25 312
1689089831158 0.25 313
1689089831172 0.25 314
1689089831187 0.25 315
1689089831199 0.25 316
1689089831436 0.2500000596046448 317
1689089831448 0.25 318
1689089831462 0.25 319
1689089831475 0.25 320
1689089831488 0.2499999850988388 321
1689089831500 0.25 322
1689089831513 0.25 323
1689089831527 0.2500000596046448 324
1689089831542 0.2500000298023224 325
1689089831556 0.25 326
1689089831568 0.25 327
1689089831582 0.2499999850988388 328
1689089831596 0.2500000298023224 329
1689089831609 0.2500000298023224 330
1689089831622 0.2500000298023224 331
1689089831634 0.25 332
1689089831647 0.2499999850988388 333
1689089831662 0.25 334
1689089831675 0.25 335
1689089831688 0.25 336
1689089831700 0.25 337
1689089831713 0.25 338
1689089831727 0.25 339
1689089831741 0.2499999701976776 340
1689089831754 0.2500000298023224 341
1689089831767 0.2499999850988388 342
1689089831780 0.25 343
1689089831799 0.2499999701976776 344
1689089831821 0.25 345
1689089831843 0.2499999701976776 346
1689089831863 0.2499999701976776 347
1689089831881 0.25 348
1689089831898 0.2500000298023224 349
1689089831914 0.24999994039535522 350
1689089831931 0.25 351
1689089831945 0.2499999850988388 352
1689089831959 0.2500000298023224 353
1689089831971 0.2499999701976776 354
1689089831984 0.2500000596046448 355
1689089831997 0.25 356
1689089832010 0.25 357
1689089832024 0.2500000298023224 358
1689089832037 0.25 359
1689089832050 0.2499999701976776 360
1689089832063 0.25 361
1689089832077 0.25 362
1689089832091 0.25 363
1689089832105 0.2499999850988388 364
1689089832117 0.25 365
1689089832131 0.25 366
1689089832145 0.2500000298023224 367
1689089832158 0.25 368
1689089832172 0.2499999850988388 369
1689089832184 0.2499999850988388 370
1689089832197 0.2499999701976776 371
1689089832210 0.2499999701976776 372
1689089832224 0.2499999850988388 373
1689089832239 0.25 374
1689089832255 0.25 375
1689089832270 0.2499999701976776 376
1689089832289 0.2499999701976776 377
1689089832304 0.2499999701976776 378
1689089832316 0.25 379
1689089832332 0.25 380
1689089832348 0.2499999701976776 381
1689089832362 0.25 382
1689089832375 0.25 383
1689089832388 0.25 384
1689089832399 0.2499999850988388 385
1689089832413 0.2500000298023224 386
1689089832427 0.2500000298023224 387
1689089832439 0.2499999701976776 388
1689089832451 0.24999995529651642 389
1689089832464 0.25 390
1689089832478 0.25 391
1689089832492 0.25 392
1689089832504 0.25 393
1689089832516 0.25 394
1689089832530 0.2500000298023224 395
1689089832544 0.2499999850988388 396
1689089832557 0.2499999850988388 397
1689089832571 0.25 398
1689089832583 0.2500000298023224 399
1689089832596 0.25 400
1689089832611 0.2500000298023224 401
1689089832625 0.2499999850988388 402
1689089832638 0.25 403
1689089832651 0.2499999701976776 404
1689089832665 0.25 405
1689089832679 0.2500000596046448 406
1689089832692 0.25 407
1689089832706 0.25 408
1689089832718 0.25 409
1689089832731 0.2499999850988388 410
1689089832745 0.2500000298023224 411
1689089832758 0.2499999850988388 412
1689089832772 0.25 413
1689089832783 0.25 414
1689089832796 0.2499999701976776 415
1689089832810 0.2499999850988388 416
1689089832824 0.2499999850988388 417
1689089832837 0.2500000298023224 418
1689089832850 0.2499999701976776 419
1689089832864 0.2499999701976776 420
1689089832878 0.25 421
1689089832892 0.25 422
1689089832906 0.25 423
1689089832919 0.2500000298023224 424
1689089832932 0.25 425
1689089832947 0.2499999701976776 426
1689089832962 0.25 427
1689089832974 0.2499999850988388 428
1689089832988 0.2499999701976776 429
1689089833001 0.2500000596046448 430
1689089833014 0.25 431
1689089833028 0.25 432
1689089833042 0.25 433
1689089833056 0.2500000298023224 434
1689089833069 0.2499999701976776 435
1689089833081 0.25 436
1689089833094 0.2500000298023224 437
1689089833107 0.2499999850988388 438
1689089833121 0.25 439
1689089833132 0.2499999701976776 440
1689089833146 0.25 441
1689089833160 0.25 442
1689089833174 0.25 443
1689089833187 0.24999995529651642 444
1689089833199 0.25 445
1689089833213 0.2499999850988388 446
1689089833228 0.25 447
1689089833240 0.25 448
1689089833254 0.25 449
1689089833266 0.2499999850988388 450
1689089833279 0.25 451
1689089833293 0.2499999701976776 452
1689089833307 0.25 453
1689089833319 0.25 454
1689089833332 0.25 455
1689089833345 0.25 456
1689089833661 0.25 457
1689089833675 0.24999995529651642 458
1689089833689 0.2499999850988388 459
1689089833702 0.25 460
1689089833716 0.25 461
1689089833728 0.2499999850988388 462
1689089833743 0.25 463
1689089833756 0.2499999850988388 464
1689089833769 0.2500000298023224 465
1689089833782 0.25 466
1689089833796 0.25 467
1689089833812 0.25 468
1689089833827 0.2500000298023224 469
1689089833839 0.2499999850988388 470
1689089833853 0.2499999701976776 471
1689089833865 0.2499999701976776 472
1689089833878 0.2500000298023224 473
1689089833892 0.25 474
1689089833905 0.2499999850988388 475
1689089833917 0.2499999701976776 476
1689089833931 0.25 477
1689089833944 0.25 478
1689089833957 0.25 479
1689089833971 0.2499999701976776 480
1689089833983 0.2499999701976776 481
1689089834005 0.25 482
1689089834036 0.25 483
1689089834056 0.2500000298023224 484
1689089834070 0.2499999850988388 485
1689089834083 0.2499999850988388 486
1689089834096 0.25 487
1689089834111 0.2499999701976776 488
1689089834125 0.25 489
1689089834139 0.2499999701976776 490
1689089834151 0.2499999701976776 491
1689089834163 0.25 492
1689089834178 0.2500000298023224 493
1689089834191 0.2499999701976776 494
1689089834205 0.25 495
1689089834216 0.2499999850988388 496
1689089834229 0.25 497
1689089834242 0.2499999850988388 498
1689089834256 0.2499999701976776 499
