1690195113467 0.47018852829933167 0
1690195113698 0.2586864233016968 1
1690195113924 0.21986164152622223 2
1690195114150 0.1943134218454361 3
1690195114378 0.16080351173877716 4
1690195114608 0.16682101786136627 5
1690195114843 0.14287690818309784 6
1690195115060 0.13989083468914032 7
1690195115298 0.11611659079790115 8
1690195115591 0.12600044906139374 9
1690195115827 0.1103062629699707 10
1690195116063 0.10527167469263077 11
1690195116295 0.09787497669458389 12
1690195116517 0.09063418954610825 13
1690195116752 0.09061083197593689 14
1690195116992 0.08196346461772919 15
1690195117221 0.09032798558473587 16
1690195117450 0.07454540580511093 17
1690195117696 0.08316416293382645 18
1690195117917 0.08760301023721695 19
1690195118155 0.08360850811004639 20
1690195118373 0.07468932121992111 21
1690195118612 0.0717439204454422 22
1690195118842 0.07010418176651001 23
1690195119081 0.08277512341737747 24
1690195119317 0.07147139310836792 25
1690195119549 0.06411606818437576 26
1690195119792 0.0658319965004921 27
1690195120020 0.06496735662221909 28
1690195120251 0.05445856973528862 29
1690195120485 0.06719785928726196 30
1690195120719 0.06457825005054474 31
1690195120947 0.06730234622955322 32
1690195121178 0.06066512688994408 33
1690195121416 0.059403982013463974 34
1690195121642 0.05939636752009392 35
1690195121883 0.056341204792261124 36
1690195122117 0.06132438778877258 37
1690195122350 0.05770624801516533 38
1690195122592 0.053652532398700714 39
1690195122824 0.05304056033492088 40
1690195123058 0.057750627398490906 41
1690195123290 0.05325952544808388 42
1690195123571 0.048102352768182755 43
1690195123843 0.051686517894268036 44
1690195124091 0.05266830325126648 45
1690195124319 0.04897570610046387 46
1690195124557 0.05072220787405968 47
1690195124792 0.0466628298163414 48
1690195125030 0.04346242919564247 49
1690195125276 0.044605009257793427 50
1690195125498 0.042636189609766006 51
1690195125722 0.04369300603866577 52
1690195125945 0.04116477817296982 53
1690195126176 0.042148981243371964 54
1690195126418 0.03809478506445885 55
1690195126650 0.043501537293195724 56
1690195126885 0.0381578728556633 57
1690195127104 0.03832694888114929 58
1690195127345 0.04104774445295334 59
1690195127583 0.03684953227639198 60
1690195127813 0.03474819287657738 61
1690195128057 0.038768164813518524 62
1690195128295 0.034747254103422165 63
1690195128520 0.036737073212862015 64
1690195128748 0.0326196625828743 65
1690195128981 0.03449340537190437 66
1690195129218 0.024320516735315323 67
1690195129447 0.03277520462870598 68
1690195129688 0.034005630761384964 69
1690195129914 0.032010532915592194 70
1690195130144 0.03216537833213806 71
1690195130367 0.030530238524079323 72
1690195130606 0.024908943101763725 73
1690195130832 0.030106283724308014 74
1690195131065 0.030679630115628242 75
1690195131312 0.02931661531329155 76
1690195131549 0.026637135073542595 77
1690195131783 0.027221689000725746 78
1690195132020 0.024361571297049522 79
1690195132254 0.0260476004332304 80
1690195132477 0.024400070309638977 81
1690195132700 0.024938559159636497 82
1690195132927 0.02600792422890663 83
1690195133163 0.023351779207587242 84
1690195133398 0.02165932022035122 85
1690195133627 0.023255033418536186 86
1690195133859 0.02165512554347515 87
1690195134090 0.02279292605817318 88
1690195134326 0.021986495703458786 89
1690195134554 0.015455814078450203 90
1690195134812 0.021806413307785988 91
1690195135043 0.020323753356933594 92
1690195135264 0.022671714425086975 93
1690195135505 0.01772681623697281 94
1690195135736 0.014260700903832912 95
1690195135965 0.017521539703011513 96
1690195136202 0.021223053336143494 97
1690195136437 0.013375809416174889 98
1690195136671 0.020335543900728226 99
1690195136904 0.018583819270133972 100
1690195137152 0.02109520696103573 101
1690195137385 0.012437012046575546 102
1690195137620 0.016316868364810944 103
1690195137863 0.014847400598227978 104
1690195138083 0.015693215653300285 105
1690195138321 0.019627654924988747 106
1690195138560 0.01600445806980133 107
1690195138832 0.013773576356470585 108
1690195139067 0.016857953742146492 109
1690195139289 0.015678394585847855 110
1690195139527 0.014013092964887619 111
1690195139762 0.01455993577837944 112
1690195139990 0.011242065578699112 113
1690195140218 0.012906228192150593 114
1690195140453 0.015036038123071194 115
1690195140681 0.016344962641596794 116
1690195140915 0.014099635183811188 117
1690195141146 0.015633143484592438 118
1690195141385 0.015474261716008186 119
1690195141622 0.014700321480631828 120
1690195141852 0.01515005249530077 121
1690195142080 0.010449815541505814 122
1690195142294 0.011834410950541496 123
1690195142521 0.011536096222698689 124
1690195142749 0.016274772584438324 125
1690195142978 0.013747035525739193 126
1690195143212 0.01255868375301361 127
1690195143431 0.010419001802802086 128
1690195143662 0.010032855905592442 129
1690195143893 0.015288534574210644 130
1690195144120 0.008855365216732025 131
1690195144362 0.008759156800806522 132
1690195144594 0.009781677275896072 133
1690195144822 0.014007148332893848 134
1690195145041 0.009660662151873112 135
1690195145280 0.010947118513286114 136
1690195145514 0.011725043877959251 137
1690195145736 0.009061132557690144 138
1690195145970 0.012579564936459064 139
1690195146197 0.011698213405907154 140
1690195146429 0.01173082273453474 141
1690195146657 0.008362917229533195 142
1690195146920 0.011397863738238811 143
1690195147156 0.009058244526386261 144
1690195147387 0.008624996989965439 145
1690195147619 0.010467016138136387 146
1690195147853 0.010606758296489716 147
1690195148089 0.007484369445592165 148
1690195148332 0.010498657822608948 149
1690195148559 0.009943317621946335 150
1690195148796 0.00822928361594677 151
1690195149036 0.010843764990568161 152
1690195149279 0.010433325543999672 153
1690195149512 0.0069406908005476 154
1690195149752 0.007594830822199583 155
1690195149982 0.014112541452050209 156
1690195150209 0.011133676394820213 157
1690195150452 0.008308122865855694 158
1690195150684 0.006829282734543085 159
1690195150926 0.012786546722054482 160
1690195151161 0.008030989207327366 161
1690195151404 0.00738556869328022 162
1690195151629 0.011106140911579132 163
1690195151860 0.011758401058614254 164
1690195152086 0.010161292739212513 165
1690195152318 0.007147594355046749 166
1690195152555 0.011386730708181858 167
1690195152767 0.012042593210935593 168
1690195153004 0.008473237045109272 169
1690195153239 0.0053608352318406105 170
1690195153478 0.009654351510107517 171
1690195153740 0.010735579766333103 172
1690195153991 0.010395214892923832 173
1690195154226 0.0072691659443080425 174
1690195154444 0.007324802223592997 175
1690195154684 0.0084827346727252 176
1690195154914 0.0074617196805775166 177
1690195155154 0.007349490188062191 178
1690195155386 0.0054259211756289005 179
1690195155618 0.007690160069614649 180
1690195155850 0.007977655157446861 181
1690195156086 0.01059497520327568 182
1690195156324 0.0066880956292152405 183
1690195156556 0.007753399200737476 184
1690195156806 0.009034502319991589 185
1690195157026 0.008408683352172375 186
1690195157261 0.009325718507170677 187
1690195157491 0.005449241027235985 188
1690195157724 0.008258286863565445 189
1690195157964 0.010185003280639648 190
1690195158195 0.009013556875288486 191
1690195158422 0.00646245526149869 192
1690195158649 0.008837677538394928 193
1690195158886 0.0092838816344738 194
1690195159116 0.008777913637459278 195
1690195159343 0.007885721512138844 196
1690195159587 0.007289763540029526 197
1690195159850 0.008497199043631554 198
1690195160095 0.008882604539394379 199
1690195160327 0.007641027215868235 200
1690195160560 0.01047037448734045 201
1690195160777 0.00691265519708395 202
1690195161000 0.007172487676143646 203
1690195161231 0.01062868069857359 204
1690195161468 0.005132929887622595 205
1690195161708 0.00934507418423891 206
1690195161939 0.006433411035686731 207
1690195162159 0.008144678547978401 208
1690195162407 0.009854231029748917 209
1690195162629 0.008512022905051708 210
1690195162866 0.007483610883355141 211
1690195163101 0.00811731070280075 212
1690195163337 0.0048562767915427685 213
1690195163566 0.00765587342903018 214
1690195163793 0.005436008796095848 215
1690195164022 0.007337416987866163 216
1690195164250 0.00475191418081522 217
1690195164494 0.007283058948814869 218
1690195164721 0.006193370092660189 219
1690195164954 0.005796842742711306 220
1690195165181 0.00827556848526001 221
1690195165407 0.00596650643274188 222
1690195165632 0.0050123208202421665 223
1690195165863 0.006025874987244606 224
1690195166101 0.006246942561119795 225
1690195166338 0.007205357309430838 226
1690195166564 0.009898231364786625 227
1690195166797 0.005626073107123375 228
1690195167026 0.007522647734731436 229
1690195167273 0.006571909412741661 230
1690195167505 0.0054740989580750465 231
1690195167739 0.0068977572955191135 232
1690195167959 0.006163653917610645 233
1690195168202 0.007847494445741177 234
1690195168434 0.007043469697237015 235
1690195168695 0.003997931722551584 236
1690195168951 0.005710850469768047 237
1690195169185 0.004575437866151333 238
1690195169420 0.00703329686075449 239
1690195169657 0.007078385446220636 240
1690195169898 0.006848858669400215 241
1690195170137 0.005312410183250904 242
1690195170370 0.007451470475643873 243
1690195170609 0.004027230199426413 244
1690195170841 0.006337684113532305 245
1690195171078 0.0035904068499803543 246
1690195171312 0.006622022017836571 247
1690195171552 0.004902999848127365 248
1690195171787 0.003932166378945112 249
1690195172011 0.005818847566843033 250
1690195172241 0.007660219445824623 251
1690195172477 0.0029330658726394176 252
1690195172721 0.005776533391326666 253
1690195172956 0.005915067624300718 254
1690195173228 0.007149773184210062 255
1690195173452 0.005843096412718296 256
1690195173688 0.006546677090227604 257
1690195173925 0.005825155880302191 258
1690195174156 0.004855806473642588 259
1690195174393 0.0045168763026595116 260
1690195174625 0.006305891089141369 261
1690195174853 0.007802156265825033 262
1690195175079 0.006595952901989222 263
1690195175316 0.004108315333724022 264
1690195175557 0.004804446827620268 265
1690195175790 0.006500301416963339 266
1690195176031 0.004229285754263401 267
1690195176252 0.005845385603606701 268
1690195176482 0.0074219731613993645 269
1690195176714 0.0064583406783640385 270
1690195176953 0.005600918550044298 271
1690195177180 0.004437771625816822 272
1690195177414 0.003626572899520397 273
1690195177641 0.00589245930314064 274
1690195177875 0.003220286685973406 275
1690195178106 0.005205283407121897 276
1690195178340 0.005227779038250446 277
1690195178573 0.0038391402922570705 278
1690195178803 0.0031441340688616037 279
1690195179036 0.006329108960926533 280
1690195179277 0.002369886264204979 281
1690195179512 0.004047180060297251 282
1690195179756 0.005834761541336775 283
1690195179977 0.007200197782367468 284
1690195180206 0.005205395631492138 285
1690195180449 0.0042670420370996 286
1690195180697 0.006393076851963997 287
1690195180919 0.00667645875364542 288
1690195181154 0.0055242870002985 289
1690195181386 0.004748879931867123 290
1690195181606 0.005978637840598822 291
1690195181845 0.003520712023600936 292
1690195182079 0.002812030026689172 293
1690195182310 0.004992913454771042 294
1690195182544 0.0033096815459430218 295
1690195182781 0.004321395419538021 296
1690195183002 0.004335042089223862 297
1690195183231 0.0049965172074735165 298
1690195183466 0.005197880323976278 299
1690195183732 0.0049303676933050156 300
1690195183996 0.004760405048727989 301
1690195184256 0.007730924990028143 302
1690195184495 0.004296562634408474 303
1690195184734 0.0074340952560305595 304
1690195184968 0.002729061059653759 305
1690195185198 0.0046402160078287125 306
1690195185429 0.00180195108987391 307
1690195185657 0.0029284281190484762 308
1690195185874 0.0036373669281601906 309
1690195186111 0.0025120670907199383 310
1690195186341 0.005337888840585947 311
1690195186578 0.00504925474524498 312
1690195186810 0.0035776030272245407 313
1690195187034 0.0022759861312806606 314
1690195187274 0.003300369717180729 315
1690195187491 0.00556867616251111 316
1690195187733 0.003499900922179222 317
1690195187958 0.003380472306162119 318
1690195188194 0.003578603034839034 319
1690195188421 0.0042747799307107925 320
1690195188648 0.0025908034294843674 321
1690195188881 0.003522132523357868 322
1690195189112 0.0036465523298829794 323
1690195189351 0.004096271935850382 324
1690195189583 0.005977659020572901 325
1690195189809 0.0033762629609555006 326
1690195190049 0.002915402175858617 327
1690195190282 0.0023228414356708527 328
1690195190519 0.004900373052805662 329
1690195190746 0.0038642024155706167 330
1690195190983 0.0028982802759855986 331
1690195191214 0.004178398288786411 332
1690195191439 0.0017134477384388447 333
1690195191673 0.004319355357438326 334
1690195191912 0.0023332193959504366 335
1690195192147 0.004943156614899635 336
1690195192376 0.002982243662700057 337
1690195192607 0.004502671770751476 338
1690195192844 0.002787612844258547 339
1690195193083 0.00419561518356204 340
1690195193322 0.00349411484785378 341
1690195193543 0.005554668139666319 342
1690195193792 0.003034324385225773 343
1690195194012 0.0036365333944559097 344
1690195194250 0.008907527662813663 345
1690195194482 0.004510602448135614 346
1690195194729 0.0024315982591360807 347
1690195194957 0.003110166173428297 348
1690195195184 0.004251711070537567 349
1690195195426 0.004594030790030956 350
1690195195662 0.0038044911343604326 351
1690195195899 0.0030358582735061646 352
1690195196124 0.0021747129503637552 353
1690195196363 0.001996556995436549 354
1690195196589 0.0029777074232697487 355
1690195196851 0.0028574075549840927 356
1690195197082 0.0031557446345686913 357
1690195197308 0.0033792785834521055 358
1690195197545 0.003975576721131802 359
1690195197782 0.0028955985326319933 360
1690195198009 0.002510115271434188 361
1690195198241 0.004036179278045893 362
1690195198472 0.0025762205477803946 363
1690195198751 0.004911860916763544 364
1690195198996 0.001818053307943046 365
1690195199235 0.004988695494830608 366
1690195199466 0.003216634038835764 367
1690195199706 0.0034604775719344616 368
1690195199930 0.0032185071613639593 369
1690195200152 0.0014879313530400395 370
1690195200383 0.0032116638030856848 371
1690195200613 0.004845481365919113 372
1690195200845 0.0028002026956528425 373
1690195201076 0.0030160790774971247 374
1690195201316 0.00385418813675642 375
1690195201549 0.004273483529686928 376
1690195201773 0.003145041409879923 377
1690195201998 0.0024706399999558926 378
1690195202232 0.0037626009434461594 379
1690195202474 0.004337477032095194 380
1690195202708 0.00335311284288764 381
1690195202949 0.0015752549516037107 382
1690195203173 0.003291287226602435 383
1690195203408 0.0031382404267787933 384
1690195203641 0.0019012135453522205 385
1690195203876 0.004185674246400595 386
1690195204112 0.0035451864823698997 387
1690195204353 0.002365007298067212 388
1690195204592 0.00505261542275548 389
1690195204815 0.003515055403113365 390
1690195205048 0.0031421491876244545 391
1690195205285 0.002648764755576849 392
1690195205512 0.00290925451554358 393
1690195205748 0.002747718244791031 394
1690195205978 0.0023180251009762287 395
1690195206207 0.003019833704456687 396
1690195206432 0.002714740578085184 397
1690195206657 0.002701378194615245 398
1690195206890 0.002458422677591443 399
1690195207121 0.0020918315276503563 400
1690195207361 0.003630235558375716 401
1690195207574 0.0022094680462032557 402
1690195207818 0.0034390906803309917 403
1690195208044 0.004190701991319656 404
1690195208275 0.003451884025707841 405
1690195208519 0.003504107939079404 406
1690195208738 0.004652605392038822 407
1690195208969 0.0018661817302927375 408
1690195209194 0.0023306040093302727 409
1690195209429 0.0014324549119919538 410
1690195209692 0.0021918273996561766 411
1690195209927 0.0028885684441775084 412
1690195210159 0.003599816933274269 413
1690195210390 0.006048243492841721 414
1690195210627 0.002105030231177807 415
1690195210860 0.0035086856223642826 416
1690195211100 0.002052715513855219 417
1690195211328 0.0022094915620982647 418
1690195211548 0.001803623978048563 419
1690195211779 0.0027921628206968307 420
1690195212011 0.0021070886868983507 421
1690195212251 0.003131509991362691 422
1690195212488 0.0018194240983575583 423
1690195212722 0.00326403696089983 424
1690195212948 0.0021847260650247335 425
1690195213179 0.0014206224586814642 426
1690195213415 0.0019785030744969845 427
1690195213672 0.0015858571277931333 428
1690195213931 0.005148277617990971 429
1690195214160 0.001782235223799944 430
1690195214387 0.002284800633788109 431
1690195214617 0.002570921089500189 432
1690195214862 0.0030078175477683544 433
1690195215094 0.003764335298910737 434
1690195215327 0.0033101134467869997 435
1690195215556 0.0020599919371306896 436
1690195215783 0.002806819276884198 437
1690195216021 0.002066244138404727 438
1690195216254 0.0023441563826054335 439
1690195216493 0.0012810295447707176 440
1690195216727 0.0037044347263872623 441
1690195216957 0.00348371802829206 442
1690195217192 0.002867755014449358 443
1690195217410 0.0038026319816708565 444
1690195217636 0.0029991460032761097 445
1690195217873 0.004712189082056284 446
1690195218107 0.0021598509047180414 447
1690195218339 0.0035223779268562794 448
1690195218576 0.003167316783219576 449
1690195218812 0.003037664107978344 450
1690195219040 0.0016136410413309932 451
1690195219285 0.0016329754143953323 452
1690195219523 0.002432697219774127 453
1690195219753 0.002010495401918888 454
1690195219981 0.0030780136585235596 455
1690195220212 0.0024659563787281513 456
1690195220532 0.002937329700216651 457
1690195220846 0.001630408689379692 458
1690195221115 0.0024290401488542557 459
1690195221367 0.0028656059876084328 460
1690195221648 0.0028163730166852474 461
1690195221930 0.0033285487443208694 462
1690195222261 0.002417466137558222 463
1690195222513 0.0022957208566367626 464
1690195222749 0.0018494752002879977 465
1690195223004 0.0033932002261281013 466
1690195223277 0.0013511653523892164 467
1690195223526 0.0012385598383843899 468
1690195223809 0.003729534335434437 469
1690195224039 0.0010832964908331633 470
1690195224319 0.0021040416322648525 471
1690195224563 0.002841467736288905 472
1690195224812 0.001995222410187125 473
1690195225107 0.003104652976617217 474
1690195225424 0.0011610767105594277 475
1690195225772 0.003962635062634945 476
1690195226123 0.0021061855368316174 477
1690195226413 0.0023323947098106146 478
1690195226722 0.0021423345897346735 479
1690195227029 0.0026146224699914455 480
1690195227359 0.002691191155463457 481
1690195227649 0.004411337897181511 482
1690195227952 0.0021593403071165085 483
1690195228196 0.002306833164766431 484
1690195228452 0.0013001852203160524 485
1690195228698 0.0018273798050358891 486
1690195228959 0.003297329880297184 487
1690195229232 0.0023469298612326384 488
1690195229471 0.001076304935850203 489
1690195229707 0.0017559606349095702 490
1690195229953 0.0023101703263819218 491
1690195230258 0.0018522179452702403 492
1690195230543 0.0018398796673864126 493
1690195230795 0.00206221011467278 494
1690195231035 0.0013300890568643808 495
1690195231288 0.0028706786688417196 496
1690195231556 0.002370094181969762 497
1690195231808 0.0012932673562318087 498
1690195232085 0.0012459743302315474 499
1690195232378 0.0011150490026921034 500
1690195232641 0.002545142313465476 501
1690195232903 0.0016426200745627284 502
1690195233156 0.001872638938948512 503
1690195233405 0.0015851645730435848 504
1690195233636 0.0016752119408920407 505
1690195233871 0.00313352863304317 506
1690195234098 0.0034401118755340576 507
1690195234336 0.0029517298098653555 508
1690195234585 0.0018297492060810328 509
1690195234851 0.0015095401322469115 510
1690195235098 0.0014933723723515868 511
1690195235359 0.002344743348658085 512
1690195235611 0.0017081357073038816 513
1690195235862 0.0029437055345624685 514
1690195236092 0.0019117287592962384 515
1690195236362 0.0014623722527176142 516
1690195236628 0.0017983457073569298 517
1690195236876 0.0016001422191038728 518
1690195237106 0.003074331907555461 519
1690195237364 0.001460443832911551 520
1690195237620 0.0015458029229193926 521
1690195237868 0.0015496162232011557 522
1690195238101 0.0011088222963735461 523
1690195238337 0.0027814186178147793 524
1690195238577 0.0011055414797738194 525
1690195238798 0.0010806142818182707 526
1690195239022 0.0026585275772958994 527
1690195239280 0.0031332913786172867 528
1690195239534 0.0014242104953154922 529
1690195239789 0.0014890818856656551 530
1690195240033 0.0009528343798592687 531
1690195240261 0.0012442015577107668 532
1690195240527 0.0018145249923691154 533
1690195240770 0.0013027117820456624 534
1690195241000 0.0022858567535877228 535
1690195241246 0.0015512683894485235 536
1690195241474 0.0025621214881539345 537
1690195241708 0.002097925404086709 538
1690195241959 0.001830565044656396 539
1690195242199 0.0007431257981806993 540
1690195242449 0.001889131497591734 541
1690195242702 0.001322542317211628 542
1690195242940 0.0014409292489290237 543
1690195243183 0.002920418046414852 544
1690195243433 0.001207370194606483 545
1690195243663 0.0022362845484167337 546
1690195243895 0.0018289327854290605 547
1690195244146 0.0010465240338817239 548
1690195244377 0.0017212394159287214 549
1690195244633 0.0024553926195949316 550
1690195244874 0.002316405763849616 551
1690195245116 0.0007498788763768971 552
1690195245348 0.0028354180976748466 553
1690195245580 0.003110814606770873 554
1690195245831 0.0018689979333430529 555
1690195246069 0.0024223600048571825 556
1690195246307 0.0016853853594511747 557
1690195246528 0.002315291203558445 558
1690195246759 0.0007183554698713124 559
1690195246973 0.0016839471645653248 560
1690195247204 0.0012245570542290807 561
1690195247445 0.0021946849301457405 562
1690195247655 0.0009358713869005442 563
1690195247897 0.0019444075878709555 564
1690195248168 0.0012723900144919753 565
1690195248391 0.0012379970867186785 566
1690195248617 0.00271567702293396 567
1690195248835 0.0012031447840854526 568
1690195249063 0.0007053838926367462 569
1690195249291 0.0019716008100658655 570
1690195249518 0.0010668380418792367 571
1690195249731 0.0012590644182637334 572
1690195249964 0.0018100971356034279 573
1690195250189 0.0007315896800719202 574
1690195250416 0.0010288198245689273 575
1690195250646 0.0009499395964667201 576
1690195250880 0.0013228158932179213 577
1690195251106 0.0013952476438134909 578
1690195251331 0.0009097357396967709 579
1690195251547 0.0020167925395071507 580
1690195251783 0.0035102837719023228 581
1690195251996 0.0008781778160482645 582
1690195252223 0.0008975798264145851 583
1690195252441 0.0015494255349040031 584
1690195252689 0.001723126508295536 585
1690195252942 0.0015668709529563785 586
1690195253218 0.0014059882378205657 587
1690195253500 0.0008106469758786261 588
1690195253774 0.001034442102536559 589
1690195254014 0.00203310651704669 590
1690195254255 0.0014817785704508424 591
1690195254500 0.0011294904397800565 592
1690195254767 0.0027077170088887215 593
1690195255040 0.0015238984487950802 594
1690195255319 0.0013601956889033318 595
1690195255564 0.001435003476217389 596
1690195255861 0.0015214909799396992 597
1690195256098 0.0011153710074722767 598
1690195256324 0.0010359346633777022 599
1690195256588 0.0031765042804181576 600
1690195256820 0.0027000894770026207 601
1690195257048 0.0007616026559844613 602
1690195257283 0.0009393784566782415 603
1690195257507 0.0015395586378872395 604
1690195257721 0.0009155588340945542 605
1690195257941 0.0010849162936210632 606
1690195258155 0.0031271097250282764 607
1690195258393 0.0007423812639899552 608
1690195258608 0.0023474085610359907 609
1690195258845 0.001202103216201067 610
1690195259121 0.0009078095317818224 611
1690195259356 0.0030729533173143864 612
1690195259593 0.0016892480198293924 613
1690195259830 0.0009372883359901607 614
1690195260060 0.0013562465319409966 615
1690195260300 0.0009653100278228521 616
1690195260539 0.0007632476626895368 617
1690195260762 0.0008412605384364724 618
1690195261000 0.0014998045517131686 619
1690195261238 0.003746193600818515 620
1690195261475 0.0008550409111194313 621
1690195261709 0.0011562147410586476 622
1690195261942 0.002246956108137965 623
1690195262177 0.0010300498688593507 624
1690195262411 0.0011331357527524233 625
1690195262645 0.0009564966894686222 626
1690195262875 0.0012109280796721578 627
1690195263109 0.0008667305228300393 628
1690195263336 0.0014434211188927293 629
1690195263567 0.0018786689033731818 630
1690195263789 0.0007490834104828537 631
1690195264013 0.0012283535907045007 632
1690195264254 0.0011257525766268373 633
1690195264481 0.0007392578409053385 634
1690195264706 0.0011501427507027984 635
1690195264936 0.0011466685682535172 636
1690195265172 0.00301523064263165 637
1690195265413 0.0014637424610555172 638
1690195265641 0.0009318013908341527 639
1690195265878 0.001717875711619854 640
1690195266111 0.0019425703212618828 641
1690195266344 0.002748035592958331 642
1690195266567 0.002299533924087882 643
1690195266798 0.0012150853872299194 644
1690195267038 0.0009304032428190112 645
1690195267274 0.000963331141974777 646
1690195267501 0.0012566697550937533 647
1690195267712 0.0007174299680627882 648
1690195267947 0.0016343981260433793 649
1690195268176 0.0012775608338415623 650
1690195268418 0.0018914135871455073 651
1690195268650 0.001418687985278666 652
1690195268867 0.0005540875717997551 653
1690195269098 0.0009861624566838145 654
1690195269338 0.001271167304366827 655
1690195269567 0.0007437447202391922 656
1690195269806 0.0012684185057878494 657
1690195270041 0.0009365194127894938 658
1690195270271 0.011264679953455925 659
1690195270506 0.0014883390394970775 660
1690195270742 0.0015707146376371384 661
1690195270972 0.0013949178392067552 662
1690195271199 0.0008278134046122432 663
1690195271416 0.0022991327568888664 664
1690195271671 0.0007304431055672467 665
1690195271915 0.00142316531855613 666
1690195272129 0.0009562659543007612 667
1690195272360 0.000949211826082319 668
1690195272592 0.002446696860715747 669
1690195272833 0.0009558032033964992 670
1690195273065 0.0015359165845438838 671
1690195273292 0.0007481129723601043 672
1690195273522 0.0004818684246856719 673
1690195273743 0.0008872436010278761 674
1690195273974 0.0008158228592947125 675
1690195274209 0.0012572978157550097 676
1690195274437 0.0008306515519507229 677
1690195274670 0.0013230665354058146 678
1690195274902 0.0009124738280661404 679
1690195275133 0.0014770333655178547 680
1690195275367 0.00044379240716807544 681
1690195275599 0.0015563894994556904 682
1690195275826 0.0006811166531406343 683
1690195276060 0.00114627240691334 684
1690195276298 0.0006487391074188054 685
1690195276523 0.0011346222599968314 686
1690195276755 0.0007982587558217347 687
1690195276977 0.0006447655614465475 688
1690195277214 0.0008068099268712103 689
1690195277447 0.0006793186184950173 690
1690195277679 0.0012203118531033397 691
1690195277911 0.0006127176457084715 692
1690195278138 0.000656134681776166 693
1690195278365 0.0008625681512057781 694
1690195278601 0.0014047437580302358 695
1690195278827 0.0007043503574095666 696
1690195279069 0.0012274463661015034 697
1690195279346 0.0014329580590128899 698
1690195279573 0.0011682607000693679 699
1690195279788 0.0011848979629576206 700
1690195280019 0.0007323454483412206 701
1690195280247 0.0007401752518489957 702
1690195280457 0.002038561040535569 703
1690195280684 0.0004742711898870766 704
1690195280898 0.0004971963935531676 705
1690195281117 0.0011465299176052213 706
1690195281345 0.000693673558998853 707
1690195281567 0.0008904061978682876 708
1690195281803 0.00064203015062958 709
1690195282034 0.0006108179222792387 710
1690195282274 0.0008793604210950434 711
1690195282492 0.0026619310956448317 712
1690195282721 0.0009614223381504416 713
1690195282951 0.0009444080060347915 714
1690195283191 0.001806665095500648 715
1690195283426 0.0007113665342330933 716
1690195283661 0.0024454433005303144 717
1690195283891 0.0009773808997124434 718
1690195284126 0.0005765334353782237 719
1690195284344 0.0006555397994816303 720
1690195284576 0.0014480231329798698 721
1690195284811 0.000940545869525522 722
1690195285047 0.0004365039640106261 723
1690195285271 0.0006088316440582275 724
1690195285512 0.0005849132430739701 725
1690195285743 0.0007346319616772234 726
1690195285975 0.0017099891556426883 727
1690195286201 0.001144214766100049 728
1690195286423 0.000729318824596703 729
1690195286650 0.00052789191249758 730
1690195286886 0.0004971491289325058 731
1690195287124 0.0012148178648203611 732
1690195287356 0.0005282863858155906 733
1690195287587 0.0002986661856994033 734
1690195287822 0.001511819427832961 735
1690195288048 0.0010128553258255124 736
1690195288284 0.0005601844750344753 737
1690195288517 0.0005022064433433115 738
1690195288758 0.0018835864029824734 739
1690195288988 0.001344029908068478 740
1690195289219 0.0005935861263424158 741
1690195289445 0.00037509360117837787 742
1690195289657 0.0005268023815006018 743
1690195289890 0.0007917511975392699 744
1690195290119 0.0007796863792464137 745
1690195290349 0.0005624509649351239 746
1690195290584 0.0012199614429846406 747
1690195290812 0.0008731692796573043 748
1690195291049 0.0011150037171319127 749
1690195291282 0.0003583617799449712 750
1690195291505 0.0008568668854422867 751
1690195291736 0.00040359265403822064 752
1690195291997 0.0004101127851754427 753
1690195292221 0.0008697580778971314 754
1690195292439 0.004217078909277916 755
1690195292677 0.000638895551674068 756
1690195292895 0.00041146427975036204 757
1690195293137 0.00043454350088723004 758
1690195293366 0.0006459653959609568 759
1690195293602 0.0007292624213732779 760
1690195293837 0.0008340826607309282 761
1690195294065 0.001085256808437407 762
1690195294300 0.0011400539660826325 763
1690195294538 0.001114474143832922 764
1690195294768 0.0003400207497179508 765
1690195295001 0.0005979268462397158 766
1690195295231 0.0006544588250108063 767
1690195295460 0.0004259709094185382 768
1690195295688 0.0006495479610748589 769
1690195295923 0.0004956650664098561 770
1690195296138 0.0005053133936598897 771
1690195296371 0.0013018251629546285 772
1690195296595 0.0008983208099380136 773
1690195296823 0.001760473009198904 774
1690195297055 0.0014126177411526442 775
1690195297292 0.0007132755708880723 776
1690195297518 0.0006698183715343475 777
1690195297746 0.0003528567322064191 778
1690195297978 0.0006899317377246916 779
1690195298208 0.0006715789786539972 780
1690195298439 0.0004994650953449309 781
1690195298670 0.0005431040190160275 782
1690195298889 0.0013370568631216884 783
1690195299112 0.00031461616163142025 784
1690195299349 0.00037506732041947544 785
1690195299580 0.0005148687050677836 786
1690195299816 0.0005373398307710886 787
1690195300033 0.0006168852560222149 788
1690195300252 0.0007390647660940886 789
1690195300482 0.0004890245036222041 790
1690195300711 0.0006886842311359942 791
1690195300940 0.0006050838273949921 792
1690195301146 0.00047436420572921634 793
1690195301373 0.000279754342045635 794
1690195301594 0.0013200133107602596 795
1690195301821 0.003662755014374852 796
1690195302030 0.0028490556869655848 797
1690195302234 0.0005303259240463376 798
1690195302466 0.0006421892903745174 799
1690195302692 0.0009989155223593116 800
1690195302949 0.00034316832898184657 801
1690195303173 0.0005627981736324728 802
1690195303408 0.0005361633957363665 803
1690195303627 0.0004910394200123847 804
1690195303887 0.0006731266621500254 805
1690195304170 0.0002622591855470091 806
1690195304465 0.0006657166522927582 807
1690195304711 0.0005612772074528039 808
1690195304943 0.0005489714676514268 809
1690195305184 0.00044328926014713943 810
1690195305416 0.0006141717312857509 811
1690195305648 0.001123286783695221 812
1690195305876 0.0007842627237550914 813
1690195306110 0.0011768321273848414 814
1690195306346 0.0004880474298261106 815
1690195306571 0.00045830768067389727 816
1690195306803 0.0003459871804807335 817
1690195307021 0.0003009269421454519 818
1690195307260 0.0005467208684422076 819
1690195307495 0.0005151862860657275 820
1690195307729 0.0014898759545758367 821
1690195307968 0.0014645153423771262 822
1690195308199 0.0010967578273266554 823
1690195308425 0.00023841882648412138 824
1690195308655 0.0007982757524587214 825
1690195308882 0.0004574033082462847 826
1690195309116 0.0006351242773234844 827
1690195309341 0.0004148210573475808 828
1690195309576 0.000517305510584265 829
1690195309804 0.00027347341529093683 830
1690195310041 0.0005264588398858905 831
1690195310275 0.0002051845076493919 832
1690195310509 0.0005484765279106796 833
1690195310746 0.0005958345718681812 834
1690195310978 0.000349819049006328 835
1690195311205 0.0006284948321990669 836
1690195311432 0.0012907785130664706 837
1690195311662 0.000298766273772344 838
1690195311895 0.000850204611197114 839
1690195312136 0.00038416290772147477 840
1690195312365 0.0005055819638073444 841
1690195312587 0.00040484737837687135 842
1690195312822 0.00044284251634962857 843
1690195313055 0.0002981499128509313 844
1690195313294 0.0017411086009815335 845
1690195313519 0.0011253159027546644 846
1690195313741 0.000659788609482348 847
1690195313980 0.0009792582131922245 848
1690195314215 0.0007226922316476703 849
1690195314455 0.0006959419115446508 850
1690195314693 0.0003311877080705017 851
1690195314923 0.00025379721773788333 852
1690195315156 0.0005839242949150503 853
1690195315388 0.00048475462244823575 854
1690195315627 0.00035495354677550495 855
1690195315856 0.0005640321760438383 856
1690195316085 0.0006215291214175522 857
1690195316317 0.00029180216370150447 858
1690195316549 0.00031856747227720916 859
1690195316784 0.0006461936864070594 860
1690195317025 0.0007332784007303417 861
1690195317253 0.00024091920931823552 862
1690195317493 0.00018035434186458588 863
1690195317730 0.00031565167591907084 864
1690195317946 0.0002919134858530015 865
1690195318223 0.0006170205888338387 866
1690195318450 0.00025170191656798124 867
1690195318686 0.00043633984751068056 868
1690195318911 0.0005383365205489099 869
1690195319148 0.000679106218740344 870
1690195319380 0.00039489916525781155 871
1690195319610 0.0002178912254748866 872
1690195319851 0.0003528455563355237 873
1690195320082 0.00027945992769673467 874
1690195320324 0.000436441448982805 875
1690195320554 0.00039995135739445686 876
1690195320784 0.00035098069929517806 877
1690195321013 0.00034696378861553967 878
1690195321243 0.0003159289190080017 879
1690195321477 0.0002852737670764327 880
1690195321705 0.0002090464113280177 881
1690195321935 0.0005998989217914641 882
1690195322167 0.0002468245511408895 883
1690195322399 0.0012158111203461885 884
1690195322631 0.0006359798135235906 885
1690195322850 0.0005899329553358257 886
1690195323079 0.00022368578356690705 887
1690195323308 0.0007452875724993646 888
1690195323537 0.0009574675932526588 889
1690195323765 0.0009804659057408571 890
1690195324002 0.0002584636677056551 891
1690195324232 0.0006640048231929541 892
1690195324467 0.00032003852538764477 893
1690195324693 0.0005803379463031888 894
1690195324923 0.000547252653632313 895
1690195325149 0.00033211789559572935 896
1690195325379 0.0007417378365062177 897
1690195325601 0.0005259101162664592 898
1690195325816 0.0005329488194547594 899
1690195326036 0.0006177100585773587 900
1690195326270 0.00045779391075484455 901
1690195326493 0.0004452223074622452 902
1690195326722 0.0004961300292052329 903
1690195326948 0.0003460148291196674 904
1690195327165 0.0011382827069610357 905
1690195327392 0.00022672598424833268 906
1690195327620 0.00021027709590271115 907
1690195327855 0.00026423524832352996 908
1690195328080 0.0002608376380521804 909
1690195328310 0.0004366576031316072 910
1690195328537 0.00036468429607339203 911
1690195328755 0.0003465989721007645 912
1690195328991 0.00021464780729729682 913
1690195329214 0.0002604389446787536 914
1690195329454 0.00023004136164672673 915
1690195329689 0.0005271531990729272 916
1690195329917 0.00030391450854949653 917
1690195330140 0.0002297358150826767 918
1690195330371 0.00029630394419655204 919
1690195330649 0.00018799328245222569 920
1690195330885 0.00015595661534462124 921
1690195331113 0.000416493508964777 922
1690195331348 0.0006984008359722793 923
1690195331576 0.0026858611963689327 924
1690195331811 0.00039321157964877784 925
1690195332034 0.00028120953356847167 926
1690195332256 0.0002874060592148453 927
1690195332483 0.00025921748601831496 928
1690195332719 0.0005257251905277371 929
1690195332945 0.0006129074026830494 930
1690195333162 0.00033455368247814476 931
1690195333393 0.00019067549146711826 932
1690195333622 0.0006880496512167156 933
1690195333847 0.0002689863904379308 934
1690195334073 0.0001790566893760115 935
1690195334298 0.00025687701418064535 936
1690195334533 0.0005067173624411225 937
1690195334763 0.000492406077682972 938
1690195334997 0.0005404173280112445 939
1690195335229 0.0005918361712247133 940
1690195335464 0.000517870532348752 941
1690195335682 0.00040148032712750137 942
1690195335913 0.00019422249170020223 943
1690195336142 0.0006569119868800044 944
1690195336380 0.0013456599554046988 945
1690195336605 0.0008260324830189347 946
1690195336839 0.000310852425172925 947
1690195337061 0.00030080426950007677 948
1690195337280 0.005589359439909458 949
1690195337511 0.0005351777072064579 950
1690195337735 0.002986860927194357 951
1690195337965 0.0007819858728908002 952
1690195338204 0.00029864045791327953 953
1690195338433 0.0004920038627460599 954
1690195338661 0.000996287097223103 955
1690195338893 0.0003871201479341835 956
1690195339123 0.000889748043846339 957
1690195339361 0.0003433386445976794 958
1690195339595 0.00044468275154940784 959
1690195339821 0.0004201401607133448 960
1690195340037 0.0005815939512103796 961
1690195340272 0.0002436005015624687 962
1690195340507 0.00028395987465046346 963
1690195340740 0.0007210666663013399 964
1690195340980 0.0005223258049227297 965
1690195341206 0.0002542037982493639 966
1690195341444 0.00026175956008955836 967
1690195341670 0.00016893015708774328 968
1690195341903 0.00043588067637756467 969
1690195342130 0.00026443900424055755 970
1690195342361 0.0004669557383749634 971
1690195342593 0.000233634069445543 972
1690195342821 0.0005071397754363716 973
1690195343047 0.0002696274605114013 974
1690195343278 0.0002506185555830598 975
1690195343514 0.0003874843241646886 976
1690195343751 0.00020621487055905163 977
1690195343987 0.00022677735250908881 978
1690195344217 0.0002315760648343712 979
1690195344433 0.0004380231839604676 980
1690195344666 0.00020580888667609543 981
1690195344896 0.00023986458836589009 982
1690195345126 0.000389198015909642 983
1690195345351 0.00019399340089876205 984
1690195345563 0.00022914617147762328 985
1690195345795 0.00018570953398011625 986
1690195346029 0.0004995310446247458 987
1690195346258 0.00012300623347982764 988
1690195346490 0.0002713275607675314 989
1690195346720 0.00021092519455123693 990
1690195346961 0.00031250884057953954 991
1690195347184 0.00021424512669909745 992
1690195347417 0.00028282692073844373 993
1690195347644 0.00041447908733971417 994
1690195347877 0.0003781786363106221 995
1690195348107 0.0002326176327187568 996
1690195348337 0.0003841602592729032 997
1690195348557 0.0007398485904559493 998
1690195348794 0.00021857389947399497 999
