1689601746293 11.34864616394043 0
1689601746517 9.959808349609375 1
1689601746740 8.603436470031738 2
1689601746954 7.499336242675781 3
1689601747174 6.37339448928833 4
1689601747385 5.4828104972839355 5
1689601747608 4.488898754119873 6
1689601747897 3.7664153575897217 7
1689601748116 3.2454371452331543 8
1689601748349 2.764617443084717 9
1689601748548 2.396266460418701 10
1689601748775 2.114973306655884 11
1689601748984 1.8961254358291626 12
1689601749189 1.7588555812835693 13
1689601749421 1.6329877376556396 14
1689601749622 1.567360520362854 15
1689601749850 1.5421960353851318 16
1689601750063 1.4578857421875 17
1689601750288 1.4168784618377686 18
1689601750500 1.3990962505340576 19
1689601750699 1.3951205015182495 20
1689601750917 1.4506756067276 21
1689601751140 1.3832476139068604 22
1689601751366 1.4164702892303467 23
1689601751592 1.40421462059021 24
1689601751802 1.360324740409851 25
1689601752033 1.34846830368042 26
1689601752246 1.3499993085861206 27
1689601752467 1.3553930521011353 28
1689601752691 1.390993595123291 29
1689601752917 1.4038766622543335 30
1689601753147 1.3493155241012573 31
1689601753352 1.3546197414398193 32
1689601753563 1.3596440553665161 33
1689601753790 1.3617099523544312 34
1689601753992 1.358782172203064 35
1689601754226 1.3463943004608154 36
1689601754435 1.361362099647522 37
1689601754649 1.3501921892166138 38
1689601754866 1.3629628419876099 39
1689601755089 1.3513603210449219 40
1689601755312 1.373171091079712 41
1689601755524 1.4014493227005005 42
1689601755747 1.3553186655044556 43
1689601756020 1.3512451648712158 44
1689601756231 1.3511090278625488 45
1689601756455 1.3476930856704712 46
1689601756654 1.346005916595459 47
1689601756854 1.347887635231018 48
1689601757087 1.4318486452102661 49
1689601757295 1.3538075685501099 50
1689601757554 1.344443678855896 51
1689601757772 1.34303879737854 52
