1689601746293 3.054391384124756 0
1689601746517 2.8276941776275635 1
1689601746740 2.602553367614746 2
1689601746954 2.3800745010375977 3
1689601747174 2.1645431518554688 4
1689601747385 1.9884737730026245 5
1689601747608 1.771192193031311 6
1689601747897 1.6064631938934326 7
1689601748116 1.4799193143844604 8
1689601748349 1.35695219039917 9
1689601748548 1.2613142728805542 10
1689601748775 1.1941702365875244 11
1689601748984 1.1405333280563354 12
1689601749189 1.1086660623550415 13
1689601749421 1.0770931243896484 14
1689601749622 1.059242844581604 15
1689601749850 1.0540289878845215 16
1689601750063 1.0328747034072876 17
1689601750288 1.02101469039917 18
1689601750500 1.0160430669784546 19
1689601750699 1.0145115852355957 20
1689601750917 1.0285601615905762 21
1689601751140 1.0120940208435059 22
1689601751366 1.0222554206848145 23
1689601751592 1.019694209098816 24
1689601751802 1.007213830947876 25
1689601752033 1.006497859954834 26
1689601752246 1.0045807361602783 27
1689601752467 1.0031840801239014 28
1689601752691 1.0152755975723267 29
1689601752917 1.01930570602417 30
1689601753147 1.0024573802947998 31
1689601753352 1.0033752918243408 32
1689601753563 1.0077394247055054 33
1689601753790 1.0086174011230469 34
1689601753992 1.008652687072754 35
1689601754226 1.002853274345398 36
1689601754435 1.0091559886932373 37
1689601754649 1.0063613653182983 38
1689601754866 1.0111122131347656 39
1689601755089 1.0060381889343262 40
1689601755312 1.0130966901779175 41
1689601755524 1.0203883647918701 42
1689601755747 1.0074855089187622 43
1689601756020 1.003448724746704 44
1689601756231 1.0059062242507935 45
1689601756455 1.0032721757888794 46
1689601756654 1.0051296949386597 47
1689601756854 1.0058810710906982 48
1689601757087 1.0246978998184204 49
1689601757295 1.0029999017715454 50
1689601757554 1.000985860824585 51
1689601757772 1.0038330554962158 52
