1689601672084 6.362131118774414 0
1689601672292 5.7640862464904785 1
1689601672502 5.233063697814941 2
1689601672715 4.729649066925049 3
1689601672921 4.244250297546387 4
1689601673122 3.840787649154663 5
1689601673344 3.4866883754730225 6
1689601673627 3.170950174331665 7
1689601673840 2.8920845985412598 8
1689601674065 2.646857738494873 9
1689601674281 2.4311327934265137 10
1689601674494 2.243877649307251 11
1689601674717 2.0793843269348145 12
1689601674934 1.9387402534484863 13
1689601675164 1.821131944656372 14
1689601675370 1.723592758178711 15
1689601675592 1.6417288780212402 16
1689601675821 1.5758798122406006 17
1689601676026 1.5221807956695557 18
1689601676255 1.4774943590164185 19
1689601676465 1.4438986778259277 20
1689601676680 1.4158506393432617 21
1689601676900 1.3968816995620728 22
1689601677114 1.3802154064178467 23
1689601677342 1.3687208890914917 24
1689601677558 1.359274983406067 25
1689601677782 1.352838158607483 26
1689601677995 1.34835946559906 27
1689601678196 1.3460220098495483 28
1689601678426 1.342793345451355 29
1689601678625 1.3409680128097534 30
1689601678834 1.3407611846923828 31
1689601679054 1.3388572931289673 32
1689601679277 1.338693618774414 33
1689601679513 1.3380978107452393 34
1689601679732 1.3378206491470337 35
1689601679950 1.3378984928131104 36
1689601680169 1.3379154205322266 37
1689601680375 1.337702989578247 38
1689601680600 1.336997151374817 39
1689601680801 1.3371087312698364 40
1689601681012 1.3371254205703735 41
1689601681223 1.3376555442810059 42
1689601681433 1.3367950916290283 43
1689601681654 1.3377044200897217 44
1689601681872 1.3367747068405151 45
1689601682081 1.3373193740844727 46
1689601682286 1.3375905752182007 47
1689601682489 1.337160587310791 48
1689601682732 1.336753487586975 49
1689601682944 1.3372859954833984 50
1689601683226 1.3371025323867798 51
1689601683463 1.3386075496673584 52
1689601683690 1.3367102146148682 53
1689601683927 1.3366329669952393 54
1689601684153 1.3364453315734863 55
1689601684372 1.3368967771530151 56
1689601684594 1.3369303941726685 57
