1689601672084 2.2406818866729736 0
1689601672292 2.1028032302856445 1
1689601672502 1.9743516445159912 2
1689601672715 1.8521562814712524 3
1689601672921 1.7268867492675781 4
1689601673122 1.626484751701355 5
1689601673344 1.537123441696167 6
1689601673627 1.4584544897079468 7
1689601673840 1.3896750211715698 8
1689601674065 1.3294345140457153 9
1689601674281 1.274000644683838 10
1689601674494 1.2268964052200317 11
1689601674717 1.1873676776885986 12
1689601674934 1.152815818786621 13
1689601675164 1.122056484222412 14
1689601675370 1.0983504056930542 15
1689601675592 1.0774180889129639 16
1689601675821 1.0613948106765747 17
1689601676026 1.0472477674484253 18
1689601676255 1.0365749597549438 19
1689601676465 1.0275651216506958 20
1689601676680 1.0211174488067627 21
1689601676900 1.016975998878479 22
1689601677114 1.0120556354522705 23
1689601677342 1.009076476097107 24
1689601677558 1.0058684349060059 25
1689601677782 1.0053468942642212 26
1689601677995 1.0038601160049438 27
1689601678196 1.0039440393447876 28
1689601678426 1.0027647018432617 29
1689601678625 1.002345085144043 30
1689601678834 1.002458930015564 31
1689601679054 1.0018627643585205 32
1689601679277 1.0019150972366333 33
1689601679513 1.0018856525421143 34
1689601679732 1.0017770528793335 35
1689601679950 1.001810908317566 36
1689601680169 1.0019258260726929 37
1689601680375 1.0016487836837769 38
1689601680600 1.0015599727630615 39
1689601680801 1.0014986991882324 40
1689601681012 1.0016686916351318 41
1689601681223 1.001855731010437 42
1689601681433 1.0014622211456299 43
1689601681654 1.001780390739441 44
1689601681872 1.001481294631958 45
1689601682081 1.0013347864151 46
1689601682286 1.0015947818756104 47
1689601682489 1.0016553401947021 48
1689601682732 1.0014303922653198 49
1689601682944 1.0016123056411743 50
1689601683226 1.00138521194458 51
1689601683463 1.0020167827606201 52
1689601683690 1.00136137008667 53
1689601683927 1.001482605934143 54
1689601684153 1.0013132095336914 55
1689601684372 1.001285433769226 56
1689601684594 1.0015593767166138 57
