1690193445622 1.9778286218643188 0
1690193445873 1.142207384109497 1
1690193446108 0.9322391152381897 2
1690193446343 0.8304351568222046 3
1690193446592 0.764747142791748 4
1690193446837 0.6351253986358643 5
1690193447121 0.5318143963813782 6
1690193447378 0.4920647442340851 7
1690193447623 0.4723059833049774 8
1690193447869 0.26857808232307434 9
1690193448093 0.300607830286026 10
1690193448338 0.25255873799324036 11
1690193448583 0.24775467813014984 12
1690193448818 0.16957791149616241 13
1690193449052 0.20004220306873322 14
1690193449287 0.19716599583625793 15
1690193449532 0.10762922465801239 16
1690193449769 0.14432452619075775 17
1690193449994 0.12809409201145172 18
1690193450236 0.13551977276802063 19
1690193450460 0.10524047166109085 20
1690193450768 0.1673937737941742 21
1690193451005 0.040737222880125046 22
1690193451260 0.10049018263816833 23
1690193451501 0.0753588080406189 24
1690193451733 0.06668686121702194 25
1690193451975 0.08988417685031891 26
1690193452209 0.04775286838412285 27
1690193452452 0.11397037655115128 28
1690193452722 0.08069296926259995 29
1690193453016 0.11262679845094681 30
1690193453279 0.03583887219429016 31
1690193453526 0.07472875714302063 32
1690193453774 0.07537025958299637 33
1690193454031 0.05185803771018982 34
1690193454327 0.05778384581208229 35
1690193454674 0.08623570948839188 36
1690193454966 0.03479357808828354 37
1690193455259 0.03287347033619881 38
1690193455521 0.06032847613096237 39
1690193455792 0.0320173054933548 40
1690193456071 0.0573413148522377 41
1690193456337 0.051137231290340424 42
1690193456626 0.025003140792250633 43
1690193456872 0.051000386476516724 44
1690193457106 0.024159293621778488 45
1690193457340 0.08281435817480087 46
1690193457601 0.051599543541669846 47
1690193457895 0.03568088635802269 48
1690193458167 0.018559947609901428 49
