1690202502543 0.2999880909919739 0
1690202503045 0.007500016130506992 1
1690202503524 0.004040660802274942 2
1690202503989 0.0028158053755760193 3
1690202504453 0.002062140963971615 4
1690202504916 0.0014615613035857677 5
1690202505391 0.0014104421716183424 6
1690202505843 0.0010802134638652205 7
1690202506373 0.0007894115406088531 8
1690202506820 0.0006624217494390905 9
1690202507269 0.0006837132386863232 10
1690202507822 0.00035875855246558785 11
1690202508298 0.0002217277215095237 12
1690202508763 0.0002694893628358841 13
1690202509232 0.00022654554049950093 14
1690202509690 0.00016326585318893194 15
1690202510166 0.00013257279351819307 16
1690202510703 0.00012866231554653496 17
1690202511183 0.0002494424697943032 18
1690202511642 0.0002415436611045152 19
1690202512111 0.00011839010403491557 20
1690202512581 0.00047726562479510903 21
1690202513147 0.0005164100439287722 22
1690202513754 0.00013578620564658195 23
1690202514377 0.0009176591411232948 24
1690202515034 7.838166493456811e-05 25
1690202515749 0.0006076697609387338 26
1690202516412 7.134329644031823e-05 27
1690202516922 0.00014234657282941043 28
1690202517501 0.0004871927376370877 29
1690202518163 0.0005522531573660672 30
1690202518669 0.0006406332831829786 31
1690202519162 7.171461766120046e-05 32
1690202519721 0.0001431727723684162 33
1690202520212 0.0002007108269026503 34
1690202520704 0.001121512264944613 35
1690202521198 0.00015863601583987474 36
1690202521673 4.0578779589850456e-05 37
1690202522144 6.321641558315605e-05 38
1690202522620 0.00013854244025424123 39
1690202523077 0.0006385860033333302 40
1690202523553 0.00023744131613057107 41
1690202524216 0.00023880027583800256 42
1690202524774 0.0004967856220901012 43
1690202525315 0.00017298077000305057 44
1690202525828 8.285726653411984e-05 45
1690202526295 0.00071377819404006 46
1690202526758 5.4396092309616506e-05 47
1690202527235 0.00012007950863335282 48
1690202527714 0.000266473536612466 49
1690202528194 0.00046384776942431927 50
1690202528669 0.00039166907663457096 51
1690202529126 0.00038342742482200265 52
1690202529598 5.453037010738626e-05 53
1690202530067 0.0002291388373123482 54
1690202530595 0.0009450804791413248 55
1690202531079 2.929367110482417e-05 56
1690202531543 8.905522554414347e-05 57
1690202531999 4.620981781044975e-05 58
1690202532476 0.0005247910157777369 59
1690202532997 0.00022827868815511465 60
1690202533506 4.2104140447918326e-05 61
1690202534046 0.0006013893289491534 62
1690202534552 5.023478661314584e-05 63
1690202535033 0.0001378056185785681 64
1690202535511 0.00032556490623392165 65
1690202535968 0.0005096481763757765 66
1690202536448 0.0010200277902185917 67
1690202536905 1.7298569218837656e-05 68
1690202537375 1.283037545363186e-05 69
1690202537899 4.84998818137683e-05 70
1690202538391 0.00013600231613963842 71
1690202538853 4.844607974519022e-05 72
1690202539328 0.00039278107578866184 73
1690202539796 2.8010721507598646e-05 74
1690202540264 0.00045782304368913174 75
1690202540737 8.273296407423913e-05 76
1690202541279 0.0002677031443454325 77
1690202541756 0.0007584799313917756 78
1690202542222 2.1622854546876624e-05 79
1690202542683 5.490670446306467e-05 80
1690202543156 7.992880273377523e-05 81
1690202543670 0.0009046090417541564 82
1690202544119 7.01366298017092e-05 83
1690202544597 1.7664422557572834e-05 84
1690202545112 7.42963093216531e-05 85
1690202545598 0.000333780306391418 86
1690202546059 8.014091872610152e-05 87
1690202546529 9.675993351265788e-05 88
1690202546989 0.0006614146404899657 89
1690202547438 4.6095792640699074e-05 90
1690202547905 2.6871683076024055e-05 91
1690202548440 0.00039765381370671093 92
1690202548921 0.0002026386937359348 93
1690202549387 0.0003136725863441825 94
1690202549850 3.0451295970124193e-05 95
1690202550324 0.00011211679520783946 96
1690202550794 0.00023852885351516306 97
1690202551256 5.0109720177715644e-05 98
1690202551717 0.00044697208795696497 99
