1689603814352 1.5840363502502441 0
1689603814739 1.3732298612594604 1
1689603815181 1.3667259216308594 2
1689603815646 1.3530577421188354 3
1689603816059 1.3634804487228394 4
1689603816446 1.3677996397018433 5
1689603816834 1.3558069467544556 6
1689603817238 1.3507118225097656 7
1689603817638 1.3589318990707397 8
1689603818019 1.3606352806091309 9
1689603818413 1.3614356517791748 10
1689603818809 1.3522131443023682 11
1689603819206 1.3553766012191772 12
1689603819590 1.358096718788147 13
1689603819987 1.3496822118759155 14
1689603820379 1.3636845350265503 15
1689603820753 1.3616548776626587 16
1689603821186 1.3583652973175049 17
1689603821584 1.364792823791504 18
1689603821987 1.3672418594360352 19
1689603822373 1.3577333688735962 20
1689603822776 1.3616254329681396 21
1689603823179 1.3489389419555664 22
1689603823566 1.3710670471191406 23
1689603823962 1.358406901359558 24
