1689603814352 1.0656064748764038 0
1689603814739 1.0115212202072144 1
1689603815181 1.010297417640686 2
1689603815646 1.0007013082504272 3
1689603816059 1.0105398893356323 4
1689603816446 1.0073575973510742 5
1689603816834 1.0054329633712769 6
1689603817238 1.0029964447021484 7
1689603817638 1.009519338607788 8
1689603818019 1.006687045097351 9
1689603818413 1.0086138248443604 10
1689603818809 1.0005598068237305 11
1689603819206 1.001981496810913 12
1689603819590 1.0087662935256958 13
1689603819987 1.002906322479248 14
1689603820379 1.0126209259033203 15
1689603820753 1.0084813833236694 16
1689603821186 1.0043119192123413 17
1689603821584 1.0121314525604248 18
1689603821987 1.012947678565979 19
1689603822373 1.0091952085494995 20
1689603822776 1.0105175971984863 21
1689603823179 1.0044487714767456 22
1689603823566 1.0146876573562622 23
1689603823962 1.0087074041366577 24
