1690193727997 0.5072633028030396 0
1690193728622 0.01394725777208805 1
1690193729205 0.006390255875885487 2
1690193729751 0.0035030380822718143 3
1690193730288 0.0020861588418483734 4
1690193730954 0.0012962426990270615 5
1690193731520 0.0008119831327348948 6
1690193732015 0.00047242504660971463 7
1690193732520 0.00034689385211095214 8
1690193732992 0.0002913247444666922 9
1690193733476 0.00021618930622935295 10
1690193733935 0.00021614400611724705 11
1690193734477 0.00019218532543163747 12
1690193735106 0.00025266085867770016 13
1690193735688 0.00019478581089060754 14
1690193736253 0.00023365482047665864 15
1690193736762 0.00024175565340556204 16
1690193737387 0.0001962649985216558 17
1690193737938 0.00019496656022965908 18
1690193738541 0.00034744275035336614 19
1690193739087 0.00022023469500709325 20
1690193739757 0.0002770197461359203 21
1690193740298 0.00037087692180648446 22
1690193740800 0.00019414692360442132 23
1690193741347 0.0003401704889256507 24
1690193741826 0.0002827824791893363 25
1690193742293 0.0003837636031676084 26
1690193742832 0.00019392264948692173 27
1690193743321 0.0005931042833253741 28
1690193743921 0.00020656848209910095 29
1690193744548 0.00039438909152522683 30
1690193745184 0.00020393739396240562 31
1690193745717 0.00028606384876184165 32
1690193746258 0.00013683475845027715 33
1690193746805 0.0009411096107214689 34
1690193747378 0.00033419145620428026 35
1690193747988 8.417570643359795e-05 36
1690193748463 0.0001410091354046017 37
1690193748937 0.00014462234685197473 38
1690193749393 0.00020808045519515872 39
1690193749862 0.0006734444759786129 40
1690193750336 0.00014656429993920028 41
1690193750805 0.0002316119207534939 42
1690193751282 0.0001435419253539294 43
1690193751746 0.00020638780551962554 44
1690193752273 0.0012176923919469118 45
1690193752748 9.508984658168629e-05 46
1690193753214 5.784236054751091e-05 47
1690193753704 8.60114159877412e-05 48
1690193754186 0.0001144412235589698 49
1690193754651 0.00033374500344507396 50
1690193755116 0.00027978382422588766 51
1690193755588 0.00022520909260492772 52
1690193756104 0.0004425708029884845 53
1690193756581 8.828957652440295e-05 54
1690193757035 5.26743933733087e-05 55
1690193757497 0.00013922719517722726 56
1690193757966 0.0005459648091346025 57
1690193758423 0.00013931952707935125 58
1690193758893 0.00013433065032586455 59
1690193759419 0.00012364050780888647 60
1690193759892 0.0002519077679608017 61
1690193760357 0.00028915578150190413 62
1690193760826 9.265185508411378e-05 63
1690193761282 0.0006641229847446084 64
1690193761744 0.0003844049060717225 65
1690193762203 7.039933552732691e-05 66
1690193762647 4.536874985205941e-05 67
1690193763197 5.411353777162731e-05 68
1690193763672 0.0003348176251165569 69
1690193764140 0.00011173384700668976 70
1690193764598 0.0002009028976317495 71
1690193765069 0.0003082339244429022 72
1690193765540 8.547602192265913e-05 73
1690193766005 0.00015352378250099719 74
1690193766642 6.717442738590762e-05 75
1690193767111 0.0006572629208676517 76
1690193767573 5.733635771321133e-05 77
1690193768027 0.00014530113548971713 78
1690193768493 5.172413511900231e-05 79
1690193768969 0.00015417416580021381 80
1690193769468 0.0003340325492899865 81
1690193770084 0.0002937865792773664 82
1690193770731 2.171275446016807e-05 83
1690193771284 0.00018901166913565248 84
1690193771831 0.00013103699893690646 85
1690193772342 0.0003221369697712362 86
1690193772851 8.288610115414485e-05 87
1690193773379 0.00013540842337533832 88
1690193773952 0.0002749647537712008 89
1690193774447 4.443815487320535e-05 90
1690193775029 9.25262356759049e-05 91
1690193775591 0.00018002525030169636 92
1690193776092 0.0006300707464106381 93
1690193776631 0.00021517678396776319 94
1690193777127 1.3335545190784615e-05 95
1690193777596 2.341359322599601e-05 96
1690193778065 9.102103649638593e-05 97
1690193778665 0.0003034196561202407 98
1690193779204 0.0005522361025214195 99
