1689600398692 3.2714428901672363 0
1689600398922 2.972712993621826 1
1689600399146 2.7166337966918945 2
1689600399383 2.4874091148376465 3
1689600399617 2.283787488937378 4
1689600399852 2.109992504119873 5
1689600400094 1.9537389278411865 6
1689600400341 1.8254783153533936 7
1689600400570 1.7147104740142822 8
1689600400805 1.6226489543914795 9
1689600401030 1.5509693622589111 10
1689600401263 1.4936997890472412 11
1689600401496 1.449825644493103 12
1689600401724 1.4145253896713257 13
1689600401953 1.3916027545928955 14
1689600402182 1.3748092651367188 15
1689600402416 1.3622702360153198 16
1689600402652 1.3537408113479614 17
1689600402893 1.348587989807129 18
1689600403120 1.3451802730560303 19
1689600403417 1.341686487197876 20
1689600403660 1.3401868343353271 21
1689600403895 1.3394932746887207 22
1689600404119 1.3388094902038574 23
1689600404358 1.338384747505188 24
1689600404590 1.3383232355117798 25
1689600404838 1.3381634950637817 26
1689600405066 1.3377177715301514 27
1689600405311 1.3383625745773315 28
1689600405548 1.3378798961639404 29
1689600405786 1.3372430801391602 30
1689600406013 1.3372418880462646 31
1689600406247 1.3370342254638672 32
1689600406488 1.3372752666473389 33
1689600406718 1.3369414806365967 34
1689600407005 1.3371338844299316 35
1689600407230 1.3365635871887207 36
1689600407464 1.3370740413665771 37
1689600407701 1.3367210626602173 38
1689600407937 1.3368536233901978 39
1689600408184 1.3370161056518555 40
1689600408410 1.336726188659668 41
1689600408645 1.336790919303894 42
1689600408881 1.3366470336914062 43
1689600409120 1.3367851972579956 44
1689600409357 1.336750864982605 45
1689600409588 1.3363945484161377 46
1689600409835 1.3368563652038574 47
1689600410058 1.3365504741668701 48
1689600410340 1.3364765644073486 49
1689600410565 1.3361849784851074 50
1689600410802 1.3363735675811768 51
1689600411034 1.336954951286316 52
1689600411256 1.3364534378051758 53
1689600411504 1.3362213373184204 54
1689600411728 1.3366786241531372 55
1689600411974 1.3369958400726318 56
1689600412209 1.3367551565170288 57
1689600412451 1.336715579032898 58
1689600412677 1.3366440534591675 59
1689600412921 1.3377009630203247 60
1689600413154 1.3367371559143066 61
1689600413406 1.3367496728897095 62
1689600413673 1.3364201784133911 63
1689600413925 1.336217999458313 64
1689600414178 1.3363609313964844 65
1689600414412 1.3364442586898804 66
1689600414652 1.3371572494506836 67
