1689600398692 1.4838403463363647 0
1689600398922 1.4098929166793823 1
1689600399146 1.3467472791671753 2
1689600399383 1.2897919416427612 3
1689600399617 1.2386174201965332 4
1689600399852 1.1953976154327393 5
1689600400094 1.1554065942764282 6
1689600400341 1.1245523691177368 7
1689600400570 1.0960739850997925 8
1689600400805 1.072283148765564 9
1689600401030 1.0554054975509644 10
1689600401263 1.0407545566558838 11
1689600401496 1.0300424098968506 12
1689600401724 1.02057683467865 13
1689600401953 1.0143272876739502 14
1689600402182 1.0104635953903198 15
1689600402416 1.0079195499420166 16
1689600402652 1.0055550336837769 17
1689600402893 1.0046045780181885 18
1689600403120 1.0033466815948486 19
1689600403417 1.0023903846740723 20
1689600403660 1.002250075340271 21
1689600403895 1.0019807815551758 22
1689600404119 1.0018534660339355 23
1689600404358 1.001621961593628 24
1689600404590 1.001829743385315 25
1689600404838 1.0016471147537231 26
1689600405066 1.0015116930007935 27
1689600405311 1.0016542673110962 28
1689600405548 1.0016671419143677 29
1689600405786 1.0013729333877563 30
1689600406013 1.0013022422790527 31
1689600406247 1.0012352466583252 32
1689600406488 1.0014126300811768 33
1689600406718 1.0012693405151367 34
1689600407005 1.0013391971588135 35
1689600407230 1.0012913942337036 36
1689600407464 1.0013988018035889 37
1689600407701 1.0014004707336426 38
1689600407937 1.0012919902801514 39
1689600408184 1.0014407634735107 40
1689600408410 1.0012999773025513 41
1689600408645 1.0014503002166748 42
1689600408881 1.0012390613555908 43
1689600409120 1.0013545751571655 44
1689600409357 1.0013238191604614 45
1689600409588 1.0011167526245117 46
1689600409835 1.0013371706008911 47
1689600410058 1.0012524127960205 48
1689600410340 1.001084327697754 49
1689600410565 1.0012434720993042 50
1689600410802 1.001198649406433 51
1689600411034 1.0012950897216797 52
1689600411256 1.0011539459228516 53
1689600411504 1.001198410987854 54
1689600411728 1.0014121532440186 55
1689600411974 1.0014700889587402 56
1689600412209 1.001331090927124 57
1689600412451 1.001224398612976 58
1689600412677 1.0012625455856323 59
1689600412921 1.001754879951477 60
1689600413154 1.001294732093811 61
1689600413406 1.0012303590774536 62
1689600413673 1.001188039779663 63
1689600413925 1.0012212991714478 64
1689600414178 1.001086711883545 65
1689600414412 1.0012257099151611 66
1689600414652 1.0016343593597412 67
