1690146534722 1.0105209350585938 0
1690146535378 0.667795717716217 1
1690146535991 0.4291776418685913 2
1690146536903 0.2911556661128998 3
1690146537507 0.20591476559638977 4
1690146538167 0.1702985018491745 5
1690146538807 0.1444331854581833 6
1690146539578 0.127857506275177 7
1690146540154 0.1031765267252922 8
1690146540813 0.09746203571557999 9
1690146541474 0.08894860744476318 10
1690146542221 0.07229232043027878 11
1690146542896 0.07575713843107224 12
1690146543490 0.06952416896820068 13
1690146544173 0.041217654943466187 14
1690146544855 0.06073332950472832 15
1690146545506 0.06150687113404274 16
1690146546218 0.060258593410253525 17
1690146546989 0.043209902942180634 18
1690146547554 0.04939765855669975 19
1690146548365 0.045718077570199966 20
1690146549106 0.04336358979344368 21
1690146549784 0.05682649090886116 22
1690146550552 0.030246157199144363 23
1690146551192 0.04214917868375778 24
1690146551853 0.029509127140045166 25
1690146552898 0.021771978586912155 26
1690146553553 0.04793160781264305 27
1690146554146 0.018640771508216858 28
1690146554711 0.03734879568219185 29
1690146555501 0.024891560897231102 30
1690146556343 0.022268148139119148 31
1690146556983 0.0336967334151268 32
1690146557826 0.023549534380435944 33
1690146558475 0.01951233297586441 34
1690146559458 0.02555646188557148 35
1690146560422 0.021114502102136612 36
1690146561069 0.023905964568257332 37
1690146561698 0.014066433534026146 38
1690146562509 0.017812611535191536 39
1690146563096 0.02561572939157486 40
1690146563703 0.015824919566512108 41
1690146564653 0.015094481408596039 42
1690146565293 0.017165645956993103 43
1690146565976 0.018248341977596283 44
1690146566708 0.014006591401994228 45
1690146567555 0.015574886463582516 46
1690146568184 0.014931326732039452 47
1690146568770 0.014355355873703957 48
1690146569361 0.006080192979425192 49
1690146569933 0.017727266997098923 50
1690146570621 0.0051719630137085915 51
1690146571469 0.015214970335364342 52
1690146572269 0.008488273248076439 53
1690146572996 0.011461887508630753 54
1690146573629 0.013460265472531319 55
1690146574275 0.015977729111909866 56
1690146574893 0.01206764206290245 57
1690146575494 0.009646161459386349 58
1690146576107 0.007129513192921877 59
1690146576909 0.009007764980196953 60
1690146577581 0.015127250924706459 61
1690146578274 0.0089352922514081 62
1690146578960 0.011394903995096684 63
1690146579640 0.01107393205165863 64
1690146580322 0.0038445768877863884 65
1690146581080 0.008205589838325977 66
1690146581692 0.009099574759602547 67
1690146582327 0.004690529312938452 68
1690146583078 0.010929715819656849 69
1690146583847 0.0022274760995060205 70
1690146584642 0.005481321830302477 71
1690146585239 0.008447590284049511 72
1690146585837 0.005540214944630861 73
1690146586477 0.0135218920186162 74
1690146587202 0.0059296200051903725 75
1690146587919 0.0033917822875082493 76
1690146588525 0.005315670743584633 77
1690146589205 0.00819086842238903 78
1690146589911 0.006508856080472469 79
1690146590552 0.0076846769079566 80
1690146591415 0.001824618666432798 81
1690146592060 0.01351495087146759 82
1690146593016 0.001984685193747282 83
1690146593638 0.002022224711254239 84
1690146594349 0.00561752961948514 85
1690146595089 0.01037298608571291 86
1690146595725 0.00359968445263803 87
1690146596386 0.005281492602080107 88
1690146597250 0.0014277941081672907 89
1690146597858 0.008237405680119991 90
1690146598438 0.006456679664552212 91
1690146599042 0.002300606807693839 92
1690146599718 0.007846874184906483 93
1690146600354 0.00954428780823946 94
1690146600986 0.0020810000132769346 95
1690146601794 0.0034824179019778967 96
1690146602626 0.0030532691162079573 97
1690146603522 0.008832838386297226 98
1690146604280 0.005119983106851578 99
1690146604957 0.002604241017252207 100
1690146605552 0.008539978414773941 101
1690146606318 0.0017772546270862222 102
1690146607202 0.005355505272746086 103
1690146607778 0.001383384340442717 104
1690146608413 0.0046740309335291386 105
1690146609271 0.004441327415406704 106
1690146609986 0.0022436787839978933 107
1690146610623 0.005758155137300491 108
1690146611437 0.002738207345828414 109
1690146612285 0.003801697865128517 110
1690146612909 0.003015942173078656 111
1690146613528 0.007201373111456633 112
1690146614385 0.002065629931166768 113
1690146614978 0.005325208883732557 114
1690146615862 0.003156361635774374 115
1690146616528 0.002164758974686265 116
1690146617346 0.00437936233356595 117
1690146618129 0.007233064156025648 118
1690146618833 0.0013917592586949468 119
1690146619437 0.0022948465775698423 120
1690146619959 0.00447774026542902 121
1690146620779 0.0026076261419802904 122
1690146621547 0.002521384973078966 123
1690146622226 0.003345841309055686 124
1690146622861 0.005440296605229378 125
1690146623522 0.002808649092912674 126
1690146624413 0.003764138091355562 127
1690146625282 0.0013240659609436989 128
1690146625817 0.00526644429191947 129
1690146626467 0.001983491936698556 130
1690146627181 0.003150216769427061 131
1690146628088 0.0012246753321960568 132
1690146628749 0.007755374535918236 133
1690146629741 0.002845014678314328 134
1690146630423 0.0008077489328570664 135
1690146631288 0.003841836005449295 136
1690146631935 0.0039726318791508675 137
1690146632883 0.004363317973911762 138
1690146633549 0.0014840145595371723 139
1690146634215 0.0003978341119363904 140
1690146634893 0.0005900931428186595 141
1690146635448 0.006310125347226858 142
1690146636081 0.0025054016150534153 143
1690146636696 0.00198371522128582 144
1690146637261 0.0039450074546039104 145
1690146637850 0.0021575745195150375 146
1690146638500 0.000490515201818198 147
1690146639153 0.005017257761210203 148
1690146639854 0.0009142926428467035 149
1690146640481 0.0030006663873791695 150
1690146641346 0.0007903846562840044 151
1690146641975 0.0034219156950712204 152
1690146642666 0.0039999098517000675 153
1690146643359 0.0033789011649787426 154
1690146643982 0.006095016375184059 155
1690146644658 0.0033201195765286684 156
1690146645271 0.0009847709443420172 157
1690146645869 0.0037304607685655355 158
1690146646562 0.0003382048162166029 159
1690146647543 0.0009652744047343731 160
1690146648370 0.001544889877550304 161
1690146649176 0.0036285659298300743 162
1690146649858 0.004684707149863243 163
1690146650695 0.0004361298633739352 164
1690146651490 0.0005818646168336272 165
1690146652141 0.0009623468504287302 166
1690146652834 0.0032837900798767805 167
1690146653485 0.005182998720556498 168
1690146654178 0.0006879106513224542 169
1690146654797 0.0022938824258744717 170
1690146655415 0.0031926368828862906 171
1690146656267 0.001527364831417799 172
1690146656912 0.0013594254851341248 173
1690146657549 0.0003137385647278279 174
1690146658157 0.0028508848045021296 175
1690146658983 0.004674986936151981 176
1690146659629 0.002733553061261773 177
1690146660284 0.0017565961461514235 178
1690146660930 0.001022130367346108 179
1690146661561 0.0018114086706191301 180
1690146662241 0.00581761309877038 181
1690146662946 0.0004311343654990196 182
1690146663605 0.002818933455273509 183
1690146664486 0.0017552608624100685 184
1690146665164 0.001787471235729754 185
1690146665785 0.0006561969639733434 186
1690146666707 0.0030760259833186865 187
1690146667309 0.00037480468745343387 188
1690146667970 0.0029000493232160807 189
1690146668642 0.0016566382255405188 190
1690146669389 0.000842271198052913 191
1690146669976 0.0066908556036651134 192
1690146670616 0.0010497068287804723 193
1690146671259 0.0019363166065886617 194
1690146671928 0.0010758198332041502 195
1690146672666 0.0011610265355557203 196
1690146673245 0.0030083286110311747 197
1690146673860 0.000805277784820646 198
1690146674530 0.002584813628345728 199
