1689600554901 1.9289354085922241 0
1689600555127 1.3733735084533691 1
1689600555399 1.3671499490737915 2
1689600555631 1.353618860244751 3
1689600555857 1.3505855798721313 4
1689600556092 1.352400302886963 5
1689600556365 1.3825997114181519 6
1689600556604 1.3581339120864868 7
1689600556837 1.3649026155471802 8
1689600557061 1.3893629312515259 9
1689600557275 1.3713431358337402 10
1689600557501 1.3565683364868164 11
1689600557715 1.3560731410980225 12
1689600557948 1.3725252151489258 13
1689600558170 1.364487886428833 14
1689600558407 1.3540360927581787 15
1689600558635 1.3648873567581177 16
1689600558859 1.3381141424179077 17
1689600559078 1.3608732223510742 18
1689600559302 1.3771003484725952 19
1689600559522 1.3687224388122559 20
1689600559740 1.353692889213562 21
1689600559969 1.3612682819366455 22
1689600560206 1.3663434982299805 23
1689600560421 1.3552114963531494 24
1689600560647 1.3413896560668945 25
1689600560868 1.3639849424362183 26
1689600561093 1.3430677652359009 27
1689600561325 1.3686695098876953 28
1689600561551 1.3466986417770386 29
1689600561784 1.3693734407424927 30
1689600562014 1.3528108596801758 31
1689600562243 1.3609424829483032 32
1689600562455 1.356927752494812 33
1689600562671 1.3745373487472534 34
1689600562933 1.3898824453353882 35
1689600563258 1.3658242225646973 36
1689600563522 1.3857256174087524 37
1689600563757 1.3666731119155884 38
1689600563992 1.3577865362167358 39
1689600564218 1.3553248643875122 40
1689600564444 1.3586666584014893 41
1689600564671 1.3826731443405151 42
1689600564895 1.3624581098556519 43
1689600565127 1.3617005348205566 44
1689600565351 1.3666528463363647 45
1689600565583 1.3657324314117432 46
1689600565797 1.3529795408248901 47
1689600566025 1.353621006011963 48
1689600566237 1.355568289756775 49
1689600566448 1.381195068359375 50
1689600566680 1.3745129108428955 51
1689600566894 1.3510303497314453 52
1689600567118 1.3605616092681885 53
1689600567346 1.388286828994751 54
1689600567562 1.3712213039398193 55
1689600567787 1.3571196794509888 56
1689600567999 1.3540288209915161 57
1689600568239 1.3828439712524414 58
1689600568462 1.3530619144439697 59
1689600568668 1.372164249420166 60
1689600568902 1.364128589630127 61
1689600569127 1.3886117935180664 62
1689600569364 1.3534034490585327 63
1689600569612 1.3463023900985718 64
1689600569839 1.3774398565292358 65
1689600570051 1.3639754056930542 66
1689600570284 1.3732643127441406 67
1689600570519 1.3556607961654663 68
1689600570749 1.3586739301681519 69
1689600570985 1.3409560918807983 70
1689600571204 1.3597806692123413 71
1689600571434 1.357313632965088 72
1689600571675 1.3572070598602295 73
1689600571910 1.3977892398834229 74
1689600572162 1.33719003200531 75
1689600572413 1.3809044361114502 76
1689600572666 1.354893684387207 77
1689600572914 1.3810880184173584 78
1689600573165 1.34709894657135 79
1689600573418 1.3756115436553955 80
1689600573660 1.3840569257736206 81
1689600573889 1.346346139907837 82
