1689600554901 1.1335177421569824 0
1689600555127 1.0117902755737305 1
1689600555399 1.010226845741272 2
1689600555631 1.0067589282989502 3
1689600555857 0.9958945512771606 4
1689600556092 1.0010799169540405 5
1689600556365 1.016460657119751 6
1689600556604 1.008291482925415 7
1689600556837 1.00784432888031 8
1689600557061 1.0160270929336548 9
1689600557275 1.0131690502166748 10
1689600557501 1.0038763284683228 11
1689600557715 1.0071032047271729 12
1689600557948 1.0139259099960327 13
1689600558170 1.011033058166504 14
1689600558407 1.0079509019851685 15
1689600558635 1.0097414255142212 16
1689600558859 0.9994767904281616 17
1689600559078 1.0115973949432373 18
1689600559302 1.0185633897781372 19
1689600559522 1.010759711265564 20
1689600559740 1.0063709020614624 21
1689600559969 1.008620262145996 22
1689600560206 1.010096549987793 23
1689600560421 1.0052632093429565 24
1689600560647 1.0007224082946777 25
1689600560868 1.0053904056549072 26
1689600561093 1.0023261308670044 27
1689600561325 1.010903000831604 28
1689600561551 1.002077579498291 29
1689600561784 1.018210768699646 30
1689600562014 1.0015939474105835 31
1689600562243 1.0139418840408325 32
1689600562455 1.0033624172210693 33
1689600562671 1.015933632850647 34
1689600562933 1.0169448852539062 35
1689600563258 1.0079625844955444 36
1689600563522 1.0181396007537842 37
1689600563757 1.0112810134887695 38
1689600563992 1.0102156400680542 39
1689600564218 1.001153588294983 40
1689600564444 1.0112133026123047 41
1689600564671 1.012336015701294 42
1689600564895 1.0099080801010132 43
1689600565127 1.0082052946090698 44
1689600565351 1.0072672367095947 45
1689600565583 1.0077873468399048 46
1689600565797 1.0074524879455566 47
1689600566025 1.0094045400619507 48
1689600566237 1.0092195272445679 49
1689600566448 1.0160459280014038 50
1689600566680 1.0169917345046997 51
1689600566894 1.002448558807373 52
1689600567118 1.0079081058502197 53
1689600567346 1.019403100013733 54
1689600567562 1.0136018991470337 55
1689600567787 1.0102771520614624 56
1689600567999 1.0033917427062988 57
1689600568239 1.0218733549118042 58
1689600568462 1.0023258924484253 59
1689600568668 1.0091363191604614 60
1689600568902 1.008609652519226 61
1689600569127 1.0223560333251953 62
1689600569364 1.0094937086105347 63
1689600569612 0.9995238184928894 64
1689600569839 1.0151145458221436 65
1689600570051 1.0068295001983643 66
1689600570284 1.0104179382324219 67
1689600570519 1.0110129117965698 68
1689600570749 1.0087097883224487 69
1689600570985 0.9991192817687988 70
1689600571204 1.0113286972045898 71
1689600571434 1.0076371431350708 72
1689600571675 1.007913589477539 73
1689600571910 1.0250322818756104 74
1689600572162 0.9978717565536499 75
1689600572413 1.0142515897750854 76
1689600572666 1.0080456733703613 77
1689600572914 1.0180487632751465 78
1689600573165 1.0034842491149902 79
1689600573418 1.008103609085083 80
1689600573660 1.0129165649414062 81
1689600573889 1.0052502155303955 82
