1690192056726 0.49850261211395264 0
1690192056758 0.48756206035614014 1
1690192056774 0.4756110906600952 2
1690192056791 0.46266859769821167 3
1690192056806 0.44880709052085876 4
1690192056820 0.43416762351989746 5
1690192056838 0.41896307468414307 6
1690192056855 0.40346837043762207 7
1690192056873 0.38799983263015747 8
1690192056890 0.3728857636451721 9
1690192056911 0.35843443870544434 10
1690192056989 0.3449053466320038 11
1690192057008 0.3324887156486511 12
1690192057028 0.32129696011543274 13
1690192057047 0.31136786937713623 14
1690192057063 0.30267587304115295 15
1690192057083 0.2951490879058838 16
1690192057098 0.2886860966682434 17
1690192057114 0.28317129611968994 18
1690192057131 0.27848634123802185 19
1690192057146 0.2745177149772644 20
1690192057161 0.2711613178253174 21
1690192057175 0.2683244049549103 22
1690192057189 0.2659261226654053 23
1690192057204 0.2638969123363495 24
1690192057218 0.26217758655548096 25
1690192057232 0.2607182264328003 26
1690192057248 0.25947675108909607 27
1690192057262 0.2584180533885956 28
1690192057274 0.25751274824142456 29
1690192057289 0.2567363381385803 30
1690192057305 0.2560683786869049 31
1690192057321 0.2554919719696045 32
1690192057339 0.254992812871933 33
1690192057354 0.254559189081192 34
1690192057369 0.2541811466217041 35
1690192057387 0.25385046005249023 36
1690192057403 0.25356021523475647 37
1690192057419 0.2533046305179596 38
1690192057434 0.2530786991119385 39
1690192057451 0.25287845730781555 40
1690192057466 0.2527002990245819 41
1690192057483 0.25254130363464355 42
1690192057499 0.2523989975452423 43
1690192057657 0.2522711455821991 44
1690192057676 0.25215601921081543 45
1690192057691 0.2520520091056824 46
1690192057707 0.2519577443599701 47
1690192057721 0.2518720328807831 48
1690192057737 0.2517939805984497 49
1690192057752 0.25172263383865356 50
1690192057766 0.25165724754333496 51
1690192057783 0.25159716606140137 52
1690192057797 0.2515418231487274 53
1690192057812 0.25149068236351013 54
1690192057829 0.25144335627555847 55
1690192057846 0.251399427652359 56
1690192057860 0.2513585090637207 57
1690192057874 0.25132039189338684 58
1690192057890 0.25128474831581116 59
1690192057905 0.25125136971473694 60
1690192057918 0.2512199878692627 61
1690192057936 0.2511904835700989 62
1690192057953 0.25116267800331116 63
1690192057969 0.2511363625526428 64
1690192057984 0.2511115074157715 65
1690192058000 0.25108787417411804 66
1690192058015 0.2510654628276825 67
1690192058031 0.2510440945625305 68
1690192058045 0.2510237395763397 69
1690192058060 0.25100427865982056 70
1690192058072 0.25098568201065063 71
1690192058087 0.2509678304195404 72
1690192058101 0.25095072388648987 73
1690192058115 0.25093427300453186 74
1690192058130 0.250918447971344 75
1690192058142 0.2509032189846039 76
1690192058156 0.250888466835022 77
1690192058170 0.25087425112724304 78
1690192058184 0.2508605122566223 79
1690192058201 0.2508472204208374 80
1690192058226 0.2508343756198883 81
1690192058243 0.2508218586444855 82
1690192058260 0.2508097290992737 83
1690192058280 0.25079795718193054 84
1690192058299 0.2507864832878113 85
1690192058315 0.2507753372192383 86
1690192058333 0.25076448917388916 87
1690192058347 0.2507539391517639 88
1690192058365 0.2507435977458954 89
1690192058382 0.25073355436325073 90
1690192058398 0.2507237493991852 91
1690192058416 0.25071412324905396 92
1690192058435 0.2507047653198242 93
1690192058453 0.2506956160068512 94
1690192058469 0.2506866455078125 95
1690192058486 0.2506778836250305 96
1690192058523 0.25066930055618286 97
1690192058558 0.25066089630126953 98
1690192058586 0.2506526708602905 99
1690192058611 0.25064462423324585 100
1690192058632 0.2506366968154907 101
1690192058649 0.2506289780139923 102
1690192058664 0.25062137842178345 103
1690192058683 0.2506139278411865 104
1690192058701 0.25060662627220154 105
1690192058719 0.2505994439125061 106
1690192058737 0.2505924105644226 107
1690192058757 0.25058549642562866 108
1690192058774 0.25057870149612427 109
1690192058796 0.2505720257759094 110
1690192058815 0.25056546926498413 111
1690192058834 0.2505590617656708 112
1690192058854 0.2505527138710022 113
1690192058871 0.25054651498794556 114
1690192058889 0.2505404055118561 115
1690192058906 0.25053438544273376 116
1690192059305 0.250528484582901 117
1690192059327 0.2505226731300354 118
1690192059350 0.25051698088645935 119
1690192059369 0.2505113482475281 120
1690192059389 0.25050583481788635 121
1690192059417 0.2505004107952118 122
1690192059440 0.2504950761795044 123
1690192059474 0.2504897713661194 124
1690192059520 0.2504846155643463 125
1690192059552 0.25047948956489563 126
1690192059581 0.2504744827747345 127
1690192059607 0.2504695653915405 128
1690192059630 0.25046470761299133 129
1690192059650 0.2504599094390869 130
1690192059670 0.25045523047447205 131
1690192059689 0.25045058131217957 132
1690192059706 0.25044599175453186 133
1690192059723 0.2504414916038513 134
1690192059739 0.25043705105781555 135
1690192059756 0.25043269991874695 136
1690192059776 0.25042837858200073 137
1690192059794 0.2504241466522217 138
1690192059812 0.2504199743270874 139
1690192059829 0.2504158616065979 140
1690192059850 0.2504118084907532 141
1690192059867 0.25040778517723083 142
1690192059885 0.25040388107299805 143
1690192059903 0.25039997696876526 144
1690192059920 0.25039616227149963 145
1690192059938 0.2503923773765564 146
1690192059956 0.25038865208625793 147
1690192059975 0.25038501620292664 148
1690192059992 0.25038138031959534 149
1690192060009 0.2503778338432312 150
1690192060029 0.25037431716918945 151
1690192060048 0.2503708302974701 152
1690192060065 0.2503674030303955 153
1690192060082 0.2503640651702881 154
1690192060099 0.25036072731018066 155
1690192060114 0.250357449054718 156
1690192060131 0.25035420060157776 157
1690192060148 0.2503510117530823 158
1690192060166 0.25034788250923157 159
1690192060183 0.25034478306770325 160
1690192060200 0.2503416836261749 161
1690192060218 0.25033870339393616 162
1690192060237 0.2503356635570526 163
1690192060254 0.2503327429294586 164
1690192060272 0.2503298223018646 165
1690192060292 0.2503269612789154 166
1690192060312 0.2503241300582886 167
1690192060335 0.2503213584423065 168
1690192060353 0.25031858682632446 169
1690192060378 0.2503158450126648 170
1690192060400 0.2503131926059723 171
1690192060422 0.2503105401992798 172
1690192060442 0.25030791759490967 173
1690192060463 0.25030532479286194 174
1690192060479 0.250302791595459 175
1690192060496 0.25030025839805603 176
1690192060513 0.25029775500297546 177
1690192060529 0.2502953112125397 178
1690192060545 0.25029289722442627 179
1690192060559 0.25029048323631287 180
1690192060573 0.25028809905052185 181
1690192060589 0.2502857446670532 182
1690192060604 0.25028344988822937 183
1690192060620 0.2502811849117279 184
1690192060635 0.25027891993522644 185
1690192060652 0.25027668476104736 186
1690192060671 0.2502744793891907 187
1690192060687 0.25027230381965637 188
1690192060704 0.25027015805244446 189
1690192060720 0.25026804208755493 190
1690192060737 0.2502659559249878 191
1690192060754 0.25026386976242065 192
1690192060772 0.2502618432044983 193
1690192060790 0.2502598166465759 194
1690192060807 0.25025779008865356 195
1690192060826 0.250255823135376 196
1690192060843 0.2502538561820984 197
1690192060857 0.2502519488334656 198
1690192060877 0.25025004148483276 199
1690192079947 0.2502481267815222 0
