1690141353743 1.1786272525787354 0
1690141354188 1.0626914501190186 1
1690141354662 1.0488483905792236 2
1690141355135 1.0556854009628296 3
1690141355613 1.068224310874939 4
1690141356129 1.0327208042144775 5
1690141356694 1.0472372770309448 6
1690141357188 1.0555564165115356 7
1690141357633 1.031285047531128 8
1690141358072 1.0400002002716064 9
1690141358509 1.0319454669952393 10
1690141358989 1.0280197858810425 11
1690141359497 1.048572063446045 12
1690141359952 1.0192760229110718 13
1690141360418 1.0263153314590454 14
1690141360855 1.0387694835662842 15
1690141361436 1.0218833684921265 16
1690141361859 1.0261996984481812 17
1690141362394 1.032072901725769 18
1690141362853 1.0316373109817505 19
1690141363274 1.0188407897949219 20
1690141363770 1.0182130336761475 21
1690141364269 1.0234266519546509 22
1690141364767 1.004729986190796 23
1690141365237 0.992178201675415 24
1690141365767 1.0220001935958862 25
1690141366242 0.9970418214797974 26
1690141366761 1.0131064653396606 27
1690141367221 1.002699613571167 28
1690141367711 1.0061839818954468 29
1690141368191 0.9970097541809082 30
1690141368724 1.0108380317687988 31
1690141369159 1.0119168758392334 32
1690141369736 1.005233645439148 33
1690141370173 1.0051571130752563 34
1690141370669 0.9911913871765137 35
1690141371110 0.9952149987220764 36
1690141371644 1.000018835067749 37
1690141372084 0.9970386624336243 38
1690141372542 1.0007981061935425 39
1690141373070 1.0007658004760742 40
1690141373548 0.9861462116241455 41
1690141374022 1.0063786506652832 42
1690141374531 0.9940702319145203 43
1690141374980 0.9890943765640259 44
1690141375402 0.9902094602584839 45
1690141375838 0.9854756593704224 46
1690141376257 0.9898177981376648 47
1690141376692 0.9974218010902405 48
1690141377127 0.9946463108062744 49
1690141377584 0.9941624402999878 50
1690141378033 0.9965064525604248 51
1690141378484 0.9924987554550171 52
1690141378970 0.9899627566337585 53
1690141379473 0.9832306504249573 54
1690141379971 0.9942137002944946 55
1690141380437 0.9908397793769836 56
1690141380905 0.9815226197242737 57
1690141381334 0.9845952987670898 58
1690141381816 0.9739116430282593 59
1690141382259 0.9851427674293518 60
1690141382828 0.9709603786468506 61
1690141383363 0.9893469214439392 62
1690141383853 0.9770064949989319 63
1690141384445 0.982315182685852 64
1690141384933 0.9815748929977417 65
1690141385428 0.9683080315589905 66
1690141385928 0.9774450659751892 67
1690141386442 0.9784387946128845 68
1690141386878 0.972800612449646 69
1690141387347 0.9947574734687805 70
1690141387889 0.978763997554779 71
1690141388381 0.9807629585266113 72
1690141388963 0.9778114557266235 73
1690141389535 0.9668598771095276 74
1690141390139 0.9699023365974426 75
1690141390684 0.9759395122528076 76
1690141391305 0.9747421741485596 77
1690141391835 0.9741312861442566 78
1690141392333 0.9697365760803223 79
