1690135592499 2.358672857284546 0
1690135595863 1.2015966176986694 1
1690135599267 0.8613877296447754 2
1690135602750 0.7025514245033264 3
1690135607784 0.6378970742225647 4
1690135612075 0.6141432523727417 5
1690135615222 0.5712223052978516 6
1690135619838 0.5735585689544678 7
1690135623618 0.5519866943359375 8
1690135626824 0.551565945148468 9
1690135630454 0.5431801676750183 10
1690135634496 0.5499440431594849 11
1690135639269 0.5469313859939575 12
1690135643947 0.5349702835083008 13
1690135647213 0.5187654495239258 14
1690135650194 0.5254069566726685 15
1690135654527 0.5235458612442017 16
1690135659342 0.5227209329605103 17
1690135664111 0.5147823095321655 18
1690135668855 0.5154344439506531 19
1690135672315 0.5069639682769775 20
1690135675360 0.5012865662574768 21
1690135679227 0.5092810988426208 22
1690135683999 0.5140761137008667 23
1690135688655 0.5067197680473328 24
1690135692860 0.5113589763641357 25
1690135697607 0.5092179179191589 26
1690135701164 0.5010363459587097 27
1690135703647 0.4888492524623871 28
1690135706300 0.5091515183448792 29
1690135709401 0.49720948934555054 30
1690135713756 0.48908737301826477 31
1690135717506 0.49948930740356445 32
1690135721735 0.4849921762943268 33
1690135726360 0.49822136759757996 34
1690135730125 0.4846917688846588 35
1690135734218 0.4836236238479614 36
1690135738266 0.48505717515945435 37
1690135741022 0.48962125182151794 38
1690135745308 0.48669102787971497 39
1690135749141 0.4833225905895233 40
1690135752809 0.48774680495262146 41
1690135757093 0.4801732301712036 42
1690135761684 0.4836946129798889 43
