1690135592499 1.072629451751709 0
1690135595863 0.8295626044273376 1
1690135599267 0.7088394165039062 2
1690135602750 0.6570454835891724 3
1690135607784 0.6247085332870483 4
1690135612075 0.6159718632698059 5
1690135615222 0.5930767059326172 6
1690135619838 0.586130678653717 7
1690135623618 0.5817395448684692 8
1690135626824 0.5659105777740479 9
1690135630454 0.5749243497848511 10
1690135634496 0.5715526342391968 11
1690135639269 0.574942946434021 12
1690135643947 0.5682651400566101 13
1690135647213 0.5590302348136902 14
1690135650194 0.5550656318664551 15
1690135654527 0.5578493475914001 16
1690135659342 0.5644482374191284 17
1690135664111 0.5634074211120605 18
1690135668855 0.551607608795166 19
1690135672315 0.5545400977134705 20
1690135675360 0.5491440296173096 21
1690135679227 0.5463931560516357 22
1690135683999 0.5510367751121521 23
1690135688655 0.5494152903556824 24
1690135692860 0.5554132461547852 25
1690135697607 0.5534565448760986 26
1690135701164 0.5450296401977539 27
1690135703647 0.5407814979553223 28
1690135706300 0.5506599545478821 29
1690135709401 0.5429046154022217 30
1690135713756 0.5342696309089661 31
1690135717506 0.5375045537948608 32
1690135721735 0.5342627167701721 33
1690135726360 0.54315185546875 34
1690135730125 0.5482407808303833 35
1690135734218 0.5406333804130554 36
1690135738266 0.5341358780860901 37
1690135741022 0.5489630699157715 38
1690135745308 0.5383868217468262 39
1690135749141 0.5315842628479004 40
1690135752809 0.5393335819244385 41
1690135757093 0.5412611961364746 42
1690135761684 0.5421913266181946 43
