1689602506823 1.6554570198059082 0
1689602507225 1.3888390064239502 1
1689602507639 1.404213309288025 2
1689602508060 1.3668454885482788 3
1689602508546 1.363289713859558 4
1689602508975 1.3707410097122192 5
1689602509411 1.3771723508834839 6
1689602509836 1.353570818901062 7
1689602510244 1.3762484788894653 8
1689602510672 1.3620223999023438 9
1689602511099 1.3662923574447632 10
1689602511526 1.3566412925720215 11
1689602511948 1.360198974609375 12
1689602512359 1.364737629890442 13
1689602512785 1.3642680644989014 14
1689602513181 1.3527418375015259 15
1689602513578 1.3526952266693115 16
1689602513989 1.3649704456329346 17
1689602514409 1.3619552850723267 18
1689602514818 1.3504420518875122 19
1689602515257 1.3485593795776367 20
1689602515692 1.3553475141525269 21
1689602516183 1.3589240312576294 22
1689602516615 1.3844797611236572 23
1689602517050 1.3585822582244873 24
1689602517474 1.3587281703948975 25
1689602517920 1.3554474115371704 26
1689602518357 1.3590776920318604 27
1689602518778 1.3736417293548584 28
