1689602506823 1.0832931995391846 0
1689602507225 1.0184741020202637 1
1689602507639 1.0250824689865112 2
1689602508060 1.010634183883667 3
1689602508546 1.009145975112915 4
1689602508975 1.014743685722351 5
1689602509411 1.01228928565979 6
1689602509836 1.0075194835662842 7
1689602510244 1.014011025428772 8
1689602510672 1.005104899406433 9
1689602511099 1.0126619338989258 10
1689602511526 1.0052285194396973 11
1689602511948 1.0083363056182861 12
1689602512359 1.0106408596038818 13
1689602512785 1.006392240524292 14
1689602513181 1.0073771476745605 15
1689602513578 1.0118389129638672 16
1689602513989 1.0077089071273804 17
1689602514409 1.0057557821273804 18
1689602514818 1.0048192739486694 19
1689602515257 1.005123257637024 20
1689602515692 1.0058130025863647 21
1689602516183 1.0059629678726196 22
1689602516615 1.0202288627624512 23
1689602517050 1.0080418586730957 24
1689602517474 1.009516716003418 25
1689602517920 1.00714910030365 26
1689602518357 1.011905312538147 27
1689602518778 1.0073425769805908 28
