1690192099915 0.500901460647583 0
1690192099951 0.4913046360015869 1
1690192099965 0.48212486505508423 2
1690192099979 0.4725801646709442 3
1690192099995 0.4625627398490906 4
1690192100009 0.4520855247974396 5
1690192100024 0.4411824941635132 6
1690192100039 0.42989423871040344 7
1690192100056 0.4182620942592621 8
1690192100070 0.40632838010787964 9
1690192100082 0.394140362739563 10
1690192100096 0.38175299763679504 11
1690192100111 0.36922723054885864 12
1690192100179 0.3566262423992157 13
1690192100192 0.3440103232860565 14
1690192100206 0.3314328193664551 15
1690192100221 0.31893640756607056 16
1690192100237 0.30654972791671753 17
1690192100250 0.2942858040332794 18
1690192100263 0.28214138746261597 19
1690192100279 0.2700986862182617 20
1690192100293 0.25812938809394836 21
1690192100307 0.2462020218372345 22
1690192100321 0.2342917025089264 23
1690192100335 0.2223934531211853 24
1690192100348 0.21053637564182281 25
1690192100362 0.19879628717899323 26
1690192100376 0.18730056285858154 27
1690192100390 0.1762176752090454 28
1690192100402 0.1657242625951767 29
1690192100415 0.15594904124736786 30
1690192100429 0.14690905809402466 31
1690192100443 0.13847458362579346 32
1690192100457 0.13040702044963837 33
1690192100472 0.12247378379106522 34
1690192100487 0.11457234621047974 35
1690192100502 0.10677719116210938 36
1690192100516 0.0992870032787323 37
1690192100530 0.09231556951999664 38
1690192100546 0.08598630130290985 39
1690192100560 0.08027933537960052 40
1690192100574 0.07505600899457932 41
1690192100589 0.07014280557632446 42
1690192100602 0.06541988998651505 43
1690192100614 0.0608614906668663 44
1690192100629 0.05651937425136566 45
1690192100757 0.05247357860207558 46
1690192100771 0.048783112317323685 47
1690192100785 0.0454581081867218 48
1690192100801 0.0424606129527092 49
1690192100815 0.039726436138153076 50
1690192100830 0.03719281405210495 51
1690192100844 0.03481784462928772 52
1690192100858 0.032585904002189636 53
1690192100872 0.030500933527946472 54
1690192100886 0.02857440710067749 55
1690192100899 0.026813946664333344 56
1690192100914 0.02521689236164093 57
1690192100929 0.023769628256559372 58
1690192100943 0.022451188415288925 59
1690192100957 0.02123905159533024 60
1690192100971 0.02011425420641899 61
1690192100983 0.019064124673604965 62
1690192100998 0.018082335591316223 63
1690192101013 0.017166951671242714 64
1690192101027 0.01631760783493519 65
1690192101042 0.015533357858657837 66
1690192101058 0.014811357483267784 67
1690192101073 0.014146830886602402 68
1690192101089 0.013533715158700943 69
1690192101102 0.012965530157089233 70
1690192101115 0.0124363349750638 71
1690192101129 0.011941187083721161 72
1690192101144 0.01147645153105259 73
1690192101158 0.011039575561881065 74
1690192101174 0.010628808289766312 75
1690192101188 0.010242943651974201 76
1690192101201 0.009880853816866875 77
1690192101215 0.009541356936097145 78
1690192101230 0.00922305416315794 79
1690192101243 0.008924376219511032 80
1690192101257 0.008643592707812786 81
1690192101272 0.008379003033041954 82
1690192101286 0.008128996007144451 83
1690192101302 0.007892128080129623 84
1690192101315 0.007667252793908119 85
1690192101330 0.007453407160937786 86
1690192101345 0.007249864283949137 87
1690192101359 0.0070560043677687645 88
1690192101373 0.006871342193335295 89
1690192101388 0.006695394404232502 90
1690192101400 0.006527718156576157 91
1690192101414 0.006367814727127552 92
1690192101430 0.006215219385921955 93
1690192101444 0.0060694459825754166 94
1690192101457 0.005929972045123577 95
1690192101473 0.005796370096504688 96
1690192101488 0.005668226629495621 97
1690192101502 0.005545133259147406 98
1690192101515 0.005426792893558741 99
1690192101529 0.005312901921570301 100
1690192101542 0.005203208886086941 101
1690192101557 0.005097504705190659 102
1690192101571 0.0049956124275922775 103
1690192101586 0.0048973215743899345 104
1690192101601 0.0048024835996329784 105
1690192101614 0.004710910376161337 106
1690192101629 0.004622445907443762 107
1690192101643 0.00453694025054574 108
1690192101656 0.004454232752323151 109
1690192101672 0.0043741874396800995 110
1690192101685 0.004296642728149891 111
1690192101699 0.004221484996378422 112
1690192101713 0.004148592706769705 113
1690192101726 0.004077848978340626 114
1690192101741 0.004009165335446596 115
1690192101755 0.0039424472488462925 116
1690192101999 0.0038776255678385496 117
1690192102013 0.003814592957496643 118
1690192102029 0.0037533058784902096 119
1690192102052 0.0036936854012310505 120
1690192102084 0.0036356630735099316 121
1690192102102 0.003579169511795044 122
1690192102116 0.003524170257151127 123
1690192102131 0.0034705735743045807 124
1690192102145 0.0034183491952717304 125
1690192102159 0.0033674254082143307 126
1690192102173 0.003317767521366477 127
1690192102187 0.0032693331595510244 128
1690192102199 0.0032220438588410616 129
1690192102214 0.0031758903060108423 130
1690192102229 0.0031308240722864866 131
1690192102243 0.003086809068918228 132
1690192102256 0.003043797332793474 133
1690192102269 0.003001775126904249 134
1690192102282 0.002960687968879938 135
1690192102297 0.002920522354543209 136
1690192102312 0.0028812354430556297 137
1690192102327 0.00284281256608665 138
1690192102341 0.002805221825838089 139
1690192102356 0.002768424339592457 140
1690192102371 0.002732424531131983 141
1690192102387 0.0026971781626343727 142
1690192102399 0.0026626517064869404 143
1690192102414 0.00262885307893157 144
1690192102429 0.0025957245379686356 145
1690192102443 0.0025632823817431927 146
1690192102457 0.002531482372432947 147
1690192102473 0.0025003186892718077 148
1690192102493 0.0024697703775018454 149
1690192102512 0.002439804608002305 150
1690192102539 0.002410427900031209 151
1690192102559 0.0023816190659999847 152
1690192102578 0.0023533571511507034 153
1690192102597 0.002325622830539942 154
1690192102615 0.0022984258830547333 155
1690192102631 0.0022717188112437725 156
1690192102645 0.002245514653623104 157
1690192102661 0.002219783840700984 158
1690192102674 0.0021945135667920113 159
1690192102689 0.002169704996049404 160
1690192102703 0.0021453488152474165 161
1690192102716 0.00212141964584589 162
1690192102730 0.0020979270339012146 163
1690192102743 0.0020748183596879244 164
1690192102757 0.002052133670076728 165
1690192102771 0.002029838040471077 166
1690192102785 0.0020079275127500296 167
1690192102801 0.0019863834604620934 168
1690192102816 0.0019652049522846937 169
1690192102832 0.0019443726632744074 170
1690192102854 0.0019239007961004972 171
1690192102870 0.0019037711899727583 172
1690192102883 0.0018839677795767784 173
1690192102897 0.0018645025556907058 174
1690192102912 0.001845329999923706 175
1690192102925 0.001826491323299706 176
1690192102939 0.0018079401925206184 177
1690192102953 0.0017896874342113733 178
1690192102965 0.0017717310693114996 179
1690192102979 0.001754052471369505 180
1690192102993 0.0017366479150950909 181
1690192103008 0.001719529740512371 182
1690192103023 0.0017026644200086594 183
1690192103035 0.0016860628966242075 184
1690192103049 0.0016697063110768795 185
1690192103063 0.0016536052571609616 186
1690192103076 0.0016377560095861554 187
1690192103088 0.001622139010578394 188
1690192103104 0.0016067507676780224 189
1690192103119 0.001591602573171258 190
1690192103132 0.0015766604337841272 191
1690192103146 0.0015619507757946849 192
1690192103161 0.0015474549727514386 193
1690192103173 0.0015331696486100554 194
1690192103188 0.0015190901467576623 195
1690192103202 0.0015052147209644318 196
1690192103214 0.0014915402280166745 197
1690192103229 0.0014780624769628048 198
1690192103243 0.0014647655189037323 199
