1689584926345 1.6555030345916748 0
1689584926600 1.3013732433319092 1
1689584926939 1.2187198400497437 2
1689584927182 1.1365424394607544 3
1689584927414 1.051830530166626 4
1689584927675 0.958029568195343 5
1689584927932 0.8628427982330322 6
1689584928182 0.7590371966362 7
1689584928446 0.6472430229187012 8
1689584928692 0.5325640439987183 9
1689584928956 0.4147200584411621 10
1689584929187 0.30128780007362366 11
1689584929435 0.20007017254829407 12
1689584929688 0.11990828812122345 13
1689584929924 0.06599367409944534 14
1689584930172 0.035437073558568954 15
1689584930441 0.019677698612213135 16
1689584930680 0.011767169460654259 17
1689584930922 0.007844164967536926 18
1689584931200 0.005683930590748787 19
1689584931439 0.004372978117316961 20
1689584931736 0.003431860124692321 21
1689584931995 0.00276852585375309 22
1689584932253 0.0022248136810958385 23
1689584932532 0.0018044678727164865 24
1689584932772 0.001478099264204502 25
1689584933013 0.0012146072695031762 26
1689584933257 0.0010073522571474314 27
1689584933481 0.0008328196709044278 28
1689584933712 0.000699175929185003 29
1689584933956 0.0005866198916919529 30
1689584934186 0.0004985806881450117 31
1689584934425 0.0004230970807839185 32
1689584934639 0.0003620056959334761 33
1689584934873 0.00030865869484841824 34
1689584935106 0.0002666185318958014 35
1689584935330 0.00022979917412158102 36
1689584935577 0.00019834801787510514 37
1689584935805 0.00017380487406626344 38
1689584936076 0.000151180662214756 39
1689584936329 0.0001290533400606364 40
1689584936583 0.00011125515447929502 41
1689584936836 9.755502105690539e-05 42
1689584937081 8.589238859713078e-05 43
1689584937319 7.638661918463185e-05 44
1689584937548 6.709343142574653e-05 45
1689584937794 5.9725258324760944e-05 46
