1689584926345 1.085154414176941 0
1689584926600 0.9878404140472412 1
1689584926939 0.9558032751083374 2
1689584927182 0.9221575856208801 3
1689584927414 0.8878507614135742 4
1689584927675 0.846333920955658 5
1689584927932 0.8032127618789673 6
1689584928182 0.7529999017715454 7
1689584928446 0.6931666731834412 8
1689584928692 0.6286488771438599 9
1689584928956 0.5533589124679565 10
1689584929187 0.4695642590522766 11
1689584929435 0.3784151077270508 12
1689584929688 0.29052287340164185 13
1689584929924 0.2097340077161789 14
1689584930172 0.14476147294044495 15
1689584930441 0.09744110703468323 16
1689584930680 0.06331644207239151 17
1689584930922 0.042269688099622726 18
1689584931200 0.030898312106728554 19
1689584931439 0.02665296196937561 20
1689584931736 0.021325072273612022 21
1689584931995 0.019822487607598305 22
1689584932253 0.017174094915390015 23
1689584932532 0.015405784361064434 24
1689584932772 0.013093658722937107 25
1689584933013 0.011712898500263691 26
1689584933257 0.01068643108010292 27
1689584933481 0.009237512946128845 28
1689584933712 0.0083570322021842 29
1689584933956 0.007440594490617514 30
1689584934186 0.006848881486803293 31
1689584934425 0.006275314372032881 32
1689584934639 0.00563671113923192 33
1689584934873 0.005086609162390232 34
1689584935106 0.004804843571037054 35
1689584935330 0.004377761390060186 36
1689584935577 0.004052187316119671 37
1689584935805 0.0038797585293650627 38
1689584936076 0.003478148253634572 39
1689584936329 0.00341969751752913 40
1689584936583 0.0032205567695200443 41
1689584936836 0.002862218301743269 42
1689584937081 0.002703435719013214 43
1689584937319 0.002517672022804618 44
1689584937548 0.0023577529937028885 45
1689584937794 0.0022215594071894884 46
