1689861854180 1.8012324571609497 0
1689861854226 1.6525458097457886 1
1689861854257 1.5345889329910278 2
1689861854286 1.4099516868591309 3
1689861854317 1.3135740756988525 4
1689861854368 1.2356334924697876 5
1689861854397 1.165868878364563 6
1689861854429 1.1096959114074707 7
1689861854458 1.0645315647125244 8
1689861854487 1.0355433225631714 9
1689861854518 1.0218626260757446 10
1689861854547 1.0109999179840088 11
1689861854605 1.0057066679000854 12
1689861854640 1.000531554222107 13
1689861854669 0.995340883731842 14
1689861854699 0.9902656674385071 15
1689861854732 0.983174741268158 16
1689861854761 0.9778891205787659 17
1689861854792 0.9707922339439392 18
1689861854849 0.9645568132400513 19
1689861854879 0.9584785103797913 20
1689861854910 0.9527321457862854 21
1689861854942 0.9480953216552734 22
1689861854975 0.9424422383308411 23
1689861855005 0.9375035166740417 24
1689861855036 0.9331088662147522 25
1689861855067 0.9281399250030518 26
1689861855127 0.923473596572876 27
1689861855158 0.9187648892402649 28
1689861855191 0.9139872789382935 29
1689861855228 0.9085143208503723 30
1689861855261 0.9043141603469849 31
1689861855293 0.8989315032958984 32
1689861855322 0.8935778141021729 33
1689861855387 0.8887356519699097 34
1689861855437 0.8851074576377869 35
1689861855487 0.879921019077301 36
1689861855535 0.8752388954162598 37
1689861855574 0.8717970848083496 38
1689861855606 0.8669398427009583 39
1689861855639 0.8625624179840088 40
1689861855694 0.8588826060295105 41
1689861855725 0.854489803314209 42
1689861855755 0.8490200638771057 43
1689861855784 0.8453823924064636 44
1689861855818 0.843022346496582 45
1689861855849 0.8386161923408508 46
1689861855880 0.8329097628593445 47
1689861855941 0.8288319706916809 48
1689861855972 0.8248717784881592 49
1689861856002 0.8198436498641968 50
1689861856030 0.8186697363853455 51
1689861856060 0.8105981349945068 52
1689861856089 0.8077988028526306 53
1689861856118 0.8019329309463501 54
1689861856147 0.7966005206108093 55
1689861856179 0.7917192578315735 56
1689861856265 0.7881261110305786 57
1689861856320 0.783602237701416 58
1689861856355 0.7776185870170593 59
1689861856389 0.7723925709724426 60
1689861856422 0.7688141465187073 61
1689861856456 0.7624542117118835 62
1689861856511 0.7578963041305542 63
1689861856542 0.752853512763977 64
1689861856576 0.7485360503196716 65
1689861856609 0.740806519985199 66
1689861856646 0.7371691465377808 67
1689861856683 0.7302990555763245 68
1689861856743 0.7229029536247253 69
1689861856775 0.7171128392219543 70
1689861856806 0.7125428915023804 71
1689861856837 0.7066033482551575 72
1689861856871 0.6983894109725952 73
1689861856901 0.6918293833732605 74
1689861856932 0.6872574090957642 75
1689861856962 0.6790674328804016 76
1689861857017 0.6736683249473572 77
1689861857048 0.6649741530418396 78
1689861857080 0.6599926948547363 79
1689861857113 0.6520094275474548 80
1689861857144 0.6446639895439148 81
1689861857176 0.6377696990966797 82
1689861857207 0.6330122947692871 83
1689861857262 0.6282733082771301 84
1689861857294 0.6217881441116333 85
1689861857326 0.6184415221214294 86
1689861857358 0.6127432584762573 87
1689861857391 0.6113452315330505 88
1689861857421 0.606458306312561 89
1689861857456 0.6020456552505493 90
1689861857517 0.6006451845169067 91
1689861857546 0.5957788825035095 92
1689861857577 0.5944518446922302 93
1689861857609 0.5913923382759094 94
1689861857640 0.5879166722297668 95
1689861857673 0.5849401354789734 96
1689861857706 0.5812124609947205 97
1689861857761 0.5794859528541565 98
1689861857792 0.5754546523094177 99
1689861857823 0.5706901550292969 100
1689861857856 0.5706523060798645 101
1689861857892 0.5660151839256287 102
1689861857923 0.5626021027565002 103
1689861857958 0.5627527236938477 104
1689861858012 0.5587795376777649 105
1689861858041 0.5557996034622192 106
1689861858072 0.5552642345428467 107
1689861858102 0.5504389405250549 108
1689861858133 0.5477197766304016 109
1689861858168 0.5462048053741455 110
1689861858220 0.5488625168800354 111
1689861858252 0.5432323813438416 112
1689861858284 0.5422213077545166 113
1689861858317 0.5373881459236145 114
1689861858348 0.5371593832969666 115
1689861858379 0.5354106426239014 116
1689861858442 0.5336053967475891 117
1689861858493 0.5306841135025024 118
1689861858540 0.5281001329421997 119
1689861858575 0.5317439436912537 120
1689861858605 0.5233433246612549 121
1689861858640 0.5251962542533875 122
1689861858692 0.5235515236854553 123
1689861858723 0.5177653431892395 124
1689861858752 0.5231701135635376 125
1689861858781 0.5176044702529907 126
1689861858811 0.5149078369140625 127
1689861858840 0.5144439339637756 128
1689861858894 0.5137109160423279 129
1689861858925 0.5105293393135071 130
1689861858959 0.5109013319015503 131
1689861858992 0.5087531208992004 132
1689861859025 0.5058305263519287 133
1689861859055 0.5079371333122253 134
1689861859082 0.5047433376312256 135
1689861859136 0.5027122497558594 136
1689861859165 0.5016024708747864 137
1689861859195 0.5017083883285522 138
1689861859227 0.5007020831108093 139
1689861859261 0.49920740723609924 140
1689861859290 0.49456891417503357 141
1689861859322 0.49598458409309387 142
1689861859378 0.49488741159439087 143
1689861859408 0.4949326813220978 144
1689861859438 0.4921914041042328 145
1689861859472 0.49474436044692993 146
1689861859506 0.49191591143608093 147
1689861859537 0.4897642731666565 148
1689861859571 0.4884350001811981 149
1689861859625 0.4895297884941101 150
1689861859654 0.488312304019928 151
1689861859687 0.48756515979766846 152
1689861859718 0.48478880524635315 153
1689861859755 0.4845035970211029 154
1689861859785 0.4842357635498047 155
1689861859814 0.48103222250938416 156
1689861859869 0.48514676094055176 157
1689861859898 0.482548326253891 158
1689861859930 0.4823368489742279 159
1689861859962 0.481473445892334 160
1689861859993 0.47941163182258606 161
1689861860024 0.48001399636268616 162
1689861860059 0.47832074761390686 163
1689861860113 0.4792190194129944 164
1689861860143 0.47652626037597656 165
1689861860173 0.47492292523384094 166
1689861860204 0.4815983474254608 167
1689861860239 0.47638335824012756 168
1689861860270 0.4795229136943817 169
1689861860301 0.47159287333488464 170
1689861860356 0.4766111969947815 171
1689861860386 0.47378554940223694 172
1689861860414 0.4730236232280731 173
1689861860446 0.4737575054168701 174
1689861860478 0.47365617752075195 175
1689861860507 0.47374242544174194 176
1689861860541 0.4724482595920563 177
1689861860601 0.4723990261554718 178
1689861860637 0.4730750322341919 179
1689861860670 0.4715281128883362 180
1689861860703 0.4711100459098816 181
1689861860736 0.47103792428970337 182
1689861860768 0.47088125348091125 183
1689861860798 0.4704517424106598 184
1689861860855 0.4672769606113434 185
1689861860886 0.47012513875961304 186
1689861860918 0.47139987349510193 187
1689861860946 0.4672841429710388 188
1689861860979 0.4694415032863617 189
1689861861011 0.4688751995563507 190
1689861861040 0.46815910935401917 191
1689861861148 0.47122156620025635 192
1689861861206 0.4679771959781647 193
1689861861263 0.46560990810394287 194
1689861861320 0.4685494303703308 195
1689861861352 0.46759217977523804 196
1689861861387 0.46567514538764954 197
1689861861420 0.4680592119693756 198
1689861861452 0.4680042564868927 199
1689861861486 0.4669853746891022 200
1689861861541 0.46413522958755493 201
1689861861570 0.4668430984020233 202
1689861861603 0.46674859523773193 203
1689861861640 0.4644298553466797 204
1689861861673 0.46437016129493713 205
1689861861703 0.4674503803253174 206
1689861861734 0.4650697708129883 207
1689861861790 0.46511977910995483 208
1689861861820 0.46395260095596313 209
1689861861848 0.4639604985713959 210
1689861861879 0.465217262506485 211
1689861861909 0.4640108644962311 212
1689861861940 0.4641408324241638 213
1689861861972 0.46373242139816284 214
1689861862027 0.46318578720092773 215
1689861862062 0.4630814492702484 216
1689861862097 0.46337923407554626 217
1689861862126 0.46291986107826233 218
1689861862162 0.4620617926120758 219
1689861862197 0.46424397826194763 220
1689861862228 0.46130338311195374 221
1689861862287 0.46395158767700195 222
1689861862317 0.4617674946784973 223
1689861862346 0.4634569585323334 224
1689861862377 0.46278586983680725 225
1689861862410 0.4614587128162384 226
1689861862440 0.46204254031181335 227
1689861862473 0.46386781334877014 228
1689861862506 0.4612969756126404 229
1689861862564 0.4646506607532501 230
1689861862595 0.4598187506198883 231
1689861862625 0.4620862603187561 232
1689861862654 0.45973920822143555 233
1689861862687 0.4639025032520294 234
1689861862720 0.4615832269191742 235
1689861862753 0.4587501287460327 236
1689861862783 0.46190714836120605 237
1689861862813 0.4614432752132416 238
1689861862881 0.4614710807800293 239
1689861862912 0.4615868628025055 240
1689861862943 0.46198537945747375 241
1689861862974 0.46264633536338806 242
1689861863007 0.4583376944065094 243
1689861863038 0.46378469467163086 244
1689861863068 0.45997896790504456 245
1689861863099 0.46054163575172424 246
1689861863133 0.46066728234291077 247
1689861863192 0.4601999521255493 248
1689861863222 0.45978695154190063 249
1689861863258 0.46123018860816956 250
1689861863290 0.4614740014076233 251
1689861863322 0.46147388219833374 252
1689861863357 0.4607028663158417 253
1689861863389 0.46107175946235657 254
1689861863421 0.45910629630088806 255
1689861863480 0.4637889862060547 256
1689861863512 0.4599864184856415 257
1689861863544 0.4612019956111908 258
1689861863575 0.4577212333679199 259
1689861863606 0.46185916662216187 260
1689861863640 0.4599131941795349 261
1689861863670 0.45990049839019775 262
1689861863728 0.4615970253944397 263
1689861863761 0.4629668593406677 264
1689861863792 0.4567970931529999 265
1689861863826 0.45887377858161926 266
1689861863858 0.4598442018032074 267
1689861863888 0.45771899819374084 268
1689861863918 0.4589862525463104 269
1689861863974 0.45898717641830444 270
1689861864006 0.45963072776794434 271
1689861864038 0.46132582426071167 272
1689861864069 0.45977845788002014 273
1689861864100 0.4596097767353058 274
1689861864129 0.4621417820453644 275
1689861864161 0.4578813314437866 276
1689861864218 0.4574551284313202 277
1689861864249 0.4593331515789032 278
1689861864278 0.46000081300735474 279
1689861864308 0.45919039845466614 280
1689861864340 0.46187150478363037 281
1689861864374 0.46058350801467896 282
1689861864406 0.458269327878952 283
1689861864468 0.45825687050819397 284
1689861864499 0.45925232768058777 285
1689861864530 0.46101951599121094 286
1689861864559 0.4599885940551758 287
1689861864589 0.45749709010124207 288
1689861864621 0.458204448223114 289
1689861864654 0.4593825340270996 290
1689861864686 0.45941945910453796 291
1689861864715 0.4579213559627533 292
1689861864776 0.4578360617160797 293
1689861864806 0.4594874680042267 294
1689861864840 0.45797088742256165 295
1689861864872 0.45501378178596497 296
1689861864906 0.45982614159584045 297
1689861864940 0.45902255177497864 298
1689861864973 0.45985329151153564 299
1689861865003 0.45715048909187317 300
1689861865060 0.45847761631011963 301
1689861865090 0.4602646231651306 302
1689861865120 0.45869728922843933 303
1689861865152 0.45845749974250793 304
1689861865183 0.4569495916366577 305
1689861865219 0.4577600657939911 306
1689861865252 0.45780035853385925 307
1689861865287 0.4610907733440399 308
1689861865342 0.4577651917934418 309
1689861865374 0.45580628514289856 310
1689861865405 0.4599284529685974 311
1689861865434 0.4576943516731262 312
1689861865467 0.4570313096046448 313
1689861865502 0.45832425355911255 314
1689861865534 0.45719239115715027 315
1689861865588 0.45587843656539917 316
1689861865620 0.4601820707321167 317
1689861865651 0.45699867606163025 318
1689861865680 0.4569397568702698 319
1689861865711 0.4575498402118683 320
1689861865740 0.4618745446205139 321
1689861865768 0.4599384665489197 322
1689861865825 0.4563172161579132 323
1689861865856 0.4569847583770752 324
1689861865888 0.45666375756263733 325
1689861865919 0.4597739279270172 326
1689861865954 0.45842882990837097 327
1689861865986 0.45666131377220154 328
1689861866021 0.45837295055389404 329
1689861866078 0.4569592773914337 330
1689861866110 0.4569874107837677 331
1689861866141 0.4585329592227936 332
1689861866172 0.4571462571620941 333
1689861866203 0.45671746134757996 334
1689861866235 0.459418922662735 335
1689861866267 0.45853835344314575 336
1689861866321 0.4577290415763855 337
1689861866406 0.4579619765281677 338
1689861866442 0.45663055777549744 339
1689861866473 0.45743829011917114 340
1689861866505 0.4579005539417267 341
1689861866537 0.45908108353614807 342
1689861866569 0.459117591381073 343
1689861866602 0.46104681491851807 344
1689861866633 0.45809322595596313 345
1689861866665 0.4565942883491516 346
1689861866695 0.4566650986671448 347
1689861866733 0.45689821243286133 348
1689861866764 0.45926809310913086 349
1689861866829 0.457687109708786 350
1689861866859 0.4576025903224945 351
1689861866890 0.45945680141448975 352
1689861866919 0.4558785557746887 353
1689861866952 0.45785433053970337 354
1689861866982 0.4557146728038788 355
1689861867012 0.45816969871520996 356
1689861867044 0.4558810889720917 357
1689861867076 0.4553773105144501 358
1689861867110 0.4569813013076782 359
1689861867145 0.4596589207649231 360
1689861867207 0.4575091004371643 361
1689861867236 0.4580599069595337 362
1689861867268 0.46220219135284424 363
1689861867300 0.4569246470928192 364
1689861867332 0.4591655731201172 365
1689861867365 0.45551201701164246 366
1689861867396 0.4597102403640747 367
1689861867427 0.462024450302124 368
1689861867456 0.45690250396728516 369
1689861867522 0.45693227648735046 370
1689861867556 0.4565897583961487 371
1689861867592 0.45350873470306396 372
1689861867623 0.46022528409957886 373
1689861867662 0.4602465331554413 374
1689861867695 0.45968198776245117 375
1689861867726 0.4563412368297577 376
1689861867754 0.457988440990448 377
1689861867783 0.4584689438343048 378
1689861867844 0.45762118697166443 379
1689861867877 0.4601745903491974 380
1689861867907 0.45823708176612854 381
1689861867938 0.4562053978443146 382
1689861867968 0.45763108134269714 383
1689861868000 0.45761382579803467 384
1689861868029 0.45753252506256104 385
1689861868061 0.4545370042324066 386
1689861868120 0.46001672744750977 387
1689861868154 0.455637127161026 388
1689861868188 0.45802998542785645 389
1689861868225 0.45941588282585144 390
1689861868259 0.4576857089996338 391
1689861868291 0.4584372639656067 392
1689861868322 0.4557642638683319 393
1689861868355 0.458587646484375 394
1689861868412 0.45725637674331665 395
1689861868443 0.4569380581378937 396
1689861868473 0.4573967754840851 397
1689861868504 0.45738381147384644 398
1689861868536 0.4577176868915558 399
1689861868564 0.4606362581253052 400
1689861868595 0.4573153257369995 401
1689861868652 0.4569737911224365 402
1689861868683 0.4573708772659302 403
1689861868716 0.4598240852355957 404
1689861868745 0.45471444725990295 405
1689861868780 0.45791545510292053 406
1689861868812 0.4572221040725708 407
1689861868845 0.4577784538269043 408
1689861868873 0.4555332362651825 409
1689861868928 0.4537850320339203 410
1689861868959 0.45716625452041626 411
1689861868988 0.4565739035606384 412
1689861869022 0.45734909176826477 413
1689861869057 0.45647138357162476 414
1689861869088 0.4580962359905243 415
1689861869120 0.4571027159690857 416
1689861869173 0.45512810349464417 417
1689861869208 0.4576941430568695 418
1689861869239 0.4585243761539459 419
1689861869271 0.46092161536216736 420
1689861869300 0.45487815141677856 421
1689861869332 0.4574730396270752 422
1689861869366 0.456896036863327 423
1689861869424 0.45674365758895874 424
1689861869455 0.45850223302841187 425
1689861869487 0.45931461453437805 426
1689861869516 0.45797085762023926 427
1689861869549 0.45769086480140686 428
1689861869578 0.4552692472934723 429
1689861869609 0.45684948563575745 430
1689861869666 0.45702698826789856 431
1689861869696 0.45524463057518005 432
1689861869725 0.4551961421966553 433
1689861869756 0.45787569880485535 434
1689861869790 0.456317663192749 435
1689861869824 0.45500946044921875 436
1689861869855 0.45624491572380066 437
1689861869886 0.4583513140678406 438
1689861869951 0.45536455512046814 439
1689861869979 0.45780235528945923 440
1689861870008 0.455752432346344 441
1689861870036 0.4563541114330292 442
1689861870066 0.45613420009613037 443
1689861870097 0.458513468503952 444
1689861870127 0.45529720187187195 445
1689861870157 0.4569266736507416 446
1689861870186 0.4598275423049927 447
1689861870217 0.4559977352619171 448
1689861870279 0.45707541704177856 449
1689861870309 0.4583118259906769 450
1689861870340 0.4568973183631897 451
1689861870370 0.45673686265945435 452
1689861870401 0.45689457654953003 453
1689861870434 0.45871075987815857 454
1689861870478 0.4569638669490814 455
1689861870527 0.45480722188949585 456
1689861870600 0.4575524628162384 457
1689861870633 0.45570704340934753 458
1689861870661 0.4589120149612427 459
1689861870690 0.45832183957099915 460
1689861870722 0.4577898681163788 461
1689861870754 0.4566996693611145 462
1689861870783 0.4577261209487915 463
1689861870813 0.4558984041213989 464
1689861870843 0.4585382342338562 465
1689861870872 0.45712435245513916 466
1689861870901 0.4550246000289917 467
1689861870930 0.4576285183429718 468
1689861870999 0.45651692152023315 469
1689861871030 0.4569939970970154 470
1689861871061 0.45881539583206177 471
1689861871092 0.4572565257549286 472
1689861871123 0.45594343543052673 473
1689861871153 0.45417630672454834 474
1689861871183 0.4577736556529999 475
1689861871214 0.45504891872406006 476
1689861871242 0.4552612006664276 477
1689861871303 0.45598146319389343 478
1689861871386 0.45840567350387573 479
1689861871420 0.45900726318359375 480
1689861871454 0.4570472538471222 481
1689861871487 0.45639774203300476 482
1689861871528 0.45572274923324585 483
1689861871577 0.45818910002708435 484
1689861871625 0.45636555552482605 485
1689861871660 0.46058958768844604 486
1689861871694 0.4569341540336609 487
1689861871725 0.4585764706134796 488
1689861871757 0.45661237835884094 489
1689861871787 0.4574618339538574 490
1689861871817 0.4552193582057953 491
1689861871890 0.45522063970565796 492
1689861871921 0.4561789333820343 493
1689861871959 0.4586963355541229 494
1689861871991 0.4566752314567566 495
1689861872025 0.4553144872188568 496
1689861872059 0.4595693051815033 497
1689861872089 0.45695260167121887 498
1689861872121 0.457439661026001 499
