1690191961000 0.49996840953826904 0
1690191961036 0.4922254681587219 1
1690191961049 0.48392894864082336 2
1690191961064 0.47498267889022827 3
1690191961079 0.4653335213661194 4
1690191961094 0.45494142174720764 5
1690191961109 0.4437873959541321 6
1690191961124 0.43188607692718506 7
1690191961136 0.4192982017993927 8
1690191961153 0.4061402678489685 9
1690191961166 0.39258694648742676 10
1690191961181 0.3788648843765259 11
1690191961194 0.3652368187904358 12
1690191961208 0.3519783318042755 13
1690191961280 0.3393512964248657 14
1690191961294 0.32757845520973206 15
1690191961309 0.3168250322341919 16
1690191961324 0.3071889281272888 17
1690191961338 0.29870158433914185 18
1690191961354 0.29133692383766174 19
1690191961370 0.28502529859542847 20
1690191961386 0.27966928482055664 21
1690191961400 0.2751576602458954 22
1690191961415 0.2713770568370819 23
1690191961430 0.2682192325592041 24
1690191961444 0.26558589935302734 25
1690191961458 0.26339060068130493 26
1690191961474 0.26155903935432434 27
1690191961489 0.2600284814834595 28
1690191961505 0.25874653458595276 29
1690191961521 0.2576698064804077 30
1690191961536 0.25676265358924866 31
1690191961550 0.25599560141563416 32
1690191961566 0.2553447484970093 33
1690191961579 0.2547902762889862 34
1690191961593 0.254316121339798 35
1690191961608 0.2539089620113373 36
1690191961622 0.25355803966522217 37
1690191961637 0.2532542645931244 38
1690191961650 0.25299033522605896 39
1690191961666 0.25276005268096924 40
1690191961680 0.2525584101676941 41
1690191961695 0.25238117575645447 42
1690191961710 0.25222480297088623 43
1690191961729 0.2520862817764282 44
1690191961745 0.25196316838264465 45
1690191961761 0.25185340642929077 46
1690191961776 0.2517551779747009 47
1690191961906 0.25166699290275574 48
1690191961921 0.25158756971359253 49
1690191961936 0.25151577591896057 50
1690191961951 0.25145071744918823 51
1690191961964 0.25139155983924866 52
1690191961977 0.25133761763572693 53
1690191961992 0.2512883245944977 54
1690191962008 0.25124308466911316 55
1690191962021 0.25120148062705994 56
1690191962037 0.25116315484046936 57
1690191962050 0.251127690076828 58
1690191962063 0.2510948181152344 59
1690191962075 0.251064270734787 60
1690191962092 0.2510358393192291 61
1690191962107 0.2510092556476593 62
1690191962122 0.25098440051078796 63
1690191962136 0.2509610652923584 64
1690191962150 0.25093910098075867 65
1690191962165 0.2509184181690216 66
1690191962179 0.25089889764785767 67
1690191962192 0.2508803606033325 68
1690191962208 0.25086283683776855 69
1690191962223 0.2508462071418762 70
1690191962238 0.2508303225040436 71
1690191962252 0.25081518292427063 72
1690191962267 0.2508006989955902 73
1690191962281 0.2507868707180023 74
1690191962295 0.2507735788822174 75
1690191962310 0.25076085329055786 76
1690191962325 0.2507486045360565 77
1690191962339 0.2507367730140686 78
1690191962355 0.2507253885269165 79
1690191962370 0.25071439146995544 80
1690191962385 0.2507037818431854 81
1690191962401 0.25069350004196167 82
1690191962415 0.2506835460662842 83
1690191962430 0.25067389011383057 84
1690191962444 0.25066450238227844 85
1690191962459 0.2506553828716278 86
1690191962477 0.25064653158187866 87
1690191962493 0.25063788890838623 88
1690191962509 0.2506294846534729 89
1690191962524 0.2506212890148163 90
1690191962539 0.250613272190094 91
1690191962555 0.25060543417930603 92
1690191962572 0.25059783458709717 93
1690191962587 0.25059035420417786 94
1690191962604 0.25058305263519287 95
1690191962618 0.2505759298801422 96
1690191962633 0.2505689263343811 97
1690191962648 0.25056207180023193 98
1690191962661 0.2505553960800171 99
1690191962676 0.2505488097667694 100
1690191962689 0.25054237246513367 101
1690191962704 0.25053608417510986 102
1690191962719 0.25052985548973083 103
1690191962735 0.25052377581596375 104
1690191962751 0.2505178153514862 105
1690191962764 0.25051194429397583 106
1690191962778 0.250506192445755 107
1690191962792 0.25050053000450134 108
1690191962807 0.25049495697021484 109
1690191962821 0.2504895031452179 110
1690191962836 0.2504841685295105 111
1690191962852 0.2504788637161255 112
1690191962866 0.25047364830970764 113
1690191963085 0.25046855211257935 114
1690191963098 0.2504635453224182 115
1690191963111 0.25045859813690186 116
1690191963126 0.25045374035835266 117
1690191963140 0.25044894218444824 118
1690191963154 0.2504442632198334 119
1690191963170 0.2504396140575409 120
1690191963186 0.2504350543022156 121
1690191963203 0.25043055415153503 122
1690191963220 0.25042614340782166 123
1690191963239 0.25042179226875305 124
1690191963263 0.25041747093200684 125
1690191963277 0.25041326880455017 126
1690191963311 0.2504091262817383 127
1690191963331 0.2504049837589264 128
1690191963351 0.25040096044540405 129
1690191963367 0.2503969967365265 130
1690191963384 0.2503930628299713 131
1690191963398 0.2503892183303833 132
1690191963414 0.2503854036331177 133
1690191963429 0.2503816783428192 134
1690191963443 0.25037795305252075 135
1690191963458 0.25037431716918945 136
1690191963471 0.25037074089050293 137
1690191963487 0.2503671646118164 138
1690191963503 0.25036367774009705 139
1690191963523 0.2503602206707001 140
1690191963540 0.25035685300827026 141
1690191963564 0.25035348534584045 142
1690191963588 0.2503501772880554 143
1690191963607 0.25034692883491516 144
1690191963625 0.2503437101840973 145
1690191963643 0.2503405511379242 146
1690191963658 0.2503374218940735 147
1690191963671 0.25033435225486755 148
1690191963686 0.250331312417984 149
1690191963701 0.25032830238342285 150
1690191963716 0.2503253221511841 151
1690191963727 0.2503224313259125 152
1690191963742 0.2503195106983185 153
1690191963757 0.25031667947769165 154
1690191963771 0.2503138780593872 155
1690191963785 0.25031110644340515 156
1690191963799 0.2503083646297455 157
1690191963812 0.2503056824207306 158
1690191963826 0.2503030002117157 159
1690191963840 0.2503003776073456 160
1690191963854 0.25029778480529785 161
1690191963869 0.2502952218055725 162
1690191963884 0.25029268860816956 163
1690191963897 0.250290185213089 164
1690191963910 0.2502877116203308 165
1690191963925 0.2502852976322174 166
1690191963941 0.2502829134464264 167
1690191963955 0.250280499458313 168
1690191963969 0.25027817487716675 169
1690191963982 0.2502758502960205 170
1690191963995 0.25027358531951904 171
1690191964010 0.2502713203430176 172
1690191964024 0.2502690851688385 173
1690191964038 0.2502668797969818 174
1690191964051 0.2502646744251251 175
1690191964066 0.2502625286579132 176
1690191964077 0.25026044249534607 177
1690191964091 0.25025832653045654 178
1690191964105 0.2502562701702118 179
1690191964119 0.25025418400764465 180
1690191964134 0.2502521872520447 181
1690191964147 0.2502501904964447 182
1690191964162 0.2502481937408447 183
1690191964175 0.2502462565898895 184
1690191964190 0.2502443194389343 185
1690191964203 0.2502424418926239 186
1690191964216 0.2502405047416687 187
1690191964230 0.25023865699768066 188
1690191964244 0.2502368092536926 189
1690191964260 0.250234991312027 190
1690191964273 0.2502332031726837 191
1690191964288 0.25023144483566284 192
1690191964302 0.25022968649864197 193
1690191964315 0.2502279281616211 194
1690191964329 0.2502261996269226 195
1690191964343 0.2502245306968689 196
1690191964357 0.2502228319644928 197
1690191964370 0.2502211630344391 198
1690191964385 0.25021952390670776 199
