1689600082727 6.389678478240967 0
1689600083006 3.853208303451538 1
1689600083275 2.6213066577911377 2
1689600083580 2.048227548599243 3
1689600083797 1.7625586986541748 4
1689600084014 1.599472999572754 5
1689600084227 1.4972610473632812 6
1689600084457 1.4304723739624023 7
1689600084663 1.3925226926803589 8
1689600084866 1.3692611455917358 9
1689600085084 1.354588508605957 10
1689600085301 1.3454960584640503 11
1689600085528 1.340795874595642 12
1689600085746 1.3400816917419434 13
1689600085960 1.3387199640274048 14
1689600086200 1.3375353813171387 15
1689600086417 1.337722659111023 16
1689600086647 1.338735818862915 17
1689600086856 1.3389843702316284 18
1689600087064 1.3388924598693848 19
1689600087296 1.338937759399414 20
1689600087499 1.3373442888259888 21
1689600087726 1.3370864391326904 22
1689600087937 1.3374519348144531 23
1689600088151 1.339314341545105 24
1689600088377 1.3378808498382568 25
1689600088577 1.3373041152954102 26
1689600088795 1.3378899097442627 27
1689600089058 1.3379642963409424 28
1689600089288 1.3379498720169067 29
1689600089520 1.3370263576507568 30
1689600089728 1.3379318714141846 31
1689600089941 1.338231086730957 32
1689600090150 1.339138150215149 33
1689600090376 1.3386894464492798 34
1689600090581 1.3368899822235107 35
1689600090792 1.3377710580825806 36
1689600091019 1.3368395566940308 37
1689600091230 1.3374770879745483 38
1689600091442 1.3383187055587769 39
1689600091647 1.3370444774627686 40
1689600091861 1.3369910717010498 41
1689600092080 1.3377573490142822 42
1689600092291 1.3386434316635132 43
1689600092508 1.337485909461975 44
1689600092714 1.3376095294952393 45
1689600092932 1.3371210098266602 46
1689600093164 1.3370976448059082 47
1689600093378 1.3375816345214844 48
1689600093606 1.3382675647735596 49
1689600093826 1.3369718790054321 50
1689600094036 1.337520956993103 51
1689600094264 1.3385016918182373 52
1689600094477 1.3375955820083618 53
1689600094703 1.339859962463379 54
1689600094912 1.3379162549972534 55
1689600095131 1.3369144201278687 56
1689600095347 1.3372447490692139 57
1689600095551 1.337327480316162 58
1689600095788 1.3363679647445679 59
1689600096025 1.3372770547866821 60
1689600096250 1.3367758989334106 61
1689600096472 1.3369810581207275 62
1689600096678 1.337899088859558 63
1689600096914 1.3369739055633545 64
1689600097134 1.3374406099319458 65
1689600097359 1.3375619649887085 66
1689600097563 1.3373827934265137 67
1689600097789 1.3375818729400635 68
1689600098003 1.3371342420578003 69
1689600098229 1.3367526531219482 70
1689600098456 1.3391236066818237 71
1689600098669 1.337555170059204 72
1689600098876 1.3370038270950317 73
1689600099104 1.3383738994598389 74
1689600099313 1.3368208408355713 75
1689600099543 1.3366261720657349 76
1689600099776 1.3382869958877563 77
1689600099982 1.337221622467041 78
1689600100215 1.3384169340133667 79
1689600100422 1.337293028831482 80
1689600100692 1.3384238481521606 81
1689600100904 1.3394439220428467 82
1689600101126 1.3424333333969116 83
1689600101340 1.3396329879760742 84
1689600101553 1.3391753435134888 85
1689600101779 1.3373852968215942 86
1689600102000 1.3379603624343872 87
1689600102217 1.3375450372695923 88
1689600102438 1.3369861841201782 89
1689600102648 1.3366689682006836 90
1689600102875 1.3372864723205566 91
1689600103089 1.3372328281402588 92
1689600103316 1.3367388248443604 93
1689600103528 1.3371633291244507 94
1689600103732 1.337372064590454 95
1689600103955 1.3363537788391113 96
1689600104173 1.3380358219146729 97
1689600104401 1.3394336700439453 98
1689600104612 1.3374505043029785 99
1689600104821 1.3380286693572998 100
1689600105049 1.337571144104004 101
1689600105269 1.3366820812225342 102
1689600105501 1.3370593786239624 103
1689600105699 1.3380028009414673 104
1689600105918 1.3368573188781738 105
1689600106143 1.338728904724121 106
1689600106355 1.3372306823730469 107
1689600106572 1.3362314701080322 108
1689600106782 1.3369970321655273 109
1689600107021 1.3366326093673706 110
1689600107260 1.3372281789779663 111
1689600107488 1.338645577430725 112
1689600107711 1.337511420249939 113
1689600107921 1.3372260332107544 114
1689600108144 1.33674955368042 115
1689600108378 1.3367618322372437 116
1689600108586 1.3368823528289795 117
1689600108797 1.3368841409683228 118
1689600109005 1.3364731073379517 119
1689600109213 1.3371028900146484 120
1689600109439 1.3365777730941772 121
1689600109641 1.337105393409729 122
1689600109868 1.337896704673767 123
1689600110093 1.3362581729888916 124
1689600110310 1.337663173675537 125
1689600110531 1.337009310722351 126
1689600110756 1.3366862535476685 127
1689600110983 1.336814284324646 128
1689600111195 1.3385170698165894 129
1689600111406 1.3376160860061646 130
1689600111618 1.3376792669296265 131
1689600111840 1.3370952606201172 132
1689600112077 1.336500883102417 133
1689600112287 1.3371788263320923 134
1689600112519 1.3386350870132446 135
1689600112724 1.3367902040481567 136
1689600112991 1.3375322818756104 137
1689600113226 1.3378570079803467 138
1689600113438 1.3379992246627808 139
1689600113665 1.33676016330719 140
1689600113875 1.337401032447815 141
1689600114090 1.3379120826721191 142
1689600114304 1.3370842933654785 143
1689600114513 1.3371294736862183 144
1689600114735 1.3370953798294067 145
1689600114956 1.337345838546753 146
1689600115171 1.3379701375961304 147
1689600115401 1.3366721868515015 148
1689600115607 1.3374030590057373 149
