1689600082727 2.228814125061035 0
1689600083006 1.6236177682876587 1
1689600083275 1.3192603588104248 2
1689600083580 1.1773419380187988 3
1689600083797 1.1074692010879517 4
1689600084014 1.0662647485733032 5
1689600084227 1.0422899723052979 6
1689600084457 1.0244672298431396 7
1689600084663 1.0156581401824951 8
1689600084866 1.00928795337677 9
1689600085084 1.0054967403411865 10
1689600085301 1.0032265186309814 11
1689600085528 1.002298355102539 12
1689600085746 1.0021495819091797 13
1689600085960 1.0017744302749634 14
1689600086200 1.0014383792877197 15
1689600086417 1.001500129699707 16
1689600086647 1.0006937980651855 17
1689600086856 1.0019832849502563 18
1689600087064 1.0021346807479858 19
1689600087296 1.0019659996032715 20
1689600087499 1.001723051071167 21
1689600087726 1.0013755559921265 22
1689600087937 1.001609206199646 23
1689600088151 1.0022380352020264 24
1689600088377 1.001597285270691 25
1689600088577 1.0014474391937256 26
1689600088795 1.0015826225280762 27
1689600089058 1.001689076423645 28
1689600089288 1.0018035173416138 29
1689600089520 1.0015544891357422 30
1689600089728 1.0015987157821655 31
1689600089941 1.0020430088043213 32
1689600090150 1.002203106880188 33
1689600090376 1.0020391941070557 34
1689600090581 1.001449704170227 35
1689600090792 1.0019644498825073 36
1689600091019 1.0014152526855469 37
1689600091230 1.0016731023788452 38
1689600091442 1.0018856525421143 39
1689600091647 1.001333236694336 40
1689600091861 1.0013600587844849 41
1689600092080 1.0017738342285156 42
1689600092291 1.0018031597137451 43
1689600092508 1.0014541149139404 44
1689600092714 1.0016398429870605 45
1689600092932 1.0013669729232788 46
1689600093164 1.0014448165893555 47
1689600093378 1.0015618801116943 48
1689600093606 1.0018589496612549 49
1689600093826 1.001583218574524 50
1689600094036 1.001232624053955 51
1689600094264 1.0020875930786133 52
1689600094477 1.001581072807312 53
1689600094703 1.0025765895843506 54
1689600094912 1.001927375793457 55
1689600095131 1.0012924671173096 56
1689600095347 1.001544713973999 57
1689600095551 1.0013591051101685 58
1689600095788 1.0011608600616455 59
1689600096025 1.0014199018478394 60
1689600096250 1.0012929439544678 61
1689600096472 1.001404881477356 62
1689600096678 1.0016120672225952 63
1689600096914 1.001395344734192 64
1689600097134 1.0014853477478027 65
1689600097359 1.0016059875488281 66
1689600097563 1.0014041662216187 67
1689600097789 1.0014121532440186 68
1689600098003 1.001312494277954 69
1689600098229 1.0013837814331055 70
1689600098456 1.0019010305404663 71
1689600098669 1.0016777515411377 72
1689600098876 1.0015836954116821 73
1689600099104 1.0020463466644287 74
1689600099313 1.0014952421188354 75
1689600099543 1.0012973546981812 76
1689600099776 1.0023020505905151 77
1689600099982 1.0013779401779175 78
1689600100215 1.0021120309829712 79
1689600100422 1.0014843940734863 80
1689600100692 1.0016756057739258 81
1689600100904 1.0025995969772339 82
1689600101126 1.0034197568893433 83
1689600101340 1.0029017925262451 84
1689600101553 1.0018688440322876 85
1689600101779 1.0015614032745361 86
1689600102000 1.0017374753952026 87
1689600102217 1.0015308856964111 88
1689600102438 1.001772165298462 89
1689600102648 1.001359224319458 90
1689600102875 1.0016939640045166 91
1689600103089 1.00131094455719 92
1689600103316 1.0009442567825317 93
1689600103528 1.0013995170593262 94
1689600103732 1.0015873908996582 95
1689600103955 1.0013426542282104 96
1689600104173 1.0022914409637451 97
1689600104401 1.0016729831695557 98
1689600104612 1.0013920068740845 99
1689600104821 1.001650333404541 100
1689600105049 1.0014128684997559 101
1689600105269 1.00100839138031 102
1689600105501 1.0014272928237915 103
1689600105699 1.0018432140350342 104
1689600105918 1.001407504081726 105
1689600106143 1.0017482042312622 106
1689600106355 1.0014941692352295 107
1689600106572 1.0011341571807861 108
1689600106782 1.0015335083007812 109
1689600107021 1.0013490915298462 110
1689600107260 1.0014100074768066 111
1689600107488 1.0020465850830078 112
1689600107711 1.0013407468795776 113
1689600107921 1.001285433769226 114
1689600108144 1.0012866258621216 115
1689600108378 1.0012614727020264 116
1689600108586 1.0014437437057495 117
1689600108797 1.001272201538086 118
1689600109005 1.00114905834198 119
1689600109213 1.001521110534668 120
1689600109439 1.0012508630752563 121
1689600109641 1.0015043020248413 122
1689600109868 1.0017595291137695 123
1689600110093 1.0008972883224487 124
1689600110310 1.0019398927688599 125
1689600110531 1.001325249671936 126
1689600110756 1.0011875629425049 127
1689600110983 1.0011783838272095 128
1689600111195 1.0017813444137573 129
1689600111406 1.0015264749526978 130
1689600111618 1.001173973083496 131
1689600111840 1.001469373703003 132
1689600112077 1.0013090372085571 133
1689600112287 1.0013762712478638 134
1689600112519 1.0023199319839478 135
1689600112724 1.0012791156768799 136
1689600112991 1.001540184020996 137
1689600113226 1.0019224882125854 138
1689600113438 1.0014673471450806 139
1689600113665 1.0012913942337036 140
1689600113875 1.0014336109161377 141
1689600114090 1.001583456993103 142
1689600114304 1.0012903213500977 143
1689600114513 1.0012831687927246 144
1689600114735 1.0014965534210205 145
1689600114956 1.0017329454421997 146
1689600115171 1.002091407775879 147
1689600115401 1.0013643503189087 148
1689600115607 1.0018044710159302 149
