1689089066430 0.2771080732345581 0
1689089066457 0.26973584294319153 1
1689089066473 0.2646591067314148 2
1689089066487 0.2605632245540619 3
1689089066500 0.25703805685043335 4
1689089066514 0.2538949251174927 5
1689089066526 0.251029372215271 6
1689089066540 0.24837665259838104 7
1689089066553 0.24589362740516663 8
1689089066589 0.2435499131679535 9
1689089066603 0.2413233071565628 10
1689089066619 0.23919692635536194 11
1689089066632 0.23715771734714508 12
1689089066646 0.23519542813301086 13
1689089066657 0.23330166935920715 14
1689089066671 0.2314697504043579 15
1689089066684 0.2296939641237259 16
1689089066697 0.2279696762561798 17
1689089066709 0.22629301249980927 18
1689089066722 0.22466053068637848 19
1689089066736 0.22306935489177704 20
1689089066749 0.22151707112789154 21
1689089066762 0.22000151872634888 22
1689089066774 0.21852079033851624 23
1689089066787 0.21707329154014587 24
1689089066845 0.215657576918602 25
1689089066858 0.2142723649740219 26
1689089066871 0.2129165679216385 27
1689089066885 0.21158912777900696 28
1689089066898 0.21028921008110046 29
1689089066912 0.20901593565940857 30
1689089066924 0.20776864886283875 31
1689089066937 0.20654666423797607 32
1689089066951 0.20534932613372803 33
1689089066964 0.2041761875152588 34
1689089066979 0.20302671194076538 35
1689089066991 0.2019004076719284 36
1689089067005 0.2007969170808792 37
1689089067018 0.19971580803394318 38
1689089067032 0.19865670800209045 39
1689089067044 0.1976192593574524 40
1689089067056 0.1966031789779663 41
1689089067070 0.19560809433460236 42
1689089067084 0.19463381171226501 43
1689089067097 0.19367995858192444 44
1689089067109 0.19274628162384033 45
1689089067121 0.1918325275182724 46
1689089067136 0.19093847274780273 47
1689089067149 0.19006381928920746 48
1689089067162 0.18920832872390747 49
1689089067174 0.18837177753448486 50
1689089067188 0.18755386769771576 51
1689089067202 0.18675443530082703 52
1689089067215 0.1859731525182724 53
1689089067293 0.18520979583263397 54
1689089067306 0.18446417152881622 55
1689089067319 0.1837359368801117 56
1689089067333 0.18302488327026367 57
1689089067347 0.1823306828737259 58
1689089067359 0.18165314197540283 59
1689089067371 0.18099193274974823 60
1689089067384 0.18034672737121582 61
1689089067397 0.1797172874212265 62
1689089067409 0.17910325527191162 63
1689089067423 0.17850430309772491 64
1689089067437 0.1779201179742813 65
1689089067452 0.17735031247138977 66
1689089067467 0.17679452896118164 67
1689089067480 0.1762523651123047 68
1689089067493 0.17572343349456787 69
1689089067507 0.17520731687545776 70
1689089067520 0.17470350861549377 71
1689089067534 0.17421162128448486 72
1689089067547 0.17373111844062805 73
1689089067558 0.17326147854328156 74
1689089067571 0.17280225455760956 75
1689089067584 0.17235280573368073 76
1689089067599 0.17191259562969208 77
1689089067612 0.17148102819919586 78
1689089067623 0.17105744779109955 79
1689089067637 0.1706412136554718 80
1689089067650 0.17023171484470367 81
1689089067663 0.1698281466960907 82
1689089067676 0.16942989826202393 83
1689089067689 0.16903620958328247 84
1689089067703 0.16864636540412903 85
1689089067716 0.16825959086418152 86
1689089067730 0.16787515580654144 87
1689089067742 0.16749243438243866 88
1689089067755 0.16711068153381348 89
1689089067771 0.16672934591770172 90
1689089067783 0.16634789109230042 91
1689089067796 0.16596588492393494 92
1689089067808 0.16558296978473663 93
1689089067822 0.1651989370584488 94
1689089067835 0.1648135781288147 95
1689089067847 0.16442686319351196 96
1689089067859 0.16403883695602417 97
1689089067874 0.1636495441198349 98
1689089067989 0.16325904428958893 99
1689089068003 0.16286754608154297 100
1689089068017 0.16247518360614777 101
1689089068030 0.16208209097385406 102
1689089068042 0.16168849170207977 103
1689089068056 0.16129446029663086 104
1689089068072 0.16090022027492523 105
1689089068088 0.16050586104393005 106
1689089068102 0.1601114720106125 107
1689089068114 0.15971720218658447 108
1689089068128 0.15932314097881317 109
1689089068140 0.15892931818962097 110
1689089068154 0.15853580832481384 111
1689089068167 0.15814265608787537 112
1689089068180 0.15774990618228912 113
1689089068192 0.15735763311386108 114
1689089068205 0.15696577727794647 115
1689089068218 0.15657444298267365 116
1689089068231 0.15618355572223663 117
1689089068243 0.15579316020011902 118
1689089068256 0.1554032415151596 119
1689089068270 0.1550137847661972 120
1689089068283 0.15462476015090942 121
1689089068295 0.15423613786697388 122
1689089068311 0.15384793281555176 123
1689089068330 0.15346001088619232 124
1689089068351 0.15307241678237915 125
1689089068370 0.15268507599830627 126
1689089068391 0.15229791402816772 127
1689089068410 0.15191085636615753 128
1689089068430 0.1515238732099533 129
1689089068446 0.1511368453502655 130
1689089068462 0.15074972808361053 131
1689089068474 0.15036240220069885 132
1689089068487 0.1499747931957245 133
1689089068502 0.14958679676055908 134
1689089068515 0.1491982787847519 135
1689089068529 0.14880917966365814 136
1689089068540 0.1484193503856659 137
1689089068553 0.14802873134613037 138
1689089068566 0.14763712882995605 139
1689089068580 0.14724451303482056 140
1689089068591 0.14685072004795074 141
1689089068606 0.14645567536354065 142
1689089068619 0.1460592895746231 143
1689089068632 0.14566153287887573 144
1689089068646 0.14526227116584778 145
1689089068658 0.14486147463321686 146
1689089068671 0.14445912837982178 147
1689089068685 0.14405518770217896 148
1689089068699 0.14364968240261078 149
1689089068711 0.14324258267879486 150
1689089068724 0.14283394813537598 151
1689089068738 0.14242374897003174 152
1689089068751 0.14201204478740692 153
1689089068764 0.1415988951921463 154
1689089068776 0.14118430018424988 155
1689089068789 0.14076833426952362 156
1689089068802 0.1403510570526123 157
1689089068816 0.13993248343467712 158
1689089068846 0.13951265811920166 159
1689089068877 0.13909167051315308 160
1689089069043 0.13866950571537018 161
1689089069056 0.1382463574409485 162
1689089069071 0.13782356679439545 163
1689089069085 0.13740690052509308 164
1689089069098 0.13699880242347717 165
1689089069110 0.1365538090467453 166
1689089069122 0.136123389005661 167
1689089069136 0.13569432497024536 168
1689089069149 0.1352650672197342 169
1689089069163 0.13483485579490662 170
1689089069176 0.1344037652015686 171
1689089069189 0.13397175073623657 172
1689089069202 0.13353890180587769 173
1689089069215 0.13310517370700836 174
1689089069229 0.13267071545124054 175
1689089069241 0.13223545253276825 176
1689089069255 0.13179950416088104 177
1689089069268 0.13136285543441772 178
1689089069282 0.13092562556266785 179
1689089069295 0.13048772513866425 180
1689089069308 0.13004951179027557 181
1689089069321 0.129611074924469 182
1689089069334 0.12917400896549225 183
1689089069348 0.12873734533786774 184
1689089069360 0.12830284237861633 185
1689089069373 0.12785859405994415 186
1689089069386 0.1274159699678421 187
1689089069400 0.12697255611419678 188
1689089069415 0.12653037905693054 189
1689089069427 0.12608779966831207 190
1689089069442 0.12564527988433838 191
1689089069457 0.12520219385623932 192
1689089069473 0.1247589960694313 193
1689089069486 0.12431531399488449 194
1689089069500 0.1238715872168541 195
1689089069514 0.12342747300863266 196
1689089069526 0.12298367917537689 197
1689089069539 0.12253965437412262 198
1689089069554 0.1220967173576355 199
1689089069568 0.12165278941392899 200
1689089069581 0.12120985239744186 201
1689089069594 0.1207638680934906 202
1689089069606 0.12031871825456619 203
1689089069620 0.11987215280532837 204
1689089069633 0.1194266602396965 205
1689089069647 0.11898069828748703 206
1689089069659 0.11853539198637009 207
1689089069672 0.11808981001377106 208
1689089069685 0.11764466762542725 209
1689089069699 0.11719931662082672 210
1689089069711 0.11675450950860977 211
1689089069725 0.11630954593420029 212
1689089069738 0.11586542427539825 213
1689089069752 0.11542093753814697 214
1689089069765 0.11497754603624344 215
1689089069779 0.11453308910131454 216
1689089069791 0.11408970504999161 217
1689089069806 0.11364509910345078 218
1689089069820 0.11320161074399948 219
1689089069833 0.11275748908519745 220
1689089069846 0.11231452226638794 221
1689089069858 0.11187130957841873 222
1689089069872 0.11142915487289429 223
1689089069886 0.1109868735074997 224
1689089069900 0.11054566502571106 225
1689089069913 0.11010440438985825 226
1689089069927 0.10966429114341736 227
1689089069940 0.10922406613826752 228
1689089069955 0.1087852269411087 229
1689089069969 0.10834599286317825 230
1689089069983 0.10790818184614182 231
1689089069998 0.1074698194861412 232
1689089070013 0.10703292489051819 233
1689089070027 0.10659563541412354 234
1689089070041 0.10615983605384827 235
1689089070055 0.10572389513254166 236
1689089070069 0.10528949648141861 237
1689089070082 0.10485513508319855 238
1689089070095 0.10442231595516205 239
1689089070108 0.1039896234869957 240
1689089070121 0.10355852544307709 241
1689089070134 0.10312759131193161 242
1689089070147 0.10269830375909805 243
1689089070159 0.10226914286613464 244
1689089070172 0.10184173285961151 245
1689089070185 0.10141429305076599 246
1689089070199 0.1009887158870697 247
1689089070211 0.10056310147047043 248
1689089070223 0.10013940930366516 249
1689089070237 0.09971583634614944 250
1689089070251 0.09929420799016953 251
1689089070265 0.09887286275625229 252
1689089070278 0.09845349192619324 253
1689089070290 0.09803450852632523 254
1689089070303 0.09761752188205719 255
1689089070317 0.09720098972320557 256
1689089070331 0.09678652882575989 257
1689089070345 0.09637251496315002 258
1689089070360 0.09596067667007446 259
1689089070372 0.09554921090602875 260
1689089070386 0.0951400101184845 261
1689089070624 0.09473120421171188 262
1689089070643 0.09432469308376312 263
1689089070661 0.09391864389181137 264
1689089070681 0.09351497888565063 265
1689089070699 0.09311188757419586 266
1689089070716 0.0927111804485321 267
1689089070731 0.09231115132570267 268
1689089070746 0.09191356599330902 269
1689089070759 0.09151674807071686 270
1689089070773 0.09112241864204407 271
1689089070788 0.09072884917259216 272
1689089070801 0.09033789485692978 273
1689089070815 0.08994768559932709 274
1689089070829 0.08956016600131989 275
1689089070842 0.08917338401079178 276
1689089070855 0.08878934383392334 277
1689089070872 0.08840612322092056 278
1689089070886 0.08802570402622223 279
1689089070899 0.08764620125293732 280
1689089070912 0.08726951479911804 281
1689089070925 0.08689384162425995 282
1689089070938 0.08652102947235107 283
1689089070951 0.08614926040172577 284
1689089070965 0.08578047156333923 285
1689089070978 0.08541275560855865 286
1689089070990 0.08504806458950043 287
1689089071004 0.08468450605869293 288
1689089071018 0.08432403951883316 289
1689089071031 0.08396471291780472 290
1689089071045 0.08360851556062698 291
1689089071059 0.08325349539518356 292
1689089071072 0.082901731133461 293
1689089071087 0.08255118876695633 294
1689089071103 0.0822039246559143 295
1689089071121 0.08185794949531555 296
1689089071138 0.08151532709598541 297
1689089071157 0.08117405325174332 298
1689089071182 0.0808362066745758 299
1689089071201 0.08049972355365753 300
1689089071218 0.08016673475503922 301
1689089071237 0.0798351839184761 302
1689089071252 0.07950717210769653 303
1689089071265 0.07918062061071396 304
1689089071279 0.0788576751947403 305
1689089071291 0.07853622734546661 306
1689089071305 0.07821844518184662 307
1689089071319 0.07790223509073257 308
1689089071331 0.07758971303701401 309
1689089071345 0.07727883756160736 310
1689089071357 0.07697170972824097 311
1689089071371 0.07666624337434769 312
1689089071385 0.07636464387178421 313
1689089071398 0.07606475055217743 314
1689089071412 0.07576870173215866 315
1689089071431 0.07547447085380554 316
1689089071446 0.075184166431427 317
1689089071464 0.07489562034606934 318
1689089071480 0.0746111124753952 319
1689089071495 0.07432843744754791 320
1689089071508 0.07404981553554535 321
1689089071527 0.0737730860710144 322
1689089071541 0.07350046932697296 323
1689089071554 0.07322978973388672 324
1689089071573 0.07296326011419296 325
1689089071596 0.07269871234893799 326
1689089071614 0.07243835926055908 327
1689089071633 0.07218005508184433 328
1689089071647 0.07192599773406982 329
1689089071662 0.07167399674654007 330
1689089071675 0.07142633199691772 331
1689089071688 0.07118077576160431 332
1689089071701 0.0709395557641983 333
1689089071715 0.07070047408342361 334
1689089071728 0.07046583294868469 335
1689089071740 0.07023332267999649 336
1689089071754 0.07000526785850525 337
1689089071767 0.06977943331003189 338
1689089071781 0.06955809891223907 339
1689089071793 0.06933905184268951 340
1689089071805 0.0691244900226593 341
1689089071819 0.06891222298145294 342
1689089071834 0.06870456039905548 343
1689089071847 0.06849917024374008 344
1689089071860 0.06829839944839478 345
1689089071873 0.06810000538825989 346
1689089071887 0.06790626049041748 347
1689089071902 0.0677148699760437 348
1689089071915 0.0675281435251236 349
1689089071928 0.06734385341405869 350
1689089071940 0.06716422736644745 351
1689089071953 0.0669870674610138 352
1689089071966 0.0668146014213562 353
1689089071979 0.0666445940732956 354
1689089071991 0.06647936254739761 355
1689089072005 0.06631655991077423 356
1689089072019 0.06615854799747467 357
1689089072032 0.06600301712751389 358
1689089072046 0.06585224717855453 359
1689089072058 0.06570402532815933 360
1689089072072 0.06556052714586258 361
1689089072087 0.06541958451271057 362
1689089072100 0.0652833878993988 363
1689089072116 0.06514972448348999 364
1689089072135 0.06502081453800201 365
1689089072151 0.06489448249340057 366
1689089072166 0.06477285176515579 367
1689089072183 0.06465379893779755 368
1689089072199 0.06453941762447357 369
1689089072214 0.06442759931087494 370
1689089072227 0.06432046741247177 371
1689089072240 0.06421584635972977 372
1689089072255 0.06411589682102203 373
1689089072270 0.06401844322681427 374
1689089072283 0.0639255940914154 375
1689089072296 0.0638352483510971 376
1689089072309 0.06374942511320114 377
1689089072322 0.06366604566574097 378
1689089072335 0.06358717381954193 379
1689089072349 0.06351064145565033 380
1689089072362 0.06343855708837509 381
1689089072374 0.06336883455514908 382
1689089072387 0.0633033812046051 383
1689089072401 0.06324025988578796 384
1689089072414 0.0631813183426857 385
1689089072427 0.06312456727027893 386
1689089072440 0.06307189166545868 387
1689089072453 0.06302137672901154 388
1689089072468 0.0629747211933136 389
1689089072481 0.062930166721344 390
1689089072493 0.06288935244083405 391
1689089072505 0.0628504604101181 392
1689089072520 0.0628151148557663 393
1689089072815 0.06278159469366074 394
1689089072830 0.06275144219398499 395
1689089072845 0.06272297352552414 396
1689089072862 0.06269761919975281 397
1689089072877 0.06267380714416504 398
1689089072892 0.06265287846326828 399
1689089072906 0.06263332813978195 400
1689089072921 0.06261637806892395 401
1689089072936 0.06260065734386444 402
1689089072952 0.06258727610111237 403
1689089072970 0.06257490813732147 404
1689089072986 0.06256464123725891 405
1689089073002 0.06255514919757843 406
1689089073018 0.0625474750995636 407
1689089073033 0.0625404417514801 408
1689089073050 0.0625348910689354 409
1689089073063 0.06252989172935486 410
1689089073077 0.06252603977918625 411
1689089073090 0.06252259016036987 412
1689089073103 0.06252007931470871 413
1689089073118 0.06251780688762665 414
1689089073132 0.0625162422657013 415
1689089073147 0.06251484155654907 416
1689089073161 0.06251395493745804 417
1689089073172 0.06251314282417297 418
1689089073186 0.06251268088817596 419
1689089073200 0.06251232326030731 420
1689089073213 0.0625120997428894 421
1689089073227 0.06251196563243866 422
1689089073239 0.06251193583011627 423
1689089073252 0.06251195073127747 424
1689089073265 0.06251198053359985 425
1689089073279 0.0625120997428894 426
1689089073292 0.06251215934753418 427
1689089073305 0.06251230835914612 428
1689089073319 0.06251237541437149 429
1689089073332 0.06251254677772522 430
1689089073345 0.0625125914812088 431
1689089073357 0.06251275539398193 432
1689089073371 0.06251277774572372 433
1689089073384 0.06251294165849686 434
1689089073398 0.06251294910907745 435
1689089073410 0.062513068318367 436
1689089073422 0.06251306086778641 437
1689089073436 0.06251318752765656 438
1689089073450 0.06251315772533417 439
1689089073463 0.06251325458288193 440
1689089073476 0.06251321732997894 441
1689089073488 0.0625133216381073 442
1689089073502 0.06251327693462372 443
1689089073515 0.06251335144042969 444
1689089073529 0.0625133067369461 445
1689089073545 0.06251339614391327 446
1689089073564 0.06251335144042969 447
1689089073581 0.06251339614391327 448
1689089073598 0.06251334398984909 449
1689089073613 0.06251341104507446 450
1689089073628 0.06251334398984909 451
1689089073643 0.06251342594623566 452
1689089073658 0.06251337379217148 453
1689089073677 0.06251343339681625 454
1689089073693 0.06251338124275208 455
1689089073711 0.06251344084739685 456
1689089073727 0.06251336634159088 457
1689089073745 0.06251345574855804 458
1689089073763 0.06251338124275208 459
1689089073779 0.06251344084739685 460
1689089073796 0.06251338124275208 461
1689089073813 0.06251343339681625 462
1689089073828 0.06251337379217148 463
1689089073841 0.06251344829797745 464
1689089073855 0.06251338124275208 465
1689089073868 0.06251344829797745 466
1689089073882 0.06251338869333267 467
1689089073897 0.06251342594623566 468
1689089073913 0.06251338124275208 469
1689089073925 0.06251344084739685 470
1689089073939 0.06251337379217148 471
1689089073952 0.06251344084739685 472
1689089073965 0.06251338124275208 473
1689089073979 0.06251344084739685 474
1689089073991 0.06251338124275208 475
1689089074005 0.06251345574855804 476
1689089074026 0.06251339614391327 477
1689089074056 0.06251346319913864 478
1689089074073 0.06251335889101028 479
1689089074089 0.06251345574855804 480
1689089074104 0.06251338124275208 481
1689089074118 0.06251345574855804 482
1689089074132 0.06251338124275208 483
1689089074146 0.06251345574855804 484
1689089074159 0.06251338124275208 485
1689089074171 0.06251345574855804 486
1689089074185 0.06251337379217148 487
1689089074198 0.06251344829797745 488
1689089074212 0.06251337379217148 489
1689089074224 0.06251344829797745 490
1689089074238 0.06251338124275208 491
1689089074252 0.06251345574855804 492
1689089074265 0.06251337379217148 493
1689089074284 0.06251343339681625 494
1689089074296 0.06251338124275208 495
1689089074309 0.06251344084739685 496
1689089074322 0.06251337379217148 497
1689089074336 0.06251345574855804 498
1689089074348 0.06251338124275208 499
