1689089066430 0.376258909702301 0
1689089066457 0.3725631833076477 1
1689089066473 0.3699313998222351 2
1689089066487 0.36775290966033936 3
1689089066500 0.365835964679718 4
1689089066514 0.36409223079681396 5
1689089066526 0.3624725043773651 6
1689089066540 0.3609463572502136 7
1689089066553 0.35949334502220154 8
1689089066589 0.358099102973938 9
1689089066603 0.3567531704902649 10
1689089066619 0.3554474413394928 11
1689089066632 0.35417571663856506 12
1689089066646 0.3529331088066101 13
1689089066657 0.3517155051231384 14
1689089066671 0.35051989555358887 15
1689089066684 0.34934329986572266 16
1689089066697 0.34818363189697266 17
1689089066709 0.3470389246940613 18
1689089066722 0.3459075689315796 19
1689089066736 0.34478819370269775 20
1689089066749 0.34367960691452026 21
1689089066762 0.34258073568344116 22
1689089066774 0.3414906859397888 23
1689089066787 0.3404086232185364 24
1689089066845 0.3393339216709137 25
1689089066858 0.3382660150527954 26
1689089066871 0.3372042179107666 27
1689089066885 0.3361481726169586 28
1689089066898 0.33509737253189087 29
1689089066912 0.33405154943466187 30
1689089066924 0.3330102562904358 31
1689089066937 0.33197325468063354 32
1689089066951 0.33094024658203125 33
1689089066964 0.3299110233783722 34
1689089066979 0.32888537645339966 35
1689089066991 0.32786306738853455 36
1689089067005 0.3268439769744873 37
1689089067018 0.3258278965950012 38
1689089067032 0.32481473684310913 39
1689089067044 0.3238043487071991 40
1689089067056 0.3227965831756592 41
1689089067070 0.321791410446167 42
1689089067084 0.3207886815071106 43
1689089067097 0.3197883367538452 44
1689089067109 0.3187902867794037 45
1689089067121 0.3177945017814636 46
1689089067136 0.31792908906936646 47
1689089067149 0.31897100806236267 48
1689089067162 0.3200043737888336 49
1689089067174 0.3210289478302002 50
1689089067188 0.32204437255859375 51
1689089067202 0.3230504095554352 52
1689089067215 0.32404664158821106 53
1689089067293 0.32503268122673035 54
1689089067306 0.326008141040802 55
1689089067319 0.3269725739955902 56
1689089067333 0.32792550325393677 57
1689089067347 0.3288663625717163 58
1689089067359 0.3297947347164154 59
1689089067371 0.33070993423461914 60
1689089067384 0.331611305475235 61
1689089067397 0.3324982523918152 62
1689089067409 0.3333700895309448 63
1689089067423 0.33422601222991943 64
1689089067437 0.33506518602371216 65
1689089067452 0.3358868360519409 66
1689089067467 0.33668994903564453 67
1689089067480 0.33747372031211853 68
1689089067493 0.33823704719543457 69
1689089067507 0.33897891640663147 70
1689089067520 0.3396981954574585 71
1689089067534 0.34039372205734253 72
1689089067547 0.34106433391571045 73
1689089067558 0.3417086899280548 74
1689089067571 0.3423255980014801 75
1689089067584 0.3429136872291565 76
1689089067599 0.34347158670425415 77
1689089067612 0.34399789571762085 78
1689089067623 0.34449130296707153 79
1689089067637 0.3449503481388092 80
1689089067650 0.3453736901283264 81
1689089067663 0.34575989842414856 82
1689089067676 0.3461076617240906 83
1689089067689 0.3464156985282898 84
1689089067703 0.346682608127594 85
1689089067716 0.3469071090221405 86
1689089067730 0.3470878601074219 87
1689089067742 0.347223699092865 88
1689089067755 0.3473135232925415 89
1689089067771 0.34735631942749023 90
1689089067783 0.3473517894744873 91
1689089067796 0.3472999036312103 92
1689089067808 0.3472013771533966 93
1689089067822 0.3470578193664551 94
1689089067835 0.34687140583992004 95
1689089067847 0.3466451168060303 96
1689089067859 0.3463824689388275 97
1689089067874 0.3460872769355774 98
1689089067989 0.3457636535167694 99
1689089068003 0.34541580080986023 100
1689089068017 0.3450477123260498 101
1689089068030 0.344663143157959 102
1689089068042 0.3442656397819519 103
1689089068056 0.3438582718372345 104
1689089068072 0.34344375133514404 105
1689089068088 0.34302425384521484 106
1689089068102 0.3426017165184021 107
1689089068114 0.34217751026153564 108
1689089068128 0.3417527973651886 109
1689089068140 0.34132832288742065 110
1689089068154 0.3409045934677124 111
1689089068167 0.3404819965362549 112
1689089068180 0.34006062150001526 113
1689089068192 0.3396405875682831 114
1689089068205 0.33922168612480164 115
1689089068218 0.3388039171695709 116
1689089068231 0.33838698267936707 117
1689089068243 0.3379707336425781 118
1689089068256 0.3375548720359802 119
1689089068270 0.3371392488479614 120
1689089068283 0.3367234468460083 121
1689089068295 0.3363074064254761 122
1689089068311 0.33589068055152893 123
1689089068330 0.33547312021255493 124
1689089068351 0.3350544273853302 125
1689089068370 0.33463436365127563 126
1689089068391 0.3342125415802002 127
1689089068410 0.33378881216049194 128
1689089068430 0.3333628177642822 129
1689089068446 0.3329342305660248 130
1689089068462 0.3325027823448181 131
1689089068474 0.33206817507743835 132
1689089068487 0.33162999153137207 133
1689089068502 0.3311879634857178 134
1689089068515 0.3307417631149292 135
1689089068529 0.33029094338417053 136
1689089068540 0.3298352360725403 137
1689089068553 0.3293743133544922 138
1689089068566 0.3289077579975128 139
1689089068580 0.32843533158302307 140
1689089068591 0.3279566764831543 141
1689089068606 0.3274715542793274 142
1689089068619 0.3269798159599304 143
1689089068632 0.32648131251335144 144
1689089068646 0.3259759545326233 145
1689089068658 0.3254636824131012 146
1689089068671 0.3249446153640747 147
1689089068685 0.3244188725948334 148
1689089068699 0.3238866329193115 149
1689089068711 0.32334813475608826 150
1689089068724 0.32280370593070984 151
1689089068738 0.3222535252571106 152
1689089068751 0.32169806957244873 153
1689089068764 0.321137398481369 154
1689089068776 0.32057246565818787 155
1689089068789 0.3200019598007202 156
1689089068802 0.319429874420166 157
1689089068816 0.31884777545928955 158
1689089068846 0.31827735900878906 159
1689089068877 0.3176622986793518 160
1689089069043 0.31716087460517883 161
1689089069056 0.3163096308708191 162
1689089069071 0.31655353307724 163
1689089069085 0.3137669265270233 164
1689089069098 0.31745994091033936 165
1689089069110 0.3134012520313263 166
1689089069122 0.31443721055984497 167
1689089069136 0.31299713253974915 168
1689089069149 0.31281834840774536 169
1689089069163 0.3119243383407593 170
1689089069176 0.3114783763885498 171
1689089069189 0.3107120394706726 172
1689089069202 0.3101925253868103 173
1689089069215 0.30945587158203125 174
1689089069229 0.30892103910446167 175
1689089069241 0.3081733286380768 176
1689089069255 0.30766159296035767 177
1689089069268 0.30685776472091675 178
1689089069282 0.3064357340335846 179
1689089069295 0.3054687976837158 180
1689089069308 0.305328905582428 181
1689089069321 0.303866446018219 182
1689089069334 0.30462950468063354 183
1689089069348 0.30189207196235657 184
1689089069360 0.30417460203170776 185
1689089069373 0.3007376194000244 186
1689089069386 0.30236348509788513 187
1689089069400 0.3000350594520569 188
1689089069415 0.30059880018234253 189
1689089069427 0.29898613691329956 190
1689089069442 0.2990891933441162 191
1689089069457 0.29773086309432983 192
1689089069473 0.29770445823669434 193
1689089069486 0.2963646650314331 194
1689089069500 0.2964094877243042 195
1689089069514 0.2948968708515167 196
1689089069526 0.29523903131484985 197
1689089069539 0.2933003604412079 198
1689089069554 0.2942412495613098 199
1689089069568 0.2916673421859741 200
1689089069581 0.2931853234767914 201
1689089069594 0.2903454303741455 202
1689089069606 0.29169929027557373 203
1689089069620 0.289250910282135 204
1689089069633 0.290070116519928 205
1689089069647 0.2880658805370331 206
1689089069659 0.2885276675224304 207
1689089069672 0.2867415249347687 208
1689089069685 0.2870852053165436 209
1689089069699 0.28530973196029663 210
1689089069711 0.2857332229614258 211
1689089069725 0.2837914824485779 212
1689089069738 0.2844690680503845 213
1689089069752 0.28222522139549255 214
1689089069765 0.2832357585430145 215
1689089069779 0.28072023391723633 216
1689089069791 0.2818821668624878 217
1689089069806 0.27935776114463806 218
1689089069820 0.2803618013858795 219
1689089069833 0.2780492603778839 220
1689089069846 0.2787947654724121 221
1689089069858 0.2766883969306946 222
1689089069872 0.27726665139198303 223
1689089069886 0.27524805068969727 224
1689089069900 0.27579838037490845 225
1689089069913 0.27373814582824707 226
1689089069927 0.2743864059448242 227
1689089069940 0.27218425273895264 228
1689089069955 0.27300387620925903 229
1689089069969 0.2706342935562134 230
1689089069983 0.27158963680267334 231
1689089069998 0.2691384553909302 232
1689089070013 0.2700926959514618 233
1689089070027 0.26769301295280457 234
1689089070041 0.26853272318840027 235
1689089070055 0.2662469744682312 236
1689089070069 0.2669636011123657 237
1689089070082 0.2647618055343628 238
1689089070095 0.2654190957546234 239
1689089070108 0.2632286846637726 240
1689089070121 0.26390737295150757 241
1689089070134 0.26165860891342163 242
1689089070147 0.2624172568321228 243
1689089070159 0.2600759267807007 244
1689089070172 0.26092058420181274 245
1689089070185 0.25850844383239746 246
1689089070199 0.25938692688941956 247
1689089070211 0.2569667100906372 248
1689089070223 0.25781023502349854 249
1689089070237 0.2554347515106201 250
1689089070251 0.2562110126018524 251
1689089070265 0.25388815999031067 252
1689089070278 0.25461360812187195 253
1689089070290 0.2523134648799896 254
1689089070303 0.253030389547348 255
1689089070317 0.25071144104003906 256
1689089070331 0.2514597773551941 257
1689089070345 0.25 258
1689089070360 0.25 259
1689089070372 0.25 260
1689089070386 0.25 261
1689089070624 0.25 262
1689089070643 0.25 263
1689089070661 0.25 264
1689089070681 0.2499999850988388 265
1689089070699 0.2500000298023224 266
1689089070716 0.25 267
1689089070731 0.2500000298023224 268
1689089070746 0.25 269
1689089070759 0.2500000298023224 270
1689089070773 0.25 271
1689089070788 0.25 272
1689089070801 0.25 273
1689089070815 0.25 274
1689089070829 0.2500000298023224 275
1689089070842 0.25 276
1689089070855 0.25 277
1689089070872 0.2499999701976776 278
1689089070886 0.2499999850988388 279
1689089070899 0.25 280
1689089070912 0.2499999850988388 281
1689089070925 0.25 282
1689089070938 0.25 283
1689089070951 0.25 284
1689089070965 0.25 285
1689089070978 0.25 286
1689089070990 0.2499999701976776 287
1689089071004 0.25 288
1689089071018 0.25 289
1689089071031 0.2500000298023224 290
1689089071045 0.25 291
1689089071059 0.25 292
1689089071072 0.25 293
1689089071087 0.25 294
1689089071103 0.25 295
1689089071121 0.25 296
1689089071138 0.25 297
1689089071157 0.2499999850988388 298
1689089071182 0.25 299
1689089071201 0.2499999850988388 300
1689089071218 0.2499999850988388 301
1689089071237 0.2499999850988388 302
1689089071252 0.25 303
1689089071265 0.25 304
1689089071279 0.25 305
1689089071291 0.25 306
1689089071305 0.25 307
1689089071319 0.25 308
1689089071331 0.2499999850988388 309
1689089071345 0.25 310
1689089071357 0.25 311
1689089071371 0.2499999850988388 312
1689089071385 0.25 313
1689089071398 0.25 314
1689089071412 0.2499999850988388 315
1689089071431 0.25 316
1689089071446 0.2500000298023224 317
1689089071464 0.2499999701976776 318
1689089071480 0.25 319
1689089071495 0.25 320
1689089071508 0.2499999850988388 321
1689089071527 0.2499999850988388 322
1689089071541 0.25 323
1689089071554 0.25 324
1689089071573 0.25 325
1689089071596 0.2499999850988388 326
1689089071614 0.2499999701976776 327
1689089071633 0.25 328
1689089071647 0.25 329
1689089071662 0.24999995529651642 330
1689089071675 0.2499999701976776 331
1689089071688 0.25 332
1689089071701 0.25 333
1689089071715 0.25 334
1689089071728 0.2500000596046448 335
1689089071740 0.25 336
1689089071754 0.25 337
1689089071767 0.2499999701976776 338
1689089071781 0.2499999850988388 339
1689089071793 0.2500000298023224 340
1689089071805 0.2500000298023224 341
1689089071819 0.2499999850988388 342
1689089071834 0.2500000298023224 343
1689089071847 0.2499999850988388 344
1689089071860 0.2499999701976776 345
1689089071873 0.2499999850988388 346
1689089071887 0.25 347
1689089071902 0.25 348
1689089071915 0.2499999850988388 349
1689089071928 0.25 350
1689089071940 0.2499999701976776 351
1689089071953 0.25 352
1689089071966 0.25 353
1689089071979 0.24999995529651642 354
1689089071991 0.2500000298023224 355
1689089072005 0.2499999701976776 356
1689089072019 0.25 357
1689089072032 0.25 358
1689089072046 0.2499999701976776 359
1689089072058 0.25 360
1689089072072 0.25 361
1689089072087 0.25 362
1689089072100 0.25 363
1689089072116 0.25 364
1689089072135 0.2499999850988388 365
1689089072151 0.25 366
1689089072166 0.25 367
1689089072183 0.2500000596046448 368
1689089072199 0.25 369
1689089072214 0.25 370
1689089072227 0.25 371
1689089072240 0.2499999850988388 372
1689089072255 0.25 373
1689089072270 0.25 374
1689089072283 0.25 375
1689089072296 0.2500000298023224 376
1689089072309 0.2500000298023224 377
1689089072322 0.25 378
1689089072335 0.2500000298023224 379
1689089072349 0.24999995529651642 380
1689089072362 0.2499999701976776 381
1689089072374 0.25 382
1689089072387 0.2499999701976776 383
1689089072401 0.25 384
1689089072414 0.2500000596046448 385
1689089072427 0.25 386
1689089072440 0.25 387
1689089072453 0.2500000298023224 388
1689089072468 0.2499999701976776 389
1689089072481 0.25 390
1689089072493 0.2500000596046448 391
1689089072505 0.2500000298023224 392
1689089072520 0.25 393
1689089072815 0.25 394
1689089072830 0.25 395
1689089072845 0.25 396
1689089072862 0.2499999850988388 397
1689089072877 0.25 398
1689089072892 0.25 399
1689089072906 0.2500000298023224 400
1689089072921 0.25 401
1689089072936 0.25 402
1689089072952 0.25 403
1689089072970 0.25 404
1689089072986 0.2500000596046448 405
1689089073002 0.25 406
1689089073018 0.2500000596046448 407
1689089073033 0.25 408
1689089073050 0.2499999701976776 409
1689089073063 0.2500000298023224 410
1689089073077 0.25 411
1689089073090 0.2499999701976776 412
1689089073103 0.2500000298023224 413
1689089073118 0.25 414
1689089073132 0.25 415
1689089073147 0.2499999701976776 416
1689089073161 0.25 417
1689089073172 0.2499999701976776 418
1689089073186 0.2499999701976776 419
1689089073200 0.25 420
1689089073213 0.2499999850988388 421
1689089073227 0.2499999701976776 422
1689089073239 0.25 423
1689089073252 0.2499999850988388 424
1689089073265 0.2499999850988388 425
1689089073279 0.2500000298023224 426
1689089073292 0.25 427
1689089073305 0.25 428
1689089073319 0.25 429
1689089073332 0.2500000596046448 430
1689089073345 0.25 431
1689089073357 0.2500000298023224 432
1689089073371 0.25 433
1689089073384 0.2500000298023224 434
1689089073398 0.2500000298023224 435
1689089073410 0.25 436
1689089073422 0.25 437
1689089073436 0.25 438
1689089073450 0.25 439
1689089073463 0.25 440
1689089073476 0.25 441
1689089073488 0.25 442
1689089073502 0.2500000298023224 443
1689089073515 0.2499999850988388 444
1689089073529 0.25 445
1689089073545 0.25 446
1689089073564 0.2500000596046448 447
1689089073581 0.2499999701976776 448
1689089073598 0.25 449
1689089073613 0.2499999701976776 450
1689089073628 0.2499999850988388 451
1689089073643 0.2499999850988388 452
1689089073658 0.25 453
1689089073677 0.25 454
1689089073693 0.25 455
1689089073711 0.25 456
1689089073727 0.25 457
1689089073745 0.2500000298023224 458
1689089073763 0.25 459
1689089073779 0.2499999701976776 460
1689089073796 0.25 461
1689089073813 0.2499999701976776 462
1689089073828 0.25 463
1689089073841 0.25 464
1689089073855 0.25 465
1689089073868 0.25 466
1689089073882 0.25 467
1689089073897 0.2499999701976776 468
1689089073913 0.25 469
1689089073925 0.2499999701976776 470
1689089073939 0.2499999850988388 471
1689089073952 0.2499999701976776 472
1689089073965 0.25 473
1689089073979 0.2499999850988388 474
1689089073991 0.25 475
1689089074005 0.25 476
1689089074026 0.2500000298023224 477
1689089074056 0.2500000298023224 478
1689089074073 0.2499999701976776 479
1689089074089 0.2500000298023224 480
1689089074104 0.25 481
1689089074118 0.25 482
1689089074132 0.25 483
1689089074146 0.25 484
1689089074159 0.25 485
1689089074171 0.25 486
1689089074185 0.25 487
1689089074198 0.25 488
1689089074212 0.2499999850988388 489
1689089074224 0.25 490
1689089074238 0.25 491
1689089074252 0.25 492
1689089074265 0.25 493
1689089074284 0.2499999701976776 494
1689089074296 0.25 495
1689089074309 0.2499999850988388 496
1689089074322 0.25 497
1689089074336 0.2500000298023224 498
1689089074348 0.25 499
