1690145447014 1.7905443906784058 0
1690145447431 1.0784492492675781 1
1690145447765 0.9022241830825806 2
1690145448348 0.844743549823761 3
1690145448932 0.738832950592041 4
1690145449320 0.5974435210227966 5
1690145449669 0.5489727854728699 6
1690145450027 0.514279305934906 7
1690145450381 0.323141485452652 8
1690145450723 0.4114079475402832 9
1690145451160 0.22106213867664337 10
1690145451666 0.23477870225906372 11
1690145452066 0.19385741651058197 12
1690145452327 0.18453222513198853 13
1690145452677 0.19938476383686066 14
1690145453154 0.14049266278743744 15
1690145453699 0.21917913854122162 16
1690145454244 0.1126437857747078 17
1690145454693 0.12736526131629944 18
1690145455184 0.1342652142047882 19
1690145455715 0.09151286631822586 20
1690145456173 0.08593084663152695 21
1690145456740 0.11306973546743393 22
1690145457272 0.05106133967638016 23
1690145457827 0.09796693176031113 24
1690145458392 0.07291914522647858 25
1690145458840 0.05341082811355591 26
1690145459245 0.1103048324584961 27
1690145459618 0.07465878874063492 28
1690145459992 0.08995495736598969 29
1690145460290 0.04934389144182205 30
1690145460600 0.09392508864402771 31
1690145460925 0.05775000527501106 32
1690145461272 0.05075167864561081 33
1690145461645 0.02843669056892395 34
1690145462024 0.07498472929000854 35
1690145462371 0.06527068465948105 36
1690145462738 0.05950534716248512 37
1690145463021 0.015403518453240395 38
1690145463437 0.06171700358390808 39
1690145463992 0.045827507972717285 40
1690145464427 0.09129614382982254 41
1690145464775 0.04179772362112999 42
1690145465133 0.10664702206850052 43
1690145465475 0.018074454739689827 44
1690145465818 0.05393029376864433 45
1690145466146 0.03690771386027336 46
1690145466509 0.04577280208468437 47
1690145466829 0.026782017201185226 48
1690145467112 0.07567358016967773 49
