1690193644636 1.1206340789794922 0
1690193644935 0.13448889553546906 1
1690193645180 0.0212140791118145 2
1690193645436 0.008962445892393589 3
1690193645681 0.005710826721042395 4
1690193645935 0.004518892616033554 5
1690193646183 0.003274765098467469 6
1690193646418 0.0028458659071475267 7
1690193646647 0.002142312005162239 8
1690193646866 0.0015510732773691416 9
1690193647113 0.001404469134286046 10
1690193647361 0.001968392636626959 11
1690193647602 0.0009265078697353601 12
1690193647847 0.001194887445308268 13
1690193648082 0.0010552613530308008 14
1690193648348 0.0014037410728633404 15
1690193648658 0.0011940582189708948 16
1690193648895 0.0008601524168625474 17
1690193649175 0.0005769628332927823 18
1690193649404 0.0005547811160795391 19
1690193649646 0.00052780652185902 20
1690193649878 0.0005427227588370442 21
1690193650111 0.0012081866152584553 22
1690193650354 0.0007567572756670415 23
1690193650599 0.0005239532911218703 24
1690193650828 0.0008467421284876764 25
1690193651068 0.00042664611828513443 26
1690193651304 0.00036549533251672983 27
1690193651537 0.0008073273347690701 28
1690193651783 0.0005996873951517045 29
1690193652039 0.0010913442820310593 30
1690193652316 0.003745356574654579 31
1690193652562 0.0005039599491283298 32
1690193652816 0.000540565641131252 33
1690193653052 0.0001713472156552598 34
1690193653298 0.0005897178780287504 35
1690193653527 0.000406921113608405 36
1690193653769 0.0006638719351030886 37
1690193654007 0.0007626201258972287 38
1690193654256 0.0007641136762686074 39
1690193654494 0.0009621451026760042 40
1690193654716 0.002065323293209076 41
1690193654954 0.001498602912761271 42
1690193655239 0.0009498227154836059 43
1690193655478 0.0010510230204090476 44
1690193655765 0.0005270452820695937 45
1690193656006 0.00032911222660914063 46
1690193656245 0.001985098235309124 47
1690193656476 0.002343157073482871 48
1690193656712 0.0043070013634860516 49
1690193656961 0.007033179514110088 50
1690193657201 0.008599605411291122 51
1690193657436 0.00032323464984074235 52
1690193657671 0.00017281685722991824 53
1690193657916 0.00013323496386874467 54
1690193658151 0.00016967221745289862 55
1690193658386 9.756681538419798e-05 56
1690193658631 5.547168984776363e-05 57
1690193658865 4.453839210327715e-05 58
1690193659111 4.789698505192064e-05 59
1690193659399 6.430742359953001e-05 60
1690193659633 4.434780203155242e-05 61
1690193659889 0.00031686516012996435 62
1690193660127 0.000806752941571176 63
1690193660348 0.0005121639696881175 64
1690193660583 0.00013790500815957785 65
1690193660827 9.708089783089235e-05 66
1690193661058 0.00012980484461877495 67
1690193661305 0.00014515397197101265 68
1690193661543 0.00022506486857309937 69
1690193661777 0.0004402081831358373 70
1690193662012 0.0005642262985929847 71
1690193662263 0.0004052082949783653 72
1690193662503 0.000137001508846879 73
1690193662794 0.0016472734278067946 74
1690193663027 0.0010000779293477535 75
1690193663282 0.001899126567877829 76
1690193663527 0.002966682193800807 77
1690193663776 0.006401487160474062 78
1690193664017 0.0008957767277024686 79
