1690192360231 0.9278641939163208 0
1690192360268 0.752960205078125 1
1690192360283 0.5975573062896729 2
1690192360295 0.5021458268165588 3
1690192360311 0.501304030418396 4
1690192360325 0.5007338523864746 5
1690192360338 0.5003167390823364 6
1690192360353 0.4999866485595703 7
1690192360368 0.4997044801712036 8
1690192360382 0.49944666028022766 9
1690192360396 0.4991985857486725 10
1690192360409 0.4989509880542755 11
1690192360423 0.4986976981163025 12
1690192360437 0.4984343647956848 13
1690192360507 0.49815797805786133 14
1690192360521 0.49786582589149475 15
1690192360535 0.497555673122406 16
1690192360547 0.4972253441810608 17
1690192360562 0.5051233768463135 18
1690192360576 0.5024006962776184 19
1690192360590 0.4966317117214203 20
1690192360603 0.496567964553833 21
1690192360619 0.49649131298065186 22
1690192360632 0.49640077352523804 23
1690192360646 0.49629536271095276 24
1690192360661 0.4961739480495453 25
1690192360676 0.4960353970527649 26
1690192360689 0.49587830901145935 27
1690192360703 0.49570155143737793 28
1690192360716 0.4955037236213684 29
1690192360731 0.4952833354473114 30
1690192360745 0.4950387477874756 31
1690192360760 0.49476858973503113 32
1690192360773 0.4944709241390228 33
1690192360789 0.4941440224647522 34
1690192360803 0.4937859773635864 35
1690192360817 0.4933948218822479 36
1690192360829 0.4929684102535248 37
1690192360843 0.49250468611717224 38
1690192360858 0.49200138449668884 39
1690192360871 0.4914562702178955 40
1690192360886 0.490867018699646 41
1690192360899 0.49023139476776123 42
1690192360913 0.4895470142364502 43
1690192360927 0.4888116121292114 44
1690192360944 0.48802292346954346 45
1690192360959 0.48717910051345825 46
1690192360973 0.48627763986587524 47
1690192361103 0.4853169322013855 48
1690192361115 0.4842950701713562 49
1690192361130 0.48321041464805603 50
1690192361144 0.48206132650375366 51
1690192361157 0.4808465540409088 52
1690192361170 0.4795646667480469 53
1690192361184 0.47821444272994995 54
1690192361197 0.47679460048675537 55
1690192361211 0.4753040373325348 56
1690192361224 0.473741352558136 57
1690192361238 0.47210514545440674 58
1690192361253 0.47039368748664856 59
1690192361267 0.4707874357700348 60
1690192361280 0.4675634503364563 61
1690192361293 0.4664163589477539 62
1690192361307 0.46516484022140503 63
1690192361323 0.4638090431690216 64
1690192361339 0.46234843134880066 65
1690192361354 0.46078142523765564 66
1690192361368 0.4591056704521179 67
1690192361382 0.4573182463645935 68
1690192361395 0.45541536808013916 69
1690192361409 0.45339271426200867 70
1690192361424 0.4512452483177185 71
1690192361437 0.4489670991897583 72
1690192361450 0.4465519189834595 73
1690192361464 0.44399264454841614 74
1690192361477 0.4412814676761627 75
1690192361492 0.43840980529785156 76
1690192361505 0.4353685975074768 77
1690192361519 0.4321478605270386 78
1690192361531 0.42873722314834595 79
1690192361544 0.4251254200935364 80
1690192361558 0.42686980962753296 81
1690192361572 0.41883453726768494 82
1690192361585 0.41608673334121704 83
1690192361601 0.4130535125732422 84
1690192361615 0.4097304940223694 85
1690192361629 0.4061122238636017 86
1690192361644 0.4021928012371063 87
1690192361658 0.3979657292366028 88
1690192361671 0.3934241831302643 89
1690192361687 0.38856106996536255 90
1690192361701 0.3833690583705902 91
1690192361715 0.3778408169746399 92
1690192361728 0.3719690442085266 93
1690192361742 0.3692447245121002 94
1690192361755 0.36146557331085205 95
1690192361770 0.356745183467865 96
1690192361784 0.35158571600914 97
1690192361795 0.3459876477718353 98
1690192361809 0.3399510979652405 99
1690192361822 0.33347639441490173 100
1690192361837 0.32656407356262207 101
1690192361851 0.31921517848968506 102
1690192361868 0.31143078207969666 103
1690192361883 0.3032129406929016 104
1690192361895 0.2961053252220154 105
1690192361910 0.2884780168533325 106
1690192361925 0.2818198502063751 107
1690192361939 0.28183597326278687 108
1690192361952 0.27212679386138916 109
1690192361967 0.3041114807128906 110
1690192361979 0.2743276357650757 111
1690192361993 0.2862655818462372 112
1690192362007 0.29631662368774414 113
1690192362022 0.28936299681663513 114
1690192362034 0.26763513684272766 115
1690192362047 0.2624083459377289 116
1690192362061 0.2776298522949219 117
1690192362075 0.25061720609664917 118
1690192362087 0.2524496614933014 119
1690192362103 0.26235154271125793 120
1690192362346 0.2592278718948364 121
1690192362360 0.2517049014568329 122
1690192362374 0.24952717125415802 123
1690192362389 0.24643298983573914 124
1690192362403 0.25660446286201477 125
1690192362416 0.2428419589996338 126
1690192362458 0.24208933115005493 127
1690192362482 0.24023917317390442 128
1690192362497 0.24443978071212769 129
1690192362511 0.23859098553657532 130
1690192362526 0.22905278205871582 131
1690192362542 0.22411547601222992 132
1690192362555 0.22525402903556824 133
1690192362571 0.22488249838352203 134
1690192362585 0.23503436148166656 135
1690192362599 0.2313409000635147 136
1690192362612 0.21791164577007294 137
1690192362626 0.21461057662963867 138
1690192362639 0.22546476125717163 139
1690192362655 0.22185607254505157 140
1690192362669 0.20710939168930054 141
1690192362683 0.20604822039604187 142
1690192362694 0.20234793424606323 143
1690192362709 0.2009499967098236 144
1690192362722 0.1985408514738083 145
1690192362736 0.1965148001909256 146
1690192362752 0.19441160559654236 147
1690192362772 0.19169104099273682 148
1690192362790 0.21036766469478607 149
1690192362811 0.1889468878507614 150
1690192362839 0.19042934477329254 151
1690192362860 0.18823470175266266 152
1690192362879 0.18410895764827728 153
1690192362896 0.1939343512058258 154
1690192362910 0.18822187185287476 155
1690192362924 0.17783038318157196 156
1690192362938 0.18108555674552917 157
1690192362952 0.17745071649551392 158
1690192362966 0.16909481585025787 159
1690192362977 0.17755703628063202 160
1690192362992 0.17448468506336212 161
1690192363006 0.15969066321849823 162
1690192363021 0.1640707552433014 163
1690192363035 0.15946683287620544 164
1690192363048 0.15448875725269318 165
1690192363061 0.15052129328250885 166
1690192363076 0.15114831924438477 167
1690192363090 0.14836829900741577 168
1690192363104 0.1454419195652008 169
1690192363118 0.1395891308784485 170
1690192363130 0.1440148502588272 171
1690192363145 0.142111137509346 172
1690192363161 0.13544607162475586 173
1690192363178 0.1312416046857834 174
1690192363193 0.13848550617694855 175
1690192363208 0.1319386065006256 176
1690192363221 0.12176506221294403 177
1690192363235 0.11927284300327301 178
1690192363249 0.12268398702144623 179
1690192363262 0.11554133147001266 180
1690192363277 0.11300025880336761 181
1690192363291 0.11007070541381836 182
1690192363307 0.10007016360759735 183
1690192363321 0.09507612884044647 184
1690192363335 0.08834217488765717 185
1690192363349 0.0885755717754364 186
1690192363363 0.0847974568605423 187
1690192363376 0.08251942694187164 188
1690192363388 0.07847936451435089 189
1690192363404 0.07273294031620026 190
1690192363418 0.07564854621887207 191
1690192363432 0.06340935826301575 192
1690192363444 0.06780394911766052 193
1690192363458 0.06113624572753906 194
1690192363471 0.05006168782711029 195
1690192363485 0.05171196162700653 196
1690192363499 0.04672513157129288 197
1690192363511 0.036454614251852036 198
1690192363526 0.03267597407102585 199
1690192379902 0.029360324144363403 0
