1689596769486 1.489842414855957 0
1689596769697 1.258790135383606 1
1689596769909 1.1483107805252075 2
1689596770108 1.020304799079895 3
1689596770368 0.8782818913459778 4
1689596770614 0.7192164063453674 5
1689596770845 0.5486391186714172 6
1689596771049 0.38536715507507324 7
1689596771263 0.23737697303295135 8
1689596771479 0.1291457861661911 9
1689596771695 0.06198490038514137 10
1689596771926 0.02649802342057228 11
1689596772129 0.010827451944351196 12
1689596772352 0.004817425273358822 13
1689596772575 0.0026867431588470936 14
1689596772787 0.001801377278752625 15
1689596773020 0.0012854930246248841 16
1689596773251 0.0009647828410379589 17
1689596773483 0.0007256639655679464 18
1689596773763 0.0005744895315729082 19
1689596773980 0.00044784313649870455 20
1689596774236 0.0003582226054277271 21
1689596774536 0.00029203269514255226 22
1689596774772 0.00024088166537694633 23
1689596774979 0.00019967020489275455 24
1689596775233 0.00016374351980630308 25
1689596775449 0.0001384256756864488 26
1689596775666 0.00011553664808161557 27
1689596775887 9.886795305646956e-05 28
1689596776133 8.187716593965888e-05 29
1689596776363 6.97612194926478e-05 30
1689596776593 5.860359669895843e-05 31
1689596776831 4.9942675104830414e-05 32
1689596777061 4.255796011420898e-05 33
1689596777295 3.6695710150524974e-05 34
1689596777525 3.1388848583446816e-05 35
1689596777752 2.7320373192196712e-05 36
1689596778004 2.3918326405691914e-05 37
1689596778251 2.0629040591302328e-05 38
1689596778512 1.8284654288436286e-05 39
1689596778750 1.5873583834036253e-05 40
1689596778976 1.4164951608108822e-05 41
1689596779271 1.241156587639125e-05 42
1689596779518 1.0877046406676527e-05 43
1689596779761 9.605598279449623e-06 44
1689596779979 8.486545993946493e-06 45
1689596780210 7.428047865687404e-06 46
1689596780431 6.513368134619668e-06 47
1689596780669 5.824806066812016e-06 48
1689596780898 5.0945545808644965e-06 49
1689596781123 4.497206191445002e-06 50
1689596781349 3.961411493946798e-06 51
1689596781555 3.475743142189458e-06 52
1689596781777 3.0841781608614838e-06 53
1689596781987 2.755489049377502e-06 54
1689596782193 2.469849505359889e-06 55
1689596782413 2.1602431843348313e-06 56
1689596782635 1.9218202851334354e-06 57
1689596782886 1.7154907254735008e-06 58
1689596783159 1.556680103931285e-06 59
1689596783401 1.4732415820617462e-06 60
1689596783611 1.213912128150696e-06 61
1689596783830 1.0749994316938682e-06 62
1689596784097 1.0401181498309597e-06 63
1689596784328 9.016370654535422e-07 64
1689596784585 7.953997283038916e-07 65
1689596784824 7.047351004985103e-07 66
1689596785073 6.439838671212783e-07 67
1689596785302 6.007006163599726e-07 68
1689596785549 5.288216016197111e-07 69
1689596785776 4.690704713539162e-07 70
1689596786004 4.2087194174200704e-07 71
1689596786245 3.772972831939114e-07 72
1689596786474 3.4307112173337373e-07 73
1689596786716 3.259932270793797e-07 74
1689596786949 2.752775287717668e-07 75
1689596787172 2.433067436413694e-07 76
1689596787416 2.173560886831183e-07 77
1689596787680 2.1831041863151768e-07 78
1689596787981 1.8514587907247915e-07 79
