1689596769486 1.0308927297592163 0
1689596769697 0.970806360244751 1
1689596769909 0.9265275597572327 2
1689596770108 0.8733339309692383 3
1689596770368 0.8101682066917419 4
1689596770614 0.7329379916191101 5
1689596770845 0.6383390426635742 6
1689596771049 0.5338736176490784 7
1689596771263 0.4162804186344147 8
1689596771479 0.3040180206298828 9
1689596771695 0.20619377493858337 10
1689596771926 0.12700223922729492 11
1689596772129 0.07303259521722794 12
1689596772352 0.041917070746421814 13
1689596772575 0.02499740570783615 14
1689596772787 0.0176040381193161 15
1689596773020 0.014432408846914768 16
1689596773251 0.013313286006450653 17
1689596773483 0.010695204138755798 18
1689596773763 0.009701727889478207 19
1689596773980 0.008039804175496101 20
1689596774236 0.006919438485056162 21
1689596774536 0.005981216672807932 22
1689596774772 0.005337283480912447 23
1689596774979 0.0047829775139689445 24
1689596775233 0.0038047523703426123 25
1689596775449 0.0039040285628288984 26
1689596775666 0.0032477055210620165 27
1689596775887 0.003246094100177288 28
1689596776133 0.002645642263814807 29
1689596776363 0.0025085830129683018 30
1689596776593 0.002112284768372774 31
1689596776831 0.0019362426828593016 32
1689596777061 0.0018389566102996469 33
1689596777295 0.0016018534079194069 34
1689596777525 0.001507371198385954 35
1689596777752 0.00145943951793015 36
1689596778004 0.0013250097399577498 37
1689596778251 0.001146813272498548 38
1689596778512 0.0010900780325755477 39
1689596778750 0.0009824594017118216 40
1689596778976 0.0010149467270821333 41
1689596779271 0.000884674780536443 42
1689596779518 0.0008585851173847914 43
1689596779761 0.0007723724120296538 44
1689596779979 0.0006745652062818408 45
1689596780210 0.0006411451031453907 46
1689596780431 0.000595106219407171 47
1689596780669 0.0006230202852748334 48
1689596780898 0.0006386302411556244 49
1689596781123 0.0005787016125395894 50
1689596781349 0.0004946918343193829 51
1689596781555 0.0004353469703346491 52
1689596781777 0.00042648930684663355 53
1689596781987 0.0004708632477559149 54
1689596782193 0.0004305842739995569 55
1689596782413 0.00040012510726228356 56
1689596782635 0.000343466701451689 57
1689596782886 0.000321951083606109 58
1689596783159 0.0003320275282021612 59
1689596783401 0.0004251800128258765 60
1689596783611 0.000275168742518872 61
1689596783830 0.00023221068840939552 62
1689596784097 0.00033628454548306763 63
1689596784328 0.0003185358946211636 64
1689596784585 0.00028476474108174443 65
1689596784824 0.0002123400045093149 66
1689596785073 0.0002548619522713125 67
1689596785302 0.00025995445321314037 68
1689596785549 0.00023371192219201475 69
1689596785776 0.000197423025383614 70
1689596786004 0.00019615549535956234 71
1689596786245 0.00017168190970551223 72
1689596786474 0.0001997612853301689 73
1689596786716 0.0001897713664220646 74
1689596786949 0.00015401495329570025 75
1689596787172 0.00013654383656103164 76
1689596787416 0.00011495832586660981 77
1689596787680 0.00019576486374717206 78
1689596787981 0.00014145347813609987 79
