1689088389653 1.2114176750183105 0
1689088389679 1.1425033807754517 1
1689088389693 1.094948649406433 2
1689088389707 1.0565391778945923 3
1689088389721 1.023456335067749 4
1689088389733 0.99394291639328 5
1689088389746 0.9670249223709106 6
1689088389760 0.9420986175537109 7
1689088389796 0.9187613725662231 8
1689088389811 0.8967296481132507 9
1689088389824 0.8757960796356201 10
1689088389838 0.8558036088943481 11
1689088389853 0.8366300463676453 12
1689088389865 0.8181793689727783 13
1689088389879 0.8003740310668945 14
1689088389894 0.7831510305404663 15
1689088389908 0.7664582133293152 16
1689088389921 0.750251054763794 17
1689088389936 0.7344932556152344 18
1689088389948 0.7191538214683533 19
1689088389962 0.7042062878608704 20
1689088390011 0.6896272897720337 21
1689088390025 0.6753964424133301 22
1689088390039 0.661497175693512 23
1689088390053 0.6479141116142273 24
1689088390065 0.6346341371536255 25
1689088390079 0.6216450929641724 26
1689088390093 0.6089372634887695 27
1689088390108 0.5965007543563843 28
1689088390121 0.584327757358551 29
1689088390134 0.5724111795425415 30
1689088390148 0.5607437491416931 31
1689088390162 0.5493199229240417 32
1689088390176 0.5381341576576233 33
1689088390188 0.5271816849708557 34
1689088390202 0.51645827293396 35
1689088390214 0.505959689617157 36
1689088390228 0.4956820011138916 37
1689088390241 0.48562178015708923 38
1689088390255 0.4757765531539917 39
1689088390267 0.4661421775817871 40
1689088390280 0.45671677589416504 41
1689088390294 0.4474976658821106 42
1689088390307 0.4384821951389313 43
1689088390320 0.4296679198741913 44
1689088390393 0.42105305194854736 45
1689088390405 0.4126352369785309 46
1689088390421 0.4044124186038971 47
1689088390433 0.39638248085975647 48
1689088390446 0.38854360580444336 49
1689088390460 0.38089415431022644 50
1689088390474 0.37343207001686096 51
1689088390488 0.36615559458732605 52
1689088390500 0.35906273126602173 53
1689088390513 0.3521520793437958 54
1689088390527 0.3454214036464691 55
1689088390540 0.3388691544532776 56
1689088390554 0.3324931859970093 57
1689088390567 0.32629191875457764 58
1689088390580 0.3202633559703827 59
1689088390594 0.31440553069114685 60
1689088390608 0.30871671438217163 61
1689088390622 0.30319416522979736 62
1689088390634 0.29783645272254944 63
1689088390647 0.29264119267463684 64
1689088390662 0.2876061499118805 65
1689088390676 0.28272879123687744 66
1689088390692 0.2780068814754486 67
1689088390708 0.2734377086162567 68
1689088390723 0.2690185308456421 69
1689088390736 0.26474690437316895 70
1689088390748 0.26061952114105225 71
1689088390762 0.25663337111473083 72
1689088390776 0.2527851462364197 73
1689088390790 0.2490716278553009 74
1689088390804 0.24548856914043427 75
1689088390817 0.2420327216386795 76
1689088390829 0.2386997491121292 77
1689088390843 0.2354852557182312 78
1689088390856 0.23238441348075867 79
1689088390869 0.22939278185367584 80
1689088390882 0.2265048325061798 81
1689088390896 0.22371484339237213 82
1689088390910 0.2210174947977066 83
1689088390923 0.21840639412403107 84
1689088391036 0.215875044465065 85
1689088391049 0.21341700851917267 86
1689088391062 0.21102511882781982 87
1689088391076 0.2086925506591797 88
1689088391090 0.20641185343265533 89
1689088391104 0.2041761577129364 90
1689088391117 0.20197857916355133 91
1689088391129 0.19981229305267334 92
1689088391144 0.19767144322395325 93
1689088391159 0.19555030763149261 94
1689088391178 0.19344426691532135 95
1689088391198 0.19134950637817383 96
1689088391225 0.18926283717155457 97
1689088391254 0.1871825009584427 98
1689088391276 0.1851067692041397 99
1689088391294 0.18303543329238892 100
1689088391309 0.18096843361854553 101
1689088391323 0.17890626192092896 102
1689088391337 0.17684975266456604 103
1689088391351 0.17479996383190155 104
1689088391363 0.17275840044021606 105
1689088391377 0.17072635889053345 106
1689088391390 0.16870522499084473 107
1689088391404 0.166696235537529 108
1689088391417 0.16470089554786682 109
1689088391430 0.16272039711475372 110
1689088391444 0.16075584292411804 111
1689088391456 0.15880835056304932 112
1689088391471 0.15687915682792664 113
1689088391483 0.15496894717216492 114
1689088391496 0.15307873487472534 115
1689088391510 0.15120898187160492 116
1689088391528 0.1493608057498932 117
1689088391541 0.1475345343351364 118
1689088391568 0.14573073387145996 119
1689088391595 0.14395000040531158 120
1689088391615 0.14219267666339874 121
1689088391629 0.1404591202735901 122
1689088391644 0.13874973356723785 123
1689088391657 0.1370646208524704 124
1689088391671 0.1354040801525116 125
1689088391684 0.1337682604789734 126
1689088391696 0.13215745985507965 127
1689088391710 0.13057151436805725 128
1689088391724 0.12901060283184052 129
1689088391738 0.1274748295545578 130
1689088391751 0.12596406042575836 131
1689088391763 0.1244782954454422 132
1689088391776 0.12301753461360931 133
1689088391790 0.12158170342445374 134
1689088391804 0.12017073482275009 135
1689088391817 0.11878442764282227 136
1689088391831 0.11742263287305832 137
1689088391844 0.11608531326055527 138
1689088391857 0.11477216333150864 139
1689088391872 0.11348314583301544 140
1689088391885 0.11221779882907867 141
1689088391897 0.11097612977027893 142
1689088391911 0.10975774377584457 143
1689088392057 0.10856255143880844 144
1689088392070 0.10739011317491531 145
1689088392084 0.10624014586210251 146
1689088392097 0.10511250793933868 147
1689088392110 0.10400662571191788 148
1689088392124 0.10292236506938934 149
1689088392138 0.10185939073562622 150
1689088392151 0.10081717371940613 151
1689088392163 0.09979544579982758 152
1689088392178 0.09879374504089355 153
1689088392192 0.09781169891357422 154
1689088392207 0.09684887528419495 155
1689088392221 0.09590492397546768 156
1689088392233 0.09497930854558945 157
1689088392246 0.09407161176204681 158
1689088392259 0.09318144619464874 159
1689088392273 0.09230829775333405 160
1689088392287 0.0914517417550087 161
1689088392300 0.09061140567064285 162
1689088392312 0.08978688716888428 163
1689088392325 0.08897789567708969 164
1689088392339 0.08818401396274567 165
1689088392353 0.08740498125553131 166
1689088392365 0.08664058893918991 167
1689088392379 0.08589067310094833 168
1689088392392 0.08515499532222748 169
1689088392405 0.08443339169025421 170
1689088392419 0.08372585475444794 171
1689088392431 0.08303219825029373 172
1689088392445 0.08235245943069458 173
1689088392458 0.08168648183345795 174
1689088392472 0.08103422820568085 175
1689088392486 0.08039569109678268 176
1689088392498 0.0797707736492157 177
1689088392511 0.07915946841239929 178
1689088392524 0.07856164127588272 179
1689088392538 0.07797721028327942 180
1689088392551 0.07740622758865356 181
1689088392565 0.07684856653213501 182
1689088392578 0.0763041153550148 183
1689088392592 0.07577279210090637 184
1689088392606 0.07525450736284256 185
1689088392619 0.07474923133850098 186
1689088392631 0.07425665855407715 187
1689088392644 0.07377690076828003 188
1689088392657 0.07330969721078873 189
1689088392671 0.07285504788160324 190
1689088392684 0.07241269201040268 191
1689088392696 0.07198265194892883 192
1689088392710 0.07156462967395782 193
1689088392724 0.07115866988897324 194
1689088392737 0.07076449692249298 195
1689088392749 0.0703820064663887 196
1689088392762 0.07001106441020966 197
1689088392775 0.06965155899524689 198
1689088392789 0.0693032518029213 199
1689088392803 0.06896613538265228 200
1689088392816 0.06863994151353836 201
1689088392828 0.06832467764616013 202
1689088392842 0.06801997870206833 203
1689088392856 0.06772584468126297 204
1689088392869 0.06744211912155151 205
1689088392881 0.06716853380203247 206
1689088392895 0.06690508127212524 207
1689088392909 0.0666515976190567 208
1689088392921 0.06640778481960297 209
1689088392940 0.06617362797260284 210
1689088392956 0.06594892591238022 211
1689088392973 0.06573350727558136 212
1689088392988 0.06552723050117493 213
1689088393006 0.0653299018740654 214
1689088393021 0.06514140963554382 215
1689088393038 0.06496155261993408 216
1689088393051 0.06479017436504364 217
1689088393063 0.06462713330984116 218
1689088393077 0.0644722580909729 219
1689088393090 0.06432529538869858 220
1689088393104 0.06418614834547043 221
1689088393117 0.06405457854270935 222
1689088393130 0.06393041461706161 223
1689088393144 0.06381349265575409 224
1689088393159 0.06370361149311066 225
1689088393173 0.06360052525997162 226
1689088393188 0.06350405514240265 227
1689088393202 0.06341402977705002 228
1689088393214 0.06333017349243164 229
1689088393228 0.06325232237577438 230
1689088393436 0.06318020075559616 231
1689088393448 0.06311358511447906 232
1689088393461 0.0630522221326828 233
1689088393476 0.06299593299627304 234
1689088393489 0.06294436752796173 235
1689088393504 0.06289736926555634 236
1689088393517 0.0628545880317688 237
1689088393532 0.06281589716672897 238
1689088393546 0.06278091669082642 239
1689088393562 0.0627494677901268 240
1689088393579 0.06272117793560028 241
1689088393595 0.06269587576389313 242
1689088393611 0.06267333030700684 243
1689088393627 0.06265327334403992 244
1689088393643 0.06263545155525208 245
1689088393659 0.06261959671974182 246
1689088393674 0.06260557472705841 247
1689088393688 0.06259309500455856 248
1689088393702 0.06258213520050049 249
1689088393713 0.06257262080907822 250
1689088393730 0.06256572902202606 251
1689088393745 0.06257352232933044 252
1689088393759 0.06264141201972961 253
1689088393772 0.06267265975475311 254
1689088393786 0.06260573863983154 255
1689088393799 0.0625627189874649 256
1689088393812 0.06254397332668304 257
1689088393825 0.06253501772880554 258
1689088393838 0.06252963840961456 259
1689088393852 0.06252580881118774 260
1689088393864 0.06252293288707733 261
1689088393877 0.06252077966928482 262
1689088393891 0.06251940876245499 263
1689088393904 0.062519371509552 264
1689088393917 0.06252197176218033 265
1689088393929 0.06252959370613098 266
1689088393943 0.0625450611114502 267
1689088393956 0.06256546825170517 268
1689088393970 0.06257468461990356 269
1689088393985 0.06256375461816788 270
1689088394001 0.06254574656486511 271
1689088394018 0.06253136694431305 272
1689088394032 0.0625225305557251 273
1689088394044 0.06251753866672516 274
1689088394059 0.06251506507396698 275
1689088394072 0.06251424551010132 276
1689088394085 0.06251496076583862 277
1689088394097 0.06251724064350128 278
1689088394112 0.0625215619802475 279
1689088394126 0.06252815574407578 280
1689088394140 0.06253618746995926 281
1689088394152 0.06254309415817261 282
1689088394164 0.06254544854164124 283
1689088394178 0.06254217773675919 284
1689088394192 0.06253597140312195 285
1689088394205 0.06252948939800262 286
1689088394218 0.06252448260784149 287
1689088394230 0.06252111494541168 288
1689088394243 0.06251946836709976 289
1689088394256 0.06251915544271469 290
1689088394269 0.06252017617225647 291
1689088394283 0.0625222697854042 292
1689088394297 0.06252545863389969 293
1689088394310 0.06252913177013397 294
1689088394325 0.0625326856970787 295
1689088394339 0.0625348910689354 296
1689088394353 0.06253523379564285 297
1689088394366 0.06253359466791153 298
1689088394379 0.06253094971179962 299
1689088394393 0.06252807378768921 300
1689088394406 0.0625256672501564 301
1689088394419 0.06252395361661911 302
1689088394434 0.06252318620681763 303
1689088394446 0.06252320110797882 304
1689088394467 0.06252408027648926 305
1689088394498 0.06252545118331909 306
1689088394519 0.06252723187208176 307
1689088394532 0.06252903491258621 308
1689088394545 0.06253048777580261 309
1689088394560 0.06253117322921753 310
1689088394574 0.062531016767025 311
1689088394589 0.06253015995025635 312
1689088394603 0.06252889335155487 313
1689088394617 0.06252750754356384 314
1689088394629 0.06252641975879669 315
1689088394644 0.06252563744783401 316
1689088394658 0.06252538412809372 317
1689088394671 0.06252550333738327 318
1689088394685 0.06252611428499222 319
1689088394697 0.06252686679363251 320
1689088394711 0.06252779066562653 321
1689088394724 0.0625285655260086 322
1689088394738 0.06252916157245636 323
1689088394751 0.06252932548522949 324
1689088394764 0.06252914667129517 325
1689088394777 0.06252868473529816 326
1689088394791 0.06252805143594742 327
1689088394804 0.06252739578485489 328
1689088394817 0.06252694129943848 329
1689088394830 0.06252656877040863 330
1689088394844 0.06252650916576385 331
1689088394857 0.0625266507267952 332
1689088394871 0.06252700835466385 333
1689088394883 0.06252740323543549 334
1689088394895 0.06252790242433548 335
1689088394909 0.06252819299697876 336
1689088394922 0.06252840906381607 337
1689088394935 0.06252843886613846 338
1689088394947 0.06252830475568771 339
1689088394960 0.06252803653478622 340
1689088394974 0.06252775341272354 341
1689088394988 0.06252744793891907 342
1689088395000 0.06252722442150116 343
1689088395012 0.06252709031105042 344
1689088395026 0.0625271201133728 345
1689088395039 0.06252719461917877 346
1689088395053 0.06252738833427429 347
1689088395065 0.06252756714820862 348
1689088395077 0.06252778321504593 349
1689088395091 0.06252793967723846 350
1689088395105 0.06252803653478622 351
1689088395118 0.06252799928188324 352
1689088395130 0.06252792477607727 353
1689088395145 0.06252777576446533 354
1689088395158 0.0625276267528534 355
