1689088389653 0.7778685688972473 0
1689088389679 0.7521421909332275 1
1689088389693 0.73382967710495 2
1689088389707 0.7186763882637024 3
1689088389721 0.7053468823432922 4
1689088389733 0.6932251453399658 5
1689088389746 0.6819692850112915 6
1689088389760 0.6713668704032898 7
1689088389796 0.66127610206604 8
1689088389811 0.6515968441963196 9
1689088389824 0.6422557830810547 10
1689088389838 0.6331971287727356 11
1689088389853 0.6243777871131897 12
1689088389865 0.6157633662223816 13
1689088389879 0.6073263883590698 14
1689088389894 0.5990443825721741 15
1689088389908 0.5908985733985901 16
1689088389921 0.5828731656074524 17
1689088389936 0.5749552249908447 18
1689088389948 0.5671335458755493 19
1689088389962 0.5593987107276917 20
1689088390011 0.5517425537109375 21
1689088390025 0.5441575646400452 22
1689088390039 0.536638081073761 23
1689088390053 0.5291787385940552 24
1689088390065 0.5217747688293457 25
1689088390079 0.5144220590591431 26
1689088390093 0.5071173906326294 27
1689088390108 0.4998573064804077 28
1689088390121 0.49263930320739746 29
1689088390134 0.4854610860347748 30
1689088390148 0.48159530758857727 31
1689088390162 0.4787054657936096 32
1689088390176 0.47582751512527466 33
1689088390188 0.472960889339447 34
1689088390202 0.4701050817966461 35
1689088390214 0.46725961565971375 36
1689088390228 0.4644240140914917 37
1689088390241 0.46159785985946655 38
1689088390255 0.4587811231613159 39
1689088390267 0.4559731185436249 40
1689088390280 0.4531739354133606 41
1689088390294 0.4503832757472992 42
1689088390307 0.44760099053382874 43
1689088390320 0.44482678174972534 44
1689088390393 0.4420607089996338 45
1689088390405 0.4393026828765869 46
1689088390421 0.436552494764328 47
1689088390433 0.4338100850582123 48
1689088390446 0.43107545375823975 49
1689088390460 0.4283486306667328 50
1689088390474 0.4256296157836914 51
1689088390488 0.42291828989982605 52
1689088390500 0.4202147126197815 53
1689088390513 0.41751906275749207 54
1689088390527 0.41483113169670105 55
1689088390540 0.41215115785598755 56
1689088390554 0.409479022026062 57
1689088390567 0.4068148732185364 58
1689088390580 0.4041587710380554 59
1689088390594 0.4015108048915863 60
1689088390608 0.39887112379074097 61
1689088390622 0.3962395191192627 62
1689088390634 0.39361631870269775 63
1689088390647 0.39100155234336853 64
1689088390662 0.38839536905288696 65
1689088390676 0.3857977092266083 66
1689088390692 0.3832087516784668 67
1689088390708 0.3806284964084625 68
1689088390723 0.3798788785934448 69
1689088390736 0.3809513747692108 70
1689088390748 0.38198772072792053 71
1689088390762 0.3829856216907501 72
1689088390776 0.3839423656463623 73
1689088390790 0.3848552703857422 74
1689088390804 0.3857210874557495 75
1689088390817 0.3865366578102112 76
1689088390829 0.38729843497276306 77
1689088390843 0.3880023658275604 78
1689088390856 0.3886440396308899 79
1689088390869 0.38921934366226196 80
1689088390882 0.389723002910614 81
1689088390896 0.3901497423648834 82
1689088390910 0.3904942274093628 83
1689088390923 0.3907504975795746 84
1689088391036 0.3909124433994293 85
1689088391049 0.3909740447998047 86
1689088391062 0.39092904329299927 87
1689088391076 0.3907715976238251 88
1689088391090 0.3904959559440613 89
1689088391104 0.39009737968444824 90
1689088391117 0.3895719647407532 91
1689088391129 0.38891690969467163 92
1689088391144 0.38813120126724243 93
1689088391159 0.38721537590026855 94
1689088391178 0.38617199659347534 95
1689088391198 0.38500547409057617 96
1689088391225 0.3837217688560486 97
1689088391254 0.38232865929603577 98
1689088391276 0.3808344900608063 99
1689088391294 0.3792489469051361 100
1689088391309 0.37758147716522217 101
1689088391323 0.37584173679351807 102
1689088391337 0.3740387558937073 103
1689088391351 0.3721809387207031 104
1689088391363 0.37027624249458313 105
1689088391377 0.3683316111564636 106
1689088391390 0.3663530945777893 107
1689088391404 0.3643459379673004 108
1689088391417 0.36231496930122375 109
1689088391430 0.36026397347450256 110
1689088391444 0.3581962585449219 111
1689088391456 0.35611480474472046 112
1689088391471 0.3540220856666565 113
1689088391483 0.3519200384616852 114
1689088391496 0.3498106002807617 115
1689088391510 0.3476949632167816 116
1689088391528 0.3455747365951538 117
1689088391541 0.3434509336948395 118
1689088391568 0.3413243293762207 119
1689088391595 0.33919599652290344 120
1689088391615 0.33706653118133545 121
1689088391629 0.3349365293979645 122
1689088391644 0.33280664682388306 123
1689088391657 0.3306773006916046 124
1689088391671 0.3285489082336426 125
1689088391684 0.326421856880188 126
1689088391696 0.32429665327072144 127
1689088391710 0.3221733868122101 128
1689088391724 0.32005247473716736 129
1689088391738 0.31793415546417236 130
1689088391751 0.3158186376094818 131
1689088391763 0.3137061297893524 132
1689088391776 0.31159690022468567 133
1689088391790 0.3094911575317383 134
1689088391804 0.3073890805244446 135
1689088391817 0.30529075860977173 136
1689088391831 0.30319640040397644 137
1689088391844 0.3011062741279602 138
1689088391857 0.299020379781723 139
1689088391872 0.29693907499313354 140
1689088391885 0.2948622405529022 141
1689088391897 0.2927902638912201 142
1689088391911 0.29072314500808716 143
1689088392057 0.2886611819267273 144
1689088392070 0.28660446405410767 145
1689088392084 0.28455305099487305 146
1689088392097 0.2825073301792145 147
1689088392110 0.2804671823978424 148
1689088392124 0.2784329950809479 149
1689088392138 0.2764050364494324 150
1689088392151 0.2743832468986511 151
1689088392163 0.272367924451828 152
1689088392178 0.27035924792289734 153
1689088392192 0.2683574855327606 154
1689088392207 0.2663627862930298 155
1689088392221 0.2643754780292511 156
1689088392233 0.2623957097530365 157
1689088392246 0.2604236900806427 158
1689088392259 0.25845974683761597 159
1689088392273 0.2565039396286011 160
1689088392287 0.2545565664768219 161
1689088392300 0.25261780619621277 162
1689088392312 0.250687837600708 163
1689088392325 0.2500000298023224 164
1689088392339 0.2500000596046448 165
1689088392353 0.25 166
1689088392365 0.25 167
1689088392379 0.25 168
1689088392392 0.2500000596046448 169
1689088392405 0.25 170
1689088392419 0.2500000298023224 171
1689088392431 0.2499999701976776 172
1689088392445 0.25 173
1689088392458 0.2499999701976776 174
1689088392472 0.24999995529651642 175
1689088392486 0.2499999850988388 176
1689088392498 0.25 177
1689088392511 0.2500000298023224 178
1689088392524 0.2500000596046448 179
1689088392538 0.24999995529651642 180
1689088392551 0.2499999850988388 181
1689088392565 0.25 182
1689088392578 0.25 183
1689088392592 0.25 184
1689088392606 0.25 185
1689088392619 0.2500000596046448 186
1689088392631 0.2499999850988388 187
1689088392644 0.2500000298023224 188
1689088392657 0.2499999701976776 189
1689088392671 0.2500000298023224 190
1689088392684 0.2499999701976776 191
1689088392696 0.2500000298023224 192
1689088392710 0.24999995529651642 193
1689088392724 0.2500000298023224 194
1689088392737 0.2500000298023224 195
1689088392749 0.2500000596046448 196
1689088392762 0.2500000298023224 197
1689088392775 0.2500000596046448 198
1689088392789 0.24999994039535522 199
1689088392803 0.25 200
1689088392816 0.24999994039535522 201
1689088392828 0.2500000596046448 202
1689088392842 0.2499999850988388 203
1689088392856 0.2499999850988388 204
1689088392869 0.2500000298023224 205
1689088392881 0.24999994039535522 206
1689088392895 0.24999994039535522 207
1689088392909 0.2500000298023224 208
1689088392921 0.2499999850988388 209
1689088392940 0.25 210
1689088392956 0.25 211
1689088392973 0.25 212
1689088392988 0.25 213
1689088393006 0.2499999701976776 214
1689088393021 0.2499999701976776 215
1689088393038 0.24999995529651642 216
1689088393051 0.24999992549419403 217
1689088393063 0.24999995529651642 218
1689088393077 0.25 219
1689088393090 0.25 220
1689088393104 0.2500000298023224 221
1689088393117 0.2500000298023224 222
1689088393130 0.25 223
1689088393144 0.25 224
1689088393159 0.2500000596046448 225
1689088393173 0.25 226
1689088393188 0.2499999850988388 227
1689088393202 0.25 228
1689088393214 0.2499999850988388 229
1689088393228 0.25 230
1689088393436 0.2500000298023224 231
1689088393448 0.2500000596046448 232
1689088393461 0.25 233
1689088393476 0.2500000596046448 234
1689088393489 0.2499999701976776 235
1689088393504 0.25 236
1689088393517 0.24999992549419403 237
1689088393532 0.2499999850988388 238
1689088393546 0.2499999701976776 239
1689088393562 0.2500000596046448 240
1689088393579 0.2499999850988388 241
1689088393595 0.24999994039535522 242
1689088393611 0.2499999701976776 243
1689088393627 0.25 244
1689088393643 0.2500000596046448 245
1689088393659 0.25 246
1689088393674 0.2500000298023224 247
1689088393688 0.24999991059303284 248
1689088393702 0.24999994039535522 249
1689088393713 0.25 250
1689088393730 0.2500000298023224 251
1689088393745 0.24999994039535522 252
1689088393759 0.24999994039535522 253
1689088393772 0.2499999701976776 254
1689088393786 0.2499999701976776 255
1689088393799 0.24999995529651642 256
1689088393812 0.24999994039535522 257
1689088393825 0.25 258
1689088393838 0.2500000298023224 259
1689088393852 0.24999994039535522 260
1689088393864 0.25 261
1689088393877 0.2500000596046448 262
1689088393891 0.25 263
1689088393904 0.24999991059303284 264
1689088393917 0.25 265
1689088393929 0.25000011920928955 266
1689088393943 0.25 267
1689088393956 0.25 268
1689088393970 0.2500000596046448 269
1689088393985 0.2499999701976776 270
1689088394001 0.25 271
1689088394018 0.25 272
1689088394032 0.2500000298023224 273
1689088394044 0.25 274
1689088394059 0.2500000298023224 275
1689088394072 0.2499999850988388 276
1689088394085 0.2500000298023224 277
1689088394097 0.2499999850988388 278
1689088394112 0.24999995529651642 279
1689088394126 0.2500000596046448 280
1689088394140 0.2499999701976776 281
1689088394152 0.2500000596046448 282
1689088394164 0.2500000298023224 283
1689088394178 0.24999992549419403 284
1689088394192 0.25 285
1689088394205 0.25 286
1689088394218 0.2500000596046448 287
1689088394230 0.24999994039535522 288
1689088394243 0.25 289
1689088394256 0.2499999850988388 290
1689088394269 0.25000008940696716 291
1689088394283 0.2500000298023224 292
1689088394297 0.2500000596046448 293
1689088394310 0.2499999701976776 294
1689088394325 0.2499999701976776 295
1689088394339 0.24999995529651642 296
1689088394353 0.25 297
1689088394366 0.25 298
1689088394379 0.25 299
1689088394393 0.2500000596046448 300
1689088394406 0.2500000298023224 301
1689088394419 0.2499999701976776 302
1689088394434 0.25 303
1689088394446 0.2499999701976776 304
1689088394467 0.2500000596046448 305
1689088394498 0.2500000298023224 306
1689088394519 0.24999995529651642 307
1689088394532 0.25 308
1689088394545 0.25 309
1689088394560 0.2500000596046448 310
1689088394574 0.2499999701976776 311
1689088394589 0.2500000596046448 312
1689088394603 0.25 313
1689088394617 0.2499999850988388 314
1689088394629 0.2500000298023224 315
1689088394644 0.25 316
1689088394658 0.2500000298023224 317
1689088394671 0.25 318
1689088394685 0.2500000596046448 319
1689088394697 0.25 320
1689088394711 0.25 321
1689088394724 0.2499999701976776 322
1689088394738 0.2499999701976776 323
1689088394751 0.25 324
1689088394764 0.2499999701976776 325
1689088394777 0.2500000596046448 326
1689088394791 0.25 327
1689088394804 0.25 328
1689088394817 0.2500000596046448 329
1689088394830 0.25 330
1689088394844 0.2499999701976776 331
1689088394857 0.25 332
1689088394871 0.25 333
1689088394883 0.2499999850988388 334
1689088394895 0.2500000596046448 335
1689088394909 0.2499999850988388 336
1689088394922 0.24999994039535522 337
1689088394935 0.25 338
1689088394947 0.2499999701976776 339
1689088394960 0.25 340
1689088394974 0.25 341
1689088394988 0.2500000596046448 342
1689088395000 0.25 343
1689088395012 0.25 344
1689088395026 0.25 345
1689088395039 0.25 346
1689088395053 0.2499999701976776 347
1689088395065 0.24999995529651642 348
1689088395077 0.24999991059303284 349
1689088395091 0.25 350
1689088395105 0.25 351
1689088395118 0.25 352
1689088395130 0.2499999701976776 353
1689088395145 0.25 354
1689088395158 0.24999995529651642 355
