1690137122280 0.5522908568382263 0
1690137122320 0.50007563829422 1
1690137122336 0.5000454783439636 2
1690137122352 0.5000239610671997 3
1690137122368 0.5000100135803223 4
1690137122384 0.500002384185791 5
1690137122400 0.49999988079071045 6
1690137122408 0.5000011920928955 7
1690137122424 0.5000051259994507 8
1690137122440 0.5000104904174805 9
1690137122456 0.5000163316726685 10
1690137122513 0.5000218152999878 11
1690137122528 0.5000261068344116 12
1690137122545 0.5000285506248474 13
1690137122561 0.5000286102294922 14
1690137122577 0.5000259876251221 15
1690137122585 0.5000202059745789 16
1690137122609 0.500011146068573 17
1690137122617 0.499998539686203 18
1690137122633 0.4999823272228241 19
1690137122657 0.49996238946914673 20
1690137122673 0.4999386668205261 21
1690137122689 0.49991101026535034 22
1690137122705 0.49987947940826416 23
1690137122721 0.4998438060283661 24
1690137122737 0.49980393052101135 25
1690137122753 0.49975961446762085 26
1690137122761 0.4997105598449707 27
1690137122777 0.49965643882751465 28
1690137122793 0.4995967149734497 29
1690137122809 0.49953076243400574 30
1690137122825 0.4994578957557678 31
1690137122841 0.49937713146209717 32
1690137122857 0.4992874264717102 33
1690137122945 0.4991874396800995 34
1690137122961 0.49907559156417847 35
1690137122977 0.49894994497299194 36
1690137122993 0.4988083839416504 37
1690137123009 0.49864816665649414 38
1690137123025 0.49846625328063965 39
1690137123033 0.4982589781284332 40
1690137123057 0.49802201986312866 41
1690137123065 0.49775028228759766 42
1690137123084 0.49743789434432983 43
1690137123105 0.4970777928829193 44
1690137123121 0.4966617822647095 45
1690137123137 0.49618035554885864 46
1690137123153 0.4956222176551819 47
1690137123169 0.4949743151664734 48
1690137123185 0.49422112107276917 49
1690137123201 0.4933444857597351 50
1690137123217 0.4923226237297058 51
1690137123241 0.4911300241947174 52
1690137123249 0.48973625898361206 53
1690137123265 0.488105833530426 54
1690137123284 0.48619765043258667 55
1690137123305 0.483964741230011 56
1690137123329 0.481353759765625 57
1690137123345 0.4783041477203369 58
1690137123361 0.4747469425201416 59
1690137123385 0.4706035256385803 60
1690137123401 0.4657857120037079 61
1690137123425 0.46019911766052246 62
1690137123449 0.4537484049797058 63
1690137123466 0.4463411569595337 64
1690137123474 0.43788987398147583 65
1690137123498 0.4283131957054138 66
1690137123514 0.41753703355789185 67
1690137123530 0.4054984450340271 68
1690137123546 0.39215248823165894 69
1690137123570 0.37747636437416077 70
1690137123758 0.3614654839038849 71
1690137123793 0.3636365532875061 72
1690137123825 0.35875022411346436 73
1690137123849 0.3384890556335449 74
1690137123885 0.32746434211730957 75
1690137123913 0.325577974319458 76
1690137123937 0.32137027382850647 77
1690137123961 0.31460076570510864 78
1690137123977 0.3052873909473419 79
1690137123993 0.2936168909072876 80
1690137124009 0.27987468242645264 81
1690137124025 0.2643928527832031 82
1690137124041 0.2663865387439728 83
1690137124057 0.2841436564922333 84
1690137124073 0.2909635901451111 85
1690137124089 0.28811341524124146 86
1690137124113 0.2868911027908325 87
1690137124145 0.2866278290748596 88
1690137124185 0.27561596035957336 89
1690137124209 0.26377272605895996 90
1690137124225 0.27090731263160706 91
1690137124249 0.2651526927947998 92
1690137124273 0.2683776319026947 93
1690137124297 0.26809442043304443 94
1690137124321 0.27072635293006897 95
1690137124345 0.27155816555023193 96
1690137124369 0.26873281598091125 97
1690137124385 0.26898035407066345 98
1690137124401 0.26626360416412354 99
1690137124417 0.26097404956817627 100
1690137124433 0.26476919651031494 101
1690137124449 0.26014697551727295 102
1690137124465 0.26278501749038696 103
1690137124473 0.263987272977829 104
1690137124489 0.2595385015010834 105
1690137124505 0.26142796874046326 106
1690137124521 0.2591371238231659 107
1690137124537 0.2607480585575104 108
1690137124553 0.2646579146385193 109
1690137124569 0.26553210616111755 110
1690137124585 0.26370203495025635 111
1690137124601 0.2604942321777344 112
1690137124617 0.2542436718940735 113
1690137124625 0.25578445196151733 114
1690137124641 0.2563158869743347 115
1690137124665 0.2570973038673401 116
1690137124673 0.2591910660266876 117
1690137124689 0.25470441579818726 118
1690137124705 0.26240473985671997 119
1690137124729 0.25906622409820557 120
1690137124745 0.2567940950393677 121
1690137124761 0.2627660036087036 122
1690137124777 0.26464954018592834 123
1690137124793 0.25949767231941223 124
1690137124809 0.2605412006378174 125
1690137124849 0.2631193697452545 126
1690137124873 0.26339587569236755 127
1690137124897 0.2584153413772583 128
1690137124921 0.25455400347709656 129
1690137124937 0.2551902234554291 130
