1690137421824 0.5787961483001709 0
1690137421864 0.4976588487625122 1
1690137421880 0.4938850402832031 2
1690137421897 0.4906463027000427 3
1690137421913 0.4876914322376251 4
1690137421929 0.4848981201648712 5
1690137421953 0.48219504952430725 6
1690137421969 0.47953611612319946 7
1690137421985 0.4768904745578766 8
1690137422033 0.4742371439933777 9
1690137422049 0.47156205773353577 10
1690137422065 0.46885600686073303 11
1690137422081 0.46611329913139343 12
1690137422097 0.4633304178714752 13
1690137422113 0.460504949092865 14
1690137422129 0.45763522386550903 15
1690137422145 0.45471927523612976 16
1690137422161 0.46183666586875916 17
1690137422177 0.45255246758461 18
1690137422201 0.4487779140472412 19
1690137422217 0.44750601053237915 20
1690137422225 0.44606834650039673 21
1690137422241 0.4444739818572998 22
1690137422257 0.4427297115325928 23
1690137422273 0.4408402144908905 24
1690137422297 0.4388086795806885 25
1690137422313 0.4366365075111389 26
1690137422401 0.43432387709617615 27
1690137422417 0.43186986446380615 28
1690137422433 0.42927226424217224 29
1690137422449 0.4265280067920685 30
1690137422465 0.4236331284046173 31
1690137422481 0.4205825626850128 32
1690137422497 0.4173709452152252 33
1690137422513 0.4139917492866516 34
1690137422537 0.41043800115585327 35
1690137422545 0.4067021310329437 36
1690137422561 0.4027761220932007 37
1690137422585 0.39865127205848694 38
1690137422601 0.3943186104297638 39
1690137422617 0.38976895809173584 40
1690137422641 0.3849928677082062 41
1690137422657 0.3799806833267212 42
1690137422665 0.37472283840179443 43
1690137422681 0.36920979619026184 44
1690137422697 0.36938798427581787 45
1690137422713 0.35917744040489197 46
1690137422729 0.3545950651168823 47
1690137422737 0.34968215227127075 48
1690137422753 0.34443578124046326 49
1690137422769 0.3388527035713196 50
1690137422785 0.33292946219444275 51
1690137422801 0.3266631066799164 52
1690137422817 0.32004985213279724 53
1690137422833 0.31308668851852417 54
1690137422849 0.30576977133750916 55
1690137422865 0.30040663480758667 56
1690137422881 0.2924773693084717 57
1690137422889 0.2925555109977722 58
1690137422909 0.28568610548973083 59
1690137422921 0.28532761335372925 60
1690137422953 0.29038339853286743 61
1690137423001 0.2810894846916199 62
1690137423025 0.28821516036987305 63
1690137423192 0.27970337867736816 64
1690137423202 0.2615472078323364 65
1690137423218 0.26199379563331604 66
1690137423234 0.25983357429504395 67
1690137423258 0.258245587348938 68
1690137423274 0.25669384002685547 69
1690137423298 0.2544466555118561 70
1690137423309 0.2563999593257904 71
1690137423330 0.2528323531150818 72
1690137423346 0.2575472593307495 73
1690137423362 0.25060102343559265 74
1690137423370 0.24887871742248535 75
1690137423394 0.2464156448841095 76
1690137423410 0.2468780279159546 77
1690137423427 0.24142369627952576 78
1690137423443 0.23881034553050995 79
1690137423459 0.23672518134117126 80
1690137423475 0.23700715601444244 81
1690137423491 0.24126408994197845 82
1690137423515 0.24274246394634247 83
1690137423531 0.23259291052818298 84
1690137423555 0.24952106177806854 85
1690137423571 0.23367342352867126 86
1690137423579 0.24034996330738068 87
1690137423595 0.25169628858566284 88
1690137423611 0.2515425682067871 89
1690137423627 0.241105854511261 90
1690137423643 0.23692898452281952 91
1690137423659 0.23615139722824097 92
1690137423675 0.2409588098526001 93
1690137423691 0.23569455742835999 94
1690137423715 0.23581571877002716 95
1690137423731 0.23488037288188934 96
1690137423747 0.2329677790403366 97
1690137423763 0.2301560938358307 98
1690137423779 0.22652210295200348 99
1690137423795 0.22214072942733765 100
1690137423819 0.21708394587039948 101
1690137423835 0.22044111788272858 102
1690137423851 0.21452303230762482 103
1690137423875 0.2209753841161728 104
1690137423907 0.21688033640384674 105
1690137423939 0.21077831089496613 106
1690137423963 0.20777828991413116 107
1690137423987 0.20262457430362701 108
1690137424003 0.20931071043014526 109
1690137424019 0.2071484625339508 110
1690137424035 0.20598050951957703 111
1690137424051 0.211435467004776 112
1690137424067 0.20964199304580688 113
1690137424075 0.20692536234855652 114
1690137424091 0.20700766146183014 115
1690137424110 0.20591968297958374 116
1690137424123 0.20887522399425507 117
1690137424147 0.20253905653953552 118
1690137424365 0.19743084907531738 119
1690137424396 0.20486150681972504 120
1690137424420 0.19254392385482788 121
1690137424436 0.1908721774816513 122
1690137424452 0.1881755292415619 123
1690137424468 0.18883706629276276 124
1690137424485 0.1839272677898407 125
1690137424500 0.19367054104804993 126
1690137424510 0.18796363472938538 127
1690137424532 0.1905091106891632 128
1690137424548 0.18313875794410706 129
1690137424564 0.18505819141864777 130
1690137424580 0.1885070949792862 131
1690137424596 0.18030549585819244 132
1690137424610 0.1876438409090042 133
1690137424620 0.18880999088287354 134
1690137424636 0.18226513266563416 135
1690137424652 0.1805683821439743 136
1690137424668 0.17770950496196747 137
1690137424684 0.1737964004278183 138
1690137424692 0.1847926825284958 139
1690137424711 0.16830018162727356 140
1690137424725 0.16645348072052002 141
1690137424741 0.1706949770450592 142
1690137424757 0.16728171706199646 143
1690137424781 0.15999925136566162 144
1690137424797 0.15825344622135162 145
1690137424813 0.16922250390052795 146
1690137424829 0.17502009868621826 147
1690137424845 0.17074117064476013 148
1690137424861 0.15735630691051483 149
1690137424877 0.15962524712085724 150
1690137424893 0.15587155520915985 151
1690137424911 0.15221956372261047 152
1690137424925 0.1531655639410019 153
1690137424941 0.1556270271539688 154
1690137424957 0.15095412731170654 155
1690137424965 0.1479780524969101 156
1690137424981 0.1438358724117279 157
1690137424997 0.1386549174785614 158
1690137425013 0.14349833130836487 159
1690137425029 0.13467998802661896 160
1690137425045 0.13615170121192932 161
1690137425053 0.130205899477005 162
1690137425069 0.1283973902463913 163
1690137425085 0.12434454262256622 164
1690137425101 0.12501561641693115 165
1690137425117 0.1295103132724762 166
1690137425133 0.12475596368312836 167
1690137425149 0.12788018584251404 168
1690137425165 0.12729452550411224 169
1690137425181 0.11793560534715652 170
1690137425205 0.1146119013428688 171
1690137425229 0.11962798237800598 172
1690137425245 0.11059083044528961 173
1690137425261 0.1116766482591629 174
1690137425277 0.10829149186611176 175
1690137425293 0.10358209162950516 176
1690137425311 0.11463040113449097 177
1690137425325 0.09911046177148819 178
1690137425341 0.09792421013116837 179
1690137425357 0.09908206760883331 180
1690137425381 0.09230963885784149 181
1690137425397 0.09871228039264679 182
1690137425413 0.10123226791620255 183
1690137425429 0.08590146154165268 184
1690137425453 0.08949530869722366 185
1690137425469 0.08504055440425873 186
1690137425485 0.08235783874988556 187
1690137425501 0.07821199297904968 188
1690137425517 0.08254952728748322 189
1690137425525 0.07555179297924042 190
1690137425557 0.06842849403619766 191
1690137425573 0.07414580881595612 192
1690137425589 0.07025998085737228 193
1690137425605 0.06929326057434082 194
1690137425621 0.07409662753343582 195
1690137425637 0.0655699148774147 196
1690137425661 0.052857622504234314 197
1690137425677 0.05175284296274185 198
1690137425693 0.04905477911233902 199
1690137446119 0.04735913127660751 0
