1690137225062 0.5003018975257874 0
1690137225118 0.499131441116333 1
1690137225134 0.49800488352775574 2
1690137225158 0.49679869413375854 3
1690137225174 0.49542951583862305 4
1690137225198 0.4938342571258545 5
1690137225214 0.4919697642326355 6
1690137225230 0.4898082911968231 7
1690137225254 0.48733100295066833 8
1690137225270 0.48451918363571167 9
1690137225286 0.4860052764415741 10
1690137225303 0.4807683229446411 11
1690137225383 0.48008307814598083 12
1690137225397 0.4792845845222473 13
1690137225415 0.4783706068992615 14
1690137225431 0.4773346781730652 15
1690137225447 0.47616681456565857 16
1690137225455 0.4748544692993164 17
1690137225471 0.47338300943374634 18
1690137225487 0.47173622250556946 19
1690137225503 0.4698966145515442 20
1690137225527 0.46784546971321106 21
1690137225551 0.46556317806243896 22
1690137225567 0.46302902698516846 23
1690137225583 0.4602212905883789 24
1690137225599 0.4571170508861542 25
1690137225615 0.45369213819503784 26
1690137225631 0.4499210715293884 27
1690137225647 0.44577711820602417 28
1690137225671 0.44123217463493347 29
1690137225687 0.43625664710998535 30
1690137225703 0.4308198392391205 31
1690137225719 0.42488986253738403 32
1690137225743 0.4184338450431824 33
1690137225767 0.41141819953918457 34
1690137225783 0.40380859375 35
1690137225799 0.3955705463886261 36
1690137225823 0.39810261130332947 37
1690137225847 0.38185369968414307 38
1690137225871 0.37635040283203125 39
1690137225879 0.3701479434967041 40
1690137225898 0.363232284784317 41
1690137225911 0.3555872142314911 42
1690137225935 0.3471950590610504 43
1690137225951 0.3439720869064331 44
1690137226098 0.3329788148403168 45
1690137226111 0.32702159881591797 46
1690137226127 0.32016700506210327 47
1690137226143 0.31241363286972046 48
1690137226159 0.317567378282547 49
1690137226167 0.2950233221054077 50
1690137226183 0.32207199931144714 51
1690137226207 0.3340029716491699 52
1690137226215 0.3245288133621216 53
1690137226231 0.2976715564727783 54
1690137226247 0.3034542202949524 55
1690137226263 0.3177666664123535 56
1690137226279 0.31270718574523926 57
1690137226298 0.2916819453239441 58
1690137226312 0.2864082455635071 59
1690137226328 0.31106990575790405 60
1690137226344 0.3178941607475281 61
1690137226360 0.30890798568725586 62
1690137226376 0.2863369882106781 63
1690137226392 0.27608856558799744 64
1690137226400 0.29011070728302 65
1690137226416 0.28888726234436035 66
1690137226432 0.2745242416858673 67
1690137226448 0.27282965183258057 68
1690137226464 0.2815025746822357 69
1690137226480 0.27607208490371704 70
1690137226498 0.2648566663265228 71
1690137226512 0.27280503511428833 72
1690137226528 0.27211785316467285 73
1690137226536 0.26396444439888 74
1690137226552 0.2695767879486084 75
1690137226568 0.26852577924728394 76
1690137226584 0.2609415650367737 77
1690137226608 0.2689385414123535 78
1690137226624 0.2657510042190552 79
1690137226632 0.26205676794052124 80
1690137226648 0.26271599531173706 81
1690137226664 0.2609843611717224 82
1690137226680 0.25929558277130127 83
1690137226698 0.26512831449508667 84
1690137226712 0.26455676555633545 85
1690137226728 0.25945210456848145 86
1690137226744 0.27056989073753357 87
1690137226768 0.2707202434539795 88
1690137226784 0.2600010633468628 89
1690137226800 0.2692886292934418 90
1690137226816 0.27614089846611023 91
1690137226832 0.2706579864025116 92
1690137226848 0.25421908497810364 93
1690137226864 0.2768236994743347 94
1690137226880 0.28822797536849976 95
1690137226896 0.28813767433166504 96
1690137226904 0.27784016728401184 97
1690137226920 0.2584589421749115 98
1690137226936 0.2727878987789154 99
1690137226952 0.2868839204311371 100
1690137226968 0.2882777154445648 101
1690137226984 0.2782942056655884 102
1690137227008 0.25812411308288574 103
1690137227024 0.26781290769577026 104
1690137227032 0.28162842988967896 105
1690137227048 0.2843000292778015 106
1690137227064 0.27706292271614075 107
1690137227080 0.26101088523864746 108
1690137227099 0.2548295855522156 109
1690137227112 0.2654505968093872 110
1690137227136 0.26369017362594604 111
1690137227160 0.2525855004787445 112
1690137227184 0.2527696490287781 113
1690137227208 0.2517867088317871 114
1690137227232 0.2515465021133423 115
1690137227577 0.2464466691017151 116
1690137227601 0.24228090047836304 117
1690137227633 0.24441787600517273 118
1690137227657 0.2382630705833435 119
1690137227681 0.24554425477981567 120
1690137227697 0.24772341549396515 121
1690137227713 0.24005642533302307 122
1690137227729 0.2361333966255188 123
1690137227753 0.24405649304389954 124
1690137227761 0.23982106149196625 125
1690137227777 0.22570180892944336 126
1690137227799 0.2313000112771988 127
1690137227809 0.2316630780696869 128
1690137227825 0.2222386598587036 129
1690137227841 0.214566171169281 130
1690137227857 0.2137501835823059 131
1690137227865 0.21236571669578552 132
1690137227881 0.211064413189888 133
1690137227899 0.2084829956293106 134
1690137227913 0.20465567708015442 135
1690137227986 0.19977068901062012 136
1690137228010 0.19384953379631042 137
1690137228026 0.19072628021240234 138
1690137228042 0.18177564442157745 139
1690137228058 0.17541414499282837 140
1690137228074 0.1720576137304306 141
1690137228090 0.17013052105903625 142
1690137228106 0.1771080493927002 143
1690137228114 0.16458551585674286 144
1690137228130 0.16519644856452942 145
1690137228146 0.15541738271713257 146
1690137228162 0.15617647767066956 147
1690137228178 0.15191568434238434 148
1690137228194 0.1416635811328888 149
1690137228210 0.14273960888385773 150
1690137228218 0.13293537497520447 151
1690137228234 0.12866313755512238 152
1690137228250 0.1264803409576416 153
1690137228274 0.12283538281917572 154
1690137228300 0.12126456201076508 155
1690137228314 0.11388109624385834 156
1690137228346 0.10849256813526154 157
1690137228370 0.10156741738319397 158
1690137228386 0.09321583807468414 159
1690137228410 0.08716840296983719 160
1690137228434 0.07335960119962692 161
1690137228450 0.07934468984603882 162
1690137228466 0.0672907903790474 163
1690137228490 0.06750417500734329 164
1690137228506 0.058437831699848175 165
1690137228522 0.055894188582897186 166
1690137228538 0.06120578944683075 167
1690137228554 0.03848033398389816 168
1690137228570 0.032737232744693756 169
1690137228586 0.026271216571331024 170
1690137228602 0.018995389342308044 171
1690137228618 0.016627565026283264 172
1690137228626 0.03916401416063309 173
1690137228650 0.034821152687072754 174
1690137228658 0.0263560488820076 175
1690137228682 0.03946620225906372 176
1690137228698 0.03451786935329437 177
1690137228706 0.025972619652748108 178
1690137228730 0.03343459963798523 179
1690137228746 0.04515150934457779 180
1690137228762 0.03370983898639679 181
1690137228786 0.034710563719272614 182
1690137228800 0.04311580955982208 183
1690137228810 0.03913813829421997 184
1690137228826 0.036548323929309845 185
1690137228842 0.034170255064964294 186
1690137228858 0.022734247148036957 187
1690137228875 0.02618923783302307 188
1690137228891 0.010273285210132599 189
1690137228907 0.012874402105808258 190
1690137228923 0.010463990271091461 191
1690137228939 0.019113346934318542 192
1690137228955 0.016202107071876526 193
1690137228971 0.016585081815719604 194
1690137228987 0.017939507961273193 195
1690137229003 0.017797157168388367 196
1690137229019 0.017494842410087585 197
1690137229027 0.02925056219100952 198
1690137229043 0.016367226839065552 199
1690137250719 0.023385167121887207 0
