1690141564513 1.346413493156433 0
1690141564808 1.23465096950531 1
1690141565062 1.1180317401885986 2
1690141565310 0.9799259901046753 3
1690141565561 0.8229333758354187 4
1690141565885 0.653372049331665 5
1690141566132 0.4805336594581604 6
1690141566380 0.31935983896255493 7
1690141566672 0.1888856440782547 8
1690141566910 0.09414807707071304 9
1690141567151 0.04158826917409897 10
1690141567425 0.01731014810502529 11
1690141567703 0.00740432133898139 12
1690141567951 0.003558545373380184 13
1690141568184 0.00214995420537889 14
1690141568430 0.001491811592131853 15
1690141568694 0.0011276514269411564 16
1690141568940 0.0008859833469614387 17
1690141569176 0.0007045865640975535 18
1690141569443 0.0005674119456671178 19
1690141569733 0.00046090653631836176 20
1690141570034 0.0003743346023838967 21
1690141570287 0.0003088161756750196 22
1690141570533 0.0002576389233581722 23
1690141570769 0.00021534589177463204 24
1690141571023 0.00017915807256940752 25
1690141571277 0.00015094768605194986 26
1690141571530 0.00012954343401361257 27
1690141571792 0.00010883819777518511 28
1690141572038 9.29692541831173e-05 29
1690141572272 7.97342654550448e-05 30
1690141572517 7.022769568720832e-05 31
1690141572776 5.990608406136744e-05 32
1690141573013 5.1954710215795785e-05 33
1690141573258 4.539702786132693e-05 34
1690141573502 3.990325421909802e-05 35
1690141573757 3.469999137450941e-05 36
1690141574007 3.060598101001233e-05 37
1690141574256 2.7077556296717376e-05 38
1690141574514 2.3722826881567016e-05 39
1690141574761 2.083204708469566e-05 40
1690141574993 1.8434548110235482e-05 41
1690141575224 1.6365931514883414e-05 42
1690141575471 1.44752475534915e-05 43
1690141575715 1.2774648894264828e-05 44
1690141575965 1.1413492757128552e-05 45
1690141576207 1.0052741345134564e-05 46
1690141576448 9.08883612282807e-06 47
1690141576686 8.001007699931506e-06 48
1690141576934 7.100728907971643e-06 49
1690141577224 6.374544682330452e-06 50
1690141577476 5.690900707122637e-06 51
1690141577721 4.986675776308402e-06 52
1690141577978 4.536709184321808e-06 53
1690141578239 4.103934770682827e-06 54
1690141578476 3.542614422258339e-06 55
1690141578720 3.211221383025986e-06 56
1690141578965 2.886830543502583e-06 57
1690141579207 2.645823542479775e-06 58
1690141579449 2.382486854912713e-06 59
1690141579697 2.1443579498736653e-06 60
1690141579942 1.9439619336480973e-06 61
1690141580187 1.801960479497211e-06 62
1690141580434 1.630892825232877e-06 63
1690141580691 1.5013881693448639e-06 64
1690141580946 1.369634901493555e-06 65
1690141581195 1.282986545447784e-06 66
1690141581463 1.169008100987412e-06 67
1690141581716 1.057846702678944e-06 68
1690141581959 9.577992159393034e-07 69
1690141582236 8.796459383120236e-07 70
1690141582481 8.001888431863335e-07 71
1690141582732 7.611396881657129e-07 72
1690141582975 6.841631261522707e-07 73
1690141583210 6.235938485588122e-07 74
1690141583466 5.847520583301957e-07 75
1690141583702 5.435043135548767e-07 76
1690141583946 4.924714858134394e-07 77
1690141584194 4.5774163481837604e-07 78
1690141584447 4.178807273547136e-07 79
