1690141564513 1.0022062063217163 0
1690141564808 0.9613598585128784 1
1690141565062 0.9162797331809998 2
1690141565310 0.856611967086792 3
1690141565561 0.7843770980834961 4
1690141565885 0.698676347732544 5
1690141566132 0.5971266627311707 6
1690141566380 0.4851547181606293 7
1690141566672 0.3705601394176483 8
1690141566910 0.2571633756160736 9
1690141567151 0.16613218188285828 10
1690141567425 0.10015659779310226 11
1690141567703 0.057501472532749176 12
1690141567951 0.03324916586279869 13
1690141568184 0.02285834215581417 14
1690141568430 0.018118232488632202 15
1690141568694 0.017709294334053993 16
1690141568940 0.01567062735557556 17
1690141569176 0.013902983628213406 18
1690141569443 0.01222939696162939 19
1690141569733 0.010907016694545746 20
1690141570034 0.00980551727116108 21
1690141570287 0.008840421214699745 22
1690141570533 0.00797367189079523 23
1690141570769 0.007015551440417767 24
1690141571023 0.006561429239809513 25
1690141571277 0.005657907575368881 26
1690141571530 0.005230019334703684 27
1690141571792 0.005058084614574909 28
1690141572038 0.004425646737217903 29
1690141572272 0.003920288756489754 30
1690141572517 0.0037343627773225307 31
1690141572776 0.0035216312389820814 32
1690141573013 0.002994862385094166 33
1690141573258 0.0027887006290256977 34
1690141573502 0.002585289767012 35
1690141573757 0.0024227655958384275 36
1690141574007 0.0021715399343520403 37
1690141574256 0.002070221584290266 38
1690141574514 0.002027802402153611 39
1690141574761 0.0016509605338796973 40
1690141574993 0.0016973797464743257 41
1690141575224 0.0015202995855361223 42
1690141575471 0.0014665626222267747 43
1690141575715 0.0012981422478333116 44
1690141575965 0.0012891435762867332 45
1690141576207 0.0010929940035566688 46
1690141576448 0.0011138718109577894 47
1690141576686 0.0009524435154162347 48
1690141576934 0.0008849585428833961 49
1690141577224 0.0008154127281159163 50
1690141577476 0.0008455913630314171 51
1690141577721 0.0007133364561013877 52
1690141577978 0.0007076027104631066 53
1690141578239 0.0007086976547725499 54
1690141578476 0.0005496725789271295 55
1690141578720 0.0005528119509108365 56
1690141578965 0.0004305242036934942 57
1690141579207 0.0005421090172603726 58
1690141579449 0.00046007439959794283 59
1690141579697 0.00043502607150003314 60
1690141579942 0.0003626000543590635 61
1690141580187 0.00040244354750029743 62
1690141580434 0.00036851855111308396 63
1690141580691 0.00034962393692694604 64
1690141580946 0.00027583035989664495 65
1690141581195 0.00038032163865864277 66
1690141581463 0.0003180593776050955 67
1690141581716 0.0002920677943620831 68
1690141581959 0.0002569729113020003 69
1690141582236 0.0002465084253344685 70
1690141582481 0.00018639575864654034 71
1690141582732 0.0002413148758932948 72
1690141582975 0.00020621647126972675 73
1690141583210 0.0001862023345893249 74
1690141583466 0.00021196153829805553 75
1690141583702 0.00022505965898744762 76
1690141583946 0.0001516751217423007 77
1690141584194 0.00014969751646276563 78
1690141584447 0.0001452111464459449 79
