1689602107055 2.6265909671783447 0
1689602107287 1.570537805557251 1
1689602107551 1.349241852760315 2
1689602107839 1.3423689603805542 3
1689602108209 1.3389209508895874 4
1689602108468 1.3405530452728271 5
1689602108815 1.3402304649353027 6
1689602109069 1.340947151184082 7
1689602109435 1.3417127132415771 8
1689602109737 1.3418781757354736 9
1689602110053 1.3393713235855103 10
1689602110342 1.3424164056777954 11
1689602110599 1.3434176445007324 12
1689602110854 1.3404699563980103 13
1689602111098 1.3411023616790771 14
1689602111354 1.3410292863845825 15
1689602111646 1.3460667133331299 16
1689602111912 1.3428430557250977 17
1689602112156 1.3420175313949585 18
1689602112406 1.3466554880142212 19
1689602112626 1.3393619060516357 20
1689602112851 1.3481438159942627 21
1689602113100 1.3395154476165771 22
1689602113310 1.3401342630386353 23
1689602113537 1.3443197011947632 24
1689602113756 1.340564250946045 25
1689602113993 1.3453168869018555 26
1689602114222 1.3481075763702393 27
1689602114445 1.3477363586425781 28
1689602114663 1.341348648071289 29
1689602114912 1.3490599393844604 30
1689602115181 1.340855598449707 31
1689602115479 1.3417620658874512 32
1689602115775 1.3390733003616333 33
1689602116053 1.3459781408309937 34
1689602116381 1.3427613973617554 35
1689602116672 1.3403033018112183 36
1689602116947 1.3406627178192139 37
1689602117178 1.3437702655792236 38
1689602117410 1.3453800678253174 39
1689602117701 1.3509207963943481 40
1689602117972 1.3383450508117676 41
1689602118228 1.3423770666122437 42
1689602118500 1.3437107801437378 43
1689602118747 1.3395226001739502 44
1689602119019 1.343479871749878 45
1689602119261 1.3452423810958862 46
1689602119513 1.3482987880706787 47
1689602119742 1.340378999710083 48
1689602120035 1.3400510549545288 49
1689602120279 1.3489539623260498 50
1689602120540 1.3411009311676025 51
1689602120825 1.340133547782898 52
1689602121072 1.3429890871047974 53
1689602121296 1.3465248346328735 54
1689602121531 1.3397417068481445 55
1689602121772 1.3402498960494995 56
1689602122003 1.346675157546997 57
1689602122242 1.339693307876587 58
1689602122471 1.3392360210418701 59
1689602122697 1.3438615798950195 60
1689602122986 1.3416917324066162 61
1689602123273 1.341172218322754 62
1689602123544 1.3354856967926025 63
1689602123781 1.3478575944900513 64
1689602123990 1.3410016298294067 65
1689602124207 1.344077229499817 66
1689602124424 1.3400447368621826 67
1689602124640 1.3402034044265747 68
1689602124859 1.3462847471237183 69
1689602125082 1.3405790328979492 70
1689602125306 1.3419156074523926 71
1689602125526 1.343699336051941 72
1689602125750 1.3435438871383667 73
1689602125980 1.3428415060043335 74
1689602126204 1.3457157611846924 75
1689602126406 1.3464254140853882 76
1689602126679 1.3419054746627808 77
1689602126897 1.3415597677230835 78
1689602127134 1.341345191001892 79
