1689602107055 1.3287075757980347 0
1689602107287 1.0673162937164307 1
1689602107551 1.002305269241333 2
1689602107839 1.0034823417663574 3
1689602108209 1.0010392665863037 4
1689602108468 1.0027722120285034 5
1689602108815 1.0021553039550781 6
1689602109069 1.0019506216049194 7
1689602109435 1.001582145690918 8
1689602109737 1.0023456811904907 9
1689602110053 1.002695083618164 10
1689602110342 1.002180576324463 11
1689602110599 1.0035138130187988 12
1689602110854 1.0017404556274414 13
1689602111098 1.0026153326034546 14
1689602111354 1.0011937618255615 15
1689602111646 1.0038456916809082 16
1689602111912 1.002511978149414 17
1689602112156 1.0023044347763062 18
1689602112406 1.0041356086730957 19
1689602112626 1.0015063285827637 20
1689602112851 1.0057692527770996 21
1689602113100 1.000302791595459 22
1689602113310 1.0016381740570068 23
1689602113537 1.0037903785705566 24
1689602113756 1.0040704011917114 25
1689602113993 1.0049428939819336 26
1689602114222 1.0053051710128784 27
1689602114445 1.0054377317428589 28
1689602114663 1.0034769773483276 29
1689602114912 1.0042095184326172 30
1689602115181 1.0020761489868164 31
1689602115479 1.00197434425354 32
1689602115775 1.0022711753845215 33
1689602116053 1.0039461851119995 34
1689602116381 1.0020897388458252 35
1689602116672 1.001481533050537 36
1689602116947 1.0022423267364502 37
1689602117178 1.0026687383651733 38
1689602117410 1.003222107887268 39
1689602117701 1.0058655738830566 40
1689602117972 1.0011539459228516 41
1689602118228 1.0038893222808838 42
1689602118500 1.0033687353134155 43
1689602118747 1.0018221139907837 44
1689602119019 1.0034116506576538 45
1689602119261 1.0044511556625366 46
1689602119513 1.0045944452285767 47
1689602119742 1.0032333135604858 48
1689602120035 1.0022960901260376 49
1689602120279 1.0058388710021973 50
1689602120540 1.0031083822250366 51
1689602120825 1.001838207244873 52
1689602121072 1.0030746459960938 53
1689602121296 1.0035051107406616 54
1689602121531 1.0016669034957886 55
1689602121772 1.0021392107009888 56
1689602122003 1.0050362348556519 57
1689602122242 1.0017142295837402 58
1689602122471 1.0022786855697632 59
1689602122697 1.0024023056030273 60
1689602122986 1.0026994943618774 61
1689602123273 1.0024431943893433 62
1689602123544 1.0012588500976562 63
1689602123781 1.005172610282898 64
1689602123990 1.0036050081253052 65
1689602124207 1.0041935443878174 66
1689602124424 1.0018620491027832 67
1689602124640 1.0022428035736084 68
1689602124859 1.0039952993392944 69
1689602125082 1.0017690658569336 70
1689602125306 1.0037990808486938 71
1689602125526 1.0054150819778442 72
1689602125750 1.0042856931686401 73
1689602125980 1.001073956489563 74
1689602126204 1.0046466588974 75
1689602126406 1.0039740800857544 76
1689602126679 1.002730131149292 77
1689602126897 1.0025806427001953 78
1689602127134 1.0038236379623413 79
