1689602540499 2.1107113361358643 0
1689602540957 1.537947654724121 1
1689602541438 1.3941885232925415 2
1689602541986 1.447953701019287 3
1689602542426 1.4542115926742554 4
1689602542904 1.4108326435089111 5
1689602543457 1.3839857578277588 6
1689602544018 1.376043438911438 7
1689602544564 1.353035807609558 8
1689602545026 1.3887661695480347 9
1689602545458 1.3697998523712158 10
1689602545888 1.3732662200927734 11
1689602546321 1.3709877729415894 12
1689602546757 1.3651845455169678 13
1689602547199 1.349701166152954 14
1689602547643 1.3576831817626953 15
1689602548095 1.360557198524475 16
1689602548551 1.3709602355957031 17
1689602548987 1.3683911561965942 18
1689602549437 1.365360975265503 19
1689602549862 1.3738664388656616 20
1689602550290 1.356512427330017 21
1689602550733 1.3631994724273682 22
1689602551166 1.3725303411483765 23
1689602551611 1.3689963817596436 24
1689602552034 1.3649706840515137 25
1689602552459 1.3521724939346313 26
1689602552892 1.3771154880523682 27
1689602553311 1.360324740409851 28
1689602553751 1.3768374919891357 29
1689602554179 1.3723115921020508 30
1689602554708 1.349450707435608 31
1689602555281 1.3609811067581177 32
1689602555791 1.362593650817871 33
1689602556336 1.3849087953567505 34
1689602556889 1.356363296508789 35
1689602557387 1.356938362121582 36
1689602557915 1.3533328771591187 37
1689602558465 1.3610895872116089 38
1689602558963 1.354337453842163 39
1689602559455 1.347077488899231 40
1689602559971 1.3729019165039062 41
1689602560421 1.3500916957855225 42
1689602560851 1.3562692403793335 43
1689602561332 1.3698803186416626 44
1689602561895 1.358768105506897 45
1689602562470 1.3631247282028198 46
1689602562991 1.3580578565597534 47
1689602563444 1.3591142892837524 48
1689602563876 1.359562635421753 49
1689602564339 1.3844115734100342 50
1689602564787 1.388226866722107 51
1689602565303 1.3598668575286865 52
1689602565780 1.3663183450698853 53
1689602566277 1.3615602254867554 54
1689602566784 1.3498904705047607 55
1689602567322 1.3759422302246094 56
1689602567809 1.357860803604126 57
1689602568227 1.365143060684204 58
1689602568648 1.3463661670684814 59
1689602569073 1.3988553285598755 60
1689602569489 1.3630250692367554 61
1689602569994 1.3725613355636597 62
1689602570440 1.3360841274261475 63
1689602570857 1.3857053518295288 64
1689602571273 1.347943663597107 65
1689602571685 1.3413814306259155 66
1689602572118 1.3648295402526855 67
1689602572523 1.3555219173431396 68
1689602572932 1.329988956451416 69
1689602573348 1.3680866956710815 70
1689602573752 1.3453278541564941 71
1689602574232 1.3749077320098877 72
1689602574631 1.3466356992721558 73
1689602575060 1.3590775728225708 74
1689602575451 1.3508576154708862 75
1689602575853 1.3445557355880737 76
1689602576259 1.3751541376113892 77
1689602576662 1.3692872524261475 78
1689602577062 1.385021686553955 79
