1689602540499 1.19939386844635 0
1689602540957 1.036726951599121 1
1689602541438 1.0051625967025757 2
1689602541986 1.0399202108383179 3
1689602542426 1.0291497707366943 4
1689602542904 1.0253112316131592 5
1689602543457 1.015807867050171 6
1689602544018 1.013796091079712 7
1689602544564 0.9996539950370789 8
1689602545026 1.0079519748687744 9
1689602545458 1.008898138999939 10
1689602545888 1.0097075700759888 11
1689602546321 1.0078767538070679 12
1689602546757 1.0068596601486206 13
1689602547199 1.0032273530960083 14
1689602547643 1.0058667659759521 15
1689602548095 1.0111191272735596 16
1689602548551 1.0141791105270386 17
1689602548987 1.0116589069366455 18
1689602549437 1.0074292421340942 19
1689602549862 1.0116933584213257 20
1689602550290 1.0053542852401733 21
1689602550733 1.0007988214492798 22
1689602551166 1.0108691453933716 23
1689602551611 1.0092464685440063 24
1689602552034 1.0141088962554932 25
1689602552459 1.0049232244491577 26
1689602552892 1.0084789991378784 27
1689602553311 1.010177493095398 28
1689602553751 1.015570044517517 29
1689602554179 1.0119743347167969 30
1689602554708 1.0074436664581299 31
1689602555281 1.0120476484298706 32
1689602555791 1.0130138397216797 33
1689602556336 1.019349217414856 34
1689602556889 1.0053268671035767 35
1689602557387 1.003131628036499 36
1689602557915 1.0016933679580688 37
1689602558465 1.004413366317749 38
1689602558963 1.0065211057662964 39
1689602559455 1.0004940032958984 40
1689602559971 1.0089317560195923 41
1689602560421 1.0058075189590454 42
1689602560851 1.0044885873794556 43
1689602561332 1.0065343379974365 44
1689602561895 1.0011656284332275 45
1689602562470 1.0065687894821167 46
1689602562991 1.0050196647644043 47
1689602563444 1.003261685371399 48
1689602563876 1.0046247243881226 49
1689602564339 1.011094331741333 50
1689602564787 1.0131560564041138 51
1689602565303 1.0001766681671143 52
1689602565780 1.0086729526519775 53
1689602566277 1.0081372261047363 54
1689602566784 0.9983641505241394 55
1689602567322 1.0142110586166382 56
1689602567809 1.005722999572754 57
1689602568227 1.012246012687683 58
1689602568648 1.0039786100387573 59
1689602569073 1.0086286067962646 60
1689602569489 1.0057251453399658 61
1689602569994 1.0151292085647583 62
1689602570440 0.9935572743415833 63
1689602570857 1.019173264503479 64
1689602571273 1.0019103288650513 65
1689602571685 0.9999926686286926 66
1689602572118 1.0075085163116455 67
1689602572523 1.002800464630127 68
1689602572932 0.9910311102867126 69
1689602573348 1.0048075914382935 70
1689602573752 0.9991872906684875 71
1689602574232 1.0110936164855957 72
1689602574631 1.001857876777649 73
1689602575060 1.0065414905548096 74
1689602575451 1.001043438911438 75
1689602575853 1.0027620792388916 76
1689602576259 1.000246524810791 77
1689602576662 1.009704351425171 78
1689602577062 1.0135681629180908 79
