1690192862830 1.0909925699234009 0
1690192863292 0.6907358765602112 1
1690192863762 0.41844508051872253 2
1690192864254 0.29556629061698914 3
1690192864718 0.21704673767089844 4
1690192865159 0.1916574090719223 5
1690192865618 0.13488677144050598 6
1690192866076 0.1260586678981781 7
1690192866540 0.10562220215797424 8
1690192867005 0.08194664120674133 9
1690192867506 0.08676609396934509 10
1690192867970 0.07878290116786957 11
1690192868434 0.06936012208461761 12
1690192868874 0.0665532574057579 13
1690192869333 0.05204182490706444 14
1690192869788 0.08141303807497025 15
1690192870256 0.04474171996116638 16
1690192870757 0.04774365574121475 17
1690192871239 0.045318588614463806 18
1690192871687 0.053162187337875366 19
1690192872146 0.04716234281659126 20
1690192872594 0.04103757068514824 21
1690192873063 0.04097430780529976 22
1690192873522 0.037087902426719666 23
1690192873986 0.04483815282583237 24
1690192874510 0.02531057596206665 25
1690192875051 0.02717631682753563 26
1690192875577 0.027288248762488365 27
1690192876093 0.0284880343824625 28
1690192876618 0.030176706612110138 29
1690192877269 0.024551047012209892 30
1690192877799 0.031118998304009438 31
1690192878390 0.016047900542616844 32
1690192878951 0.02711452916264534 33
1690192879443 0.01905231364071369 34
1690192880009 0.019391825422644615 35
1690192880508 0.022028358653187752 36
1690192881021 0.02035500667989254 37
1690192881537 0.014284289442002773 38
1690192882013 0.01566377654671669 39
1690192882529 0.02084936946630478 40
1690192882989 0.013825553469359875 41
1690192883439 0.011579226702451706 42
1690192883898 0.0188031904399395 43
1690192884353 0.014987717382609844 44
1690192884814 0.011836242862045765 45
1690192885301 0.01975441537797451 46
1690192885954 0.013493789359927177 47
1690192886449 0.015977298840880394 48
1690192886926 0.01020656805485487 49
1690192887375 0.015214797109365463 50
1690192887836 0.010207278653979301 51
1690192888301 0.012877528555691242 52
1690192888830 0.010059197433292866 53
1690192889324 0.021178344264626503 54
1690192889828 0.009727978147566319 55
1690192890330 0.00946184154599905 56
1690192890818 0.01587854139506817 57
1690192891374 0.005447890609502792 58
1690192891902 0.011901384219527245 59
1690192892498 0.008384596556425095 60
1690192893049 0.005515502765774727 61
1690192893498 0.011303385719656944 62
1690192893955 0.014776735566556454 63
1690192894424 0.006248592399060726 64
1690192894893 0.004975048825144768 65
1690192895339 0.007890118286013603 66
1690192895826 0.011921401135623455 67
1690192896301 0.003352583386003971 68
1690192896758 0.012462419457733631 69
1690192897226 0.0015345046995207667 70
1690192897679 0.006378863472491503 71
1690192898144 0.010874657891690731 72
1690192898594 0.009451210498809814 73
1690192899046 0.004083234816789627 74
1690192899528 0.010716544464230537 75
1690192900026 0.00531942630186677 76
1690192900490 0.007275051437318325 77
1690192900986 0.008190743625164032 78
1690192901453 0.0034830633085221052 79
1690192901913 0.007830505259335041 80
1690192902359 0.010817602276802063 81
1690192902841 0.005226013250648975 82
1690192903312 0.008352323435246944 83
1690192903785 0.005694777704775333 84
1690192904241 0.001232747221365571 85
1690192904699 0.00758517999202013 86
1690192905149 0.004705632105469704 87
1690192905609 0.005027567967772484 88
1690192906060 0.007067232392728329 89
1690192906589 0.00788765586912632 90
1690192907067 0.004400854464620352 91
1690192907528 0.000733023916836828 92
1690192907978 0.011129647493362427 93
1690192908435 0.0009981374023482203 94
1690192908870 0.011572185903787613 95
1690192909331 0.0018268426647409797 96
1690192909781 0.005078270565718412 97
1690192910275 0.002986303763464093 98
1690192910726 0.005828955676406622 99
1690192911197 0.0027610245160758495 100
1690192911651 0.00605432316660881 101
1690192912116 0.009686600416898727 102
1690192912585 0.004782210569828749 103
1690192913045 0.0013516134349629283 104
1690192913543 0.0045846630819141865 105
1690192914014 0.006006308831274509 106
1690192914469 0.002803238108754158 107
1690192914933 0.005536860320717096 108
1690192915391 0.0044747209176421165 109
1690192915842 0.0023405433166772127 110
1690192916293 0.0009298956720158458 111
1690192916748 0.0012819921830669045 112
1690192917247 0.00806212704628706 113
1690192917721 0.0043532829731702805 114
1690192918190 0.002274690195918083 115
1690192918633 0.005559566896408796 116
1690192919114 0.00551004009321332 117
1690192919600 0.0026488949079066515 118
1690192920076 0.003935298882424831 119
1690192920528 0.0075617386028170586 120
1690192921027 0.0015830188058316708 121
1690192921490 0.001977102365344763 122
1690192921946 0.0031567004043608904 123
1690192922400 0.006751655600965023 124
1690192922851 0.003874491900205612 125
1690192923334 0.004459535237401724 126
1690192923782 0.003614124609157443 127
1690192924266 0.00098600669298321 128
1690192924732 0.01006233412772417 129
1690192925173 0.0006873462698422372 130
1690192925615 0.004039366263896227 131
1690192926062 0.0031377822160720825 132
1690192926525 0.0032838915940374136 133
1690192926965 0.006295992061495781 134
1690192927416 0.0006415575044229627 135
1690192927903 0.0026853878516703844 136
1690192928356 0.004875223618000746 137
1690192928809 0.0019405126804485917 138
1690192929272 0.001964450115337968 139
1690192929721 0.002353695686906576 140
1690192930174 0.004180920775979757 141
1690192930636 0.009093721397221088 142
1690192931091 0.0011339109623804688 143
1690192931583 0.004291880410164595 144
1690192932061 0.001079755136743188 145
1690192932516 0.003104505827650428 146
1690192932985 0.008918793871998787 147
1690192933448 0.0008788179256953299 148
1690192933905 0.003187374444678426 149
1690192934347 0.00886623840779066 150
1690192934858 0.001432090881280601 151
1690192935330 0.0009334185742773116 152
1690192935842 0.001018768292851746 153
1690192936400 0.003963223192840815 154
1690192936956 0.0031553818844258785 155
1690192937539 0.0007595099741593003 156
1690192938048 0.001267944579012692 157
1690192938587 0.002242670627310872 158
1690192939136 0.004155844449996948 159
1690192939642 0.0029621319845318794 160
1690192940142 0.0022198769729584455 161
1690192940599 0.0034613078460097313 162
1690192941071 0.002206375589594245 163
1690192941557 0.002620519371703267 164
1690192942177 0.002326790476217866 165
1690192942796 0.0007648718310520053 166
1690192943475 0.003035130677744746 167
1690192944253 0.003923800773918629 168
1690192944804 0.0005126830656081438 169
1690192945271 0.0006684452528133988 170
1690192945735 0.004766832571476698 171
1690192946215 0.0028881393373012543 172
1690192946742 0.000297625083476305 173
1690192947257 0.0005472073098644614 174
1690192947778 0.0018215306336060166 175
1690192948257 0.007180660963058472 176
1690192948715 0.0023194956593215466 177
1690192949178 0.00045866501750424504 178
1690192949676 0.0032542268745601177 179
1690192950177 0.001756330137141049 180
1690192950662 0.003175830701366067 181
1690192951169 0.0012728888541460037 182
1690192951735 0.004357661120593548 183
1690192952327 0.0004905812675133348 184
1690192952882 0.0010521105723455548 185
1690192953554 0.004102662205696106 186
1690192954314 0.0020909432787448168 187
1690192954973 0.0009694629115983844 188
1690192955516 0.003817630233243108 189
1690192955996 0.0006084027700126171 190
1690192956455 0.0008601121371611953 191
1690192956924 0.0011559698032215238 192
1690192957420 0.0027462949510663748 193
1690192957935 0.0014302487252280116 194
1690192958467 0.0008139113779179752 195
1690192958930 0.0008432711474597454 196
1690192959386 0.0030620188917964697 197
1690192959856 0.0024936345871537924 198
1690192960359 0.00134384969715029 199
