1690195016387 0.37954699993133545 0
1690195016612 0.26397496461868286 1
1690195016837 0.20694315433502197 2
1690195017071 0.20017047226428986 3
1690195017301 0.19836896657943726 4
1690195017517 0.1776227504014969 5
1690195017753 0.1554647535085678 6
1690195017967 0.14320065081119537 7
1690195018201 0.12608401477336884 8
1690195018494 0.12771335244178772 9
1690195018765 0.09644759446382523 10
1690195019008 0.12089242786169052 11
1690195019244 0.12268638610839844 12
1690195019479 0.11041432619094849 13
1690195019711 0.08171108365058899 14
1690195019937 0.10664518922567368 15
1690195020165 0.07735039293766022 16
1690195020403 0.08597312867641449 17
1690195020642 0.09227066487073898 18
1690195020870 0.08939792960882187 19
1690195021110 0.0845053493976593 20
1690195021338 0.07815033942461014 21
1690195021565 0.08349327743053436 22
1690195021781 0.08436231315135956 23
1690195022020 0.08007754385471344 24
1690195022261 0.0776919424533844 25
1690195022500 0.06389345973730087 26
1690195022738 0.08701896667480469 27
1690195022966 0.08008932322263718 28
1690195023200 0.0727405697107315 29
