1690134360062 0.5520435571670532 0
1690134360119 0.5507050156593323 1
1690134360151 0.5497308969497681 2
1690134360179 0.5489134788513184 3
1690134360211 0.5481866598129272 4
1690134360243 0.5475196242332458 5
1690134360267 0.5468952655792236 6
1690134360300 0.546302855014801 7
1690134360331 0.545735239982605 8
1690134360456 0.5451874732971191 9
1690134360488 0.5446557402610779 10
1690134360533 0.5441372394561768 11
1690134360574 0.5436298251152039 12
1690134360600 0.5431317090988159 13
1690134360639 0.5426415801048279 14
1690134360674 0.5421581268310547 15
1690134360705 0.5416805744171143 16
1690134360738 0.5412080883979797 17
1690134360767 0.5407399535179138 18
1690134360798 0.5402756929397583 19
1690134360827 0.5398147106170654 20
1690134360859 0.5393565893173218 21
1690134360883 0.538901150226593 22
1690134360917 0.5384478569030762 23
1690134360949 0.5379966497421265 24
1690134360981 0.5375471115112305 25
1690134361022 0.5370991230010986 26
1690134361055 0.5366525650024414 27
1690134361086 0.5362070798873901 28
1690134361128 0.5357627272605896 29
1690134361161 0.5353193283081055 30
1690134361192 0.5348767042160034 31
1690134361221 0.5344348549842834 32
1690134361248 0.5339936017990112 33
1690134361280 0.5335530042648315 34
1690134361441 0.5331128239631653 35
1690134361466 0.5326731204986572 36
1690134361483 0.5322338342666626 37
1690134361508 0.5317949056625366 38
1690134361523 0.5313562154769897 39
1690134361555 0.5309178233146667 40
1690134361577 0.5304796695709229 41
1690134361598 0.5300417542457581 42
1690134361619 0.5296040177345276 43
1690134361640 0.5291664004325867 44
1690134361662 0.5287289619445801 45
1690134361675 0.5282917022705078 46
1690134361699 0.5278545022010803 47
1690134361723 0.5274174213409424 48
1690134361738 0.5269804000854492 49
1690134361758 0.5265434980392456 50
1690134361779 0.5261066555976868 51
1690134361803 0.5256698727607727 52
1690134361822 0.5252331495285034 53
1690134361856 0.5247964859008789 54
1690134361891 0.524359941482544 55
1690134361922 0.523923397064209 56
1690134361960 0.5234869122505188 57
1690134361992 0.5230504870414734 58
1690134362024 0.5226141214370728 59
1690134362048 0.5221778154373169 60
1690134362077 0.521741509437561 61
1690134362099 0.5213053226470947 62
1690134362121 0.5208691358566284 63
1690134362142 0.5204330086708069 64
1690134362163 0.5199970006942749 65
1690134362190 0.5195609927177429 66
1690134362208 0.5191251039505005 67
1690134362238 0.5186892151832581 68
1690134362274 0.5182534456253052 69
1690134362302 0.5178177356719971 70
1690134362323 0.517382025718689 71
1690134362356 0.5169464945793152 72
1690134362381 0.516511082649231 73
1690134362401 0.5160756707191467 74
1690134362422 0.515640377998352 75
1690134362445 0.5152052044868469 76
1690134362470 0.5147701501846313 77
1690134362485 0.5143350958824158 78
1690134362510 0.5139002203941345 79
1690134362526 0.5134654641151428 80
1690134362547 0.5130307674407959 81
1690134362569 0.5125963091850281 82
1690134362590 0.512161910533905 83
1690134362614 0.5117275714874268 84
1690134362636 0.5112935304641724 85
1690134362668 0.510859489440918 86
1690134362701 0.5104256272315979 87
1690134362739 0.5099919438362122 88
1690134363070 0.5095584392547607 89
1690134363091 0.5091250538825989 90
1690134363112 0.5086918473243713 91
1690134363123 0.5082587599754333 92
1690134363149 0.5078259706497192 93
1690134363174 0.5073932409286499 94
1690134363192 0.5069607496261597 95
1690134363214 0.5065284371376038 96
1690134363241 0.506096363067627 97
1690134363262 0.5056643486022949 98
1690134363283 0.5052326917648315 99
1690134363308 0.5048011541366577 100
1690134363326 0.504369854927063 101
1690134363348 0.5039387941360474 102
1690134363368 0.5035079121589661 103
1690134363390 0.5030773282051086 104
1690134363414 0.5026469230651855 105
1690134363434 0.5022168159484863 106
1690134363465 0.5017868876457214 107
1690134363507 0.5013572573661804 108
1690134363583 0.5009278059005737 109
1690134363624 0.5004987120628357 110
1690134363657 0.5000698566436768 111
1690134363677 0.4996412396430969 112
1690134363710 0.4992128908634186 113
1690134363733 0.4987848103046417 114
1690134363757 0.49835705757141113 115
1690134363780 0.49792957305908203 116
1690134363806 0.4975023865699768 117
1690134363830 0.49707549810409546 118
1690134363849 0.4966489374637604 119
1690134363870 0.4962226152420044 120
1690134363891 0.49579668045043945 121
1690134363912 0.495371013879776 122
1690134363934 0.4949457049369812 123
1690134363955 0.49452072381973267 124
1690134363971 0.494096040725708 125
1690134363992 0.493671715259552 126
1690134364019 0.49324774742126465 127
1690134364041 0.49282413721084595 128
1690134364062 0.49240079522132874 129
1690134364083 0.4919779300689697 130
1690134364114 0.4915553331375122 131
1690134364139 0.49113309383392334 132
1690134364159 0.4907113313674927 133
1690134364190 0.4902898073196411 134
1690134364202 0.48986876010894775 135
1690134364222 0.48944810032844543 136
1690134364248 0.48902779817581177 137
1690134364264 0.48860788345336914 138
1690134364296 0.4881884455680847 139
1690134364317 0.48776930570602417 140
1690134364339 0.4873506426811218 141
1690134364360 0.48693233728408813 142
1690134364381 0.48651450872421265 143
1690134364403 0.4860970675945282 144
1690134364424 0.48568010330200195 145
1690134364446 0.48526352643966675 146
1690134364467 0.48484736680984497 147
1690134364489 0.4844316840171814 148
1690134364522 0.48401641845703125 149
1690134364554 0.4836016297340393 150
1690134364579 0.48318731784820557 151
1690134364606 0.48277339339256287 152
1690134364627 0.48236000537872314 153
1690134364649 0.48194703459739685 154
1690134364672 0.48153457045555115 155
1690134364702 0.48112261295318604 156
1690134364723 0.48071107268333435 157
1690134364747 0.48030006885528564 158
1690134364768 0.47988951206207275 159
1690134364792 0.47947949171066284 160
1690134364813 0.47906991839408875 161
1690134364837 0.47866085171699524 162
1690134364862 0.4782523512840271 163
1690134364884 0.4778442978858948 164
1690134364904 0.47743678092956543 165
1690134364926 0.47702986001968384 166
1690134364941 0.4766233563423157 167
1690134364966 0.4762174189090729 168
1690134364981 0.47581201791763306 169
1690134365011 0.4754071831703186 170
1690134365032 0.47500288486480713 171
1690134365063 0.47459906339645386 172
1690134365086 0.47419580817222595 173
1690134365107 0.4737931489944458 174
1690134365129 0.473391056060791 175
1690134365162 0.47298943996429443 176
1690134365192 0.4725884795188904 177
1690134365214 0.4721880257129669 178
1690134365235 0.4717882573604584 179
1690134365253 0.47138893604278564 180
1690134365268 0.47099024057388306 181
1690134365293 0.4705921411514282 182
1690134365313 0.47019460797309875 183
1690134365331 0.46979767084121704 184
1690134365358 0.4694012999534607 185
1690134365378 0.4690055847167969 186
1690134365395 0.4686104357242584 187
1690134365416 0.4682158827781677 188
1690134365438 0.4678219258785248 189
1690134365451 0.46742865443229675 190
1690134365475 0.4670359194278717 191
1690134365502 0.4666438102722168 192
1690134365523 0.4662524163722992 193
1690134365548 0.46586155891418457 194
1690134365577 0.4654713571071625 195
1690134365598 0.46508175134658813 196
1690134365622 0.4646928310394287 197
1690134365649 0.46430450677871704 198
1690134365672 0.4639168381690979 199
1690134365694 0.4635298252105713 200
1690134365718 0.4631434679031372 201
1690134365736 0.46275776624679565 202
1690134365768 0.46237266063690186 203
1690134365792 0.46198827028274536 204
1690134365813 0.4616045355796814 205
1690134366458 0.4612214267253876 206
1690134366485 0.46083900332450867 207
1690134366526 0.4604572355747223 208
1690134366548 0.46007612347602844 209
1690134366572 0.4596956968307495 210
1690134366597 0.4593158960342407 211
1690134366613 0.458936870098114 212
1690134366643 0.45855844020843506 213
1690134366670 0.4581807255744934 214
1690134366696 0.4578036963939667 215
1690134366728 0.45742735266685486 216
1690134366768 0.45705169439315796 217
1690134366792 0.456676721572876 218
1690134366821 0.4563024342060089 219
1690134366841 0.45592883229255676 220
1690134366872 0.45555591583251953 221
1690134366893 0.455183744430542 222
1690134366910 0.454812228679657 223
1690134366936 0.4544413983821869 224
1690134366959 0.4540712833404541 225
1690134366988 0.45370182394981384 226
1690134367009 0.45333313941955566 227
1690134367038 0.4529651403427124 228
1690134367059 0.45259779691696167 229
1690134367080 0.452231228351593 230
1690134367106 0.4518653154373169 231
1690134367123 0.4515001177787781 232
1690134367148 0.4511355757713318 233
1690134367176 0.4507718086242676 234
1690134367205 0.4504086971282959 235
1690134367221 0.4500463008880615 236
1690134367253 0.44968461990356445 237
1690134367283 0.4493236243724823 238
1690134367319 0.44896334409713745 239
1690134367347 0.44860368967056274 240
1690134367379 0.4482448697090149 241
1690134367403 0.4478866457939148 242
1690134367424 0.4475291073322296 243
1690134367453 0.44717228412628174 244
1690134367468 0.4468161165714264 245
1690134367485 0.44646066427230835 246
1690134367507 0.44610586762428284 247
1690134367532 0.44575172662734985 248
1690134367552 0.4453982710838318 249
1690134367571 0.44504550099372864 250
1690134367592 0.44469332695007324 251
1690134367614 0.44434183835983276 252
1690134367678 0.44399094581604004 253
1690134367703 0.44364070892333984 254
1690134367735 0.4432910680770874 255
1690134367768 0.4429420232772827 256
1690134367806 0.4425935745239258 257
1690134367833 0.4422456622123718 258
1690134367860 0.44189828634262085 259
1690134367882 0.44155144691467285 260
1690134367911 0.44120508432388306 261
1690134367933 0.44085919857025146 262
1690134367987 0.4405137300491333 263
1690134368031 0.44016867876052856 264
1690134368062 0.43982401490211487 265
1690134368083 0.43947961926460266 266
1690134368104 0.43913543224334717 267
1690134368120 0.4387914538383484 268
1690134368142 0.4384475648403168 269
1690134368160 0.4381037652492523 270
1690134368185 0.4377598762512207 271
1690134368211 0.43741583824157715 272
1690134368235 0.4370715916156769 273
1690134368265 0.43672695755958557 274
1690134368289 0.4363819360733032 275
1690134368322 0.43603646755218506 276
1690134368346 0.43569040298461914 277
1690134368373 0.43534380197525024 278
1690134368392 0.4349965453147888 279
1690134368424 0.43464863300323486 280
1690134368447 0.43430018424987793 281
1690134368478 0.43395107984542847 282
1690134368499 0.43360137939453125 283
1690134368520 0.43325111269950867 284
1690134368542 0.4329003691673279 285
1690134368561 0.43254905939102173 286
1690134368580 0.43219730257987976 287
1690134368605 0.43184512853622437 288
1690134368621 0.43149250745773315 289
1690134368646 0.4311395287513733 290
1690134368675 0.4307860732078552 291
1690134368696 0.4304323196411133 292
1690134368723 0.4300782382488251 293
1690134368745 0.429723858833313 294
1690134368766 0.42936915159225464 295
1690134368787 0.4290141463279724 296
1690134368811 0.4286588430404663 297
1690134368830 0.4283033013343811 298
1690134368852 0.4279475212097168 299
1690134368868 0.4275915026664734 300
1690134368885 0.4272352457046509 301
1690134368910 0.42687875032424927 302
1690134368937 0.42652201652526855 303
1690134368968 0.4261651337146759 304
1690134368990 0.42580798268318176 305
1690134369015 0.4254506826400757 306
1690134369034 0.4250931739807129 307
1690134369059 0.42473554611206055 308
1690134369075 0.4243776500225067 309
1690134369096 0.42401963472366333 310
1690134369118 0.42366141080856323 311
1690134369139 0.4233030676841736 312
1690134369160 0.4229446053504944 313
1690134369176 0.42258596420288086 314
1690134369199 0.422227144241333 315
1690134369215 0.4218682050704956 316
1690134369239 0.42150914669036865 317
1690134369263 0.42114996910095215 318
1690134369288 0.4207906126976013 319
1690134369310 0.42043113708496094 320
1690134369344 0.4200716018676758 321
1690134369377 0.4197118878364563 322
1690134369406 0.41935211420059204 323
1690134369427 0.41899219155311584 324
1690134369459 0.4186321496963501 325
1690134369490 0.41827207803726196 326
1690134369513 0.4179118275642395 327
1690134369544 0.41755151748657227 328
1690134369576 0.41719117760658264 329
1690134369608 0.4168306589126587 330
1690134369640 0.41647008061408997 331
1690134369670 0.41610947251319885 332
1690134369694 0.4157487452030182 333
1690134369725 0.41538792848587036 334
1690134369755 0.41502708196640015 335
1690134369779 0.41466617584228516 336
1690134369811 0.414305180311203 337
1690134369836 0.41394415497779846 338
1690134369864 0.41358304023742676 339
1690134369893 0.41322189569473267 340
1690134369917 0.4128606915473938 341
1690134369942 0.41249942779541016 342
1690134369974 0.4121381640434265 343
1690134369993 0.4117768704891205 344
1690134370022 0.4114154875278473 345
1690134370039 0.4110541343688965 346
1690134370069 0.4106926918029785 347
1690134370088 0.41033124923706055 348
1690134370120 0.4099698066711426 349
1690134370144 0.4096083343029022 350
1690134370163 0.4092468023300171 351
1690134370184 0.40888532996177673 352
1690134370206 0.40852388739585876 353
1690134370218 0.40816235542297363 354
1690134370243 0.4078008532524109 355
1690134370276 0.40743935108184814 356
1690134370302 0.4070778787136078 357
1690134370325 0.40671634674072266 358
1690134370363 0.4063549041748047 359
1690134370391 0.4059934914112091 360
1690134370424 0.40563204884529114 361
1690134370456 0.40527063608169556 362
1690134370483 0.40490928292274475 363
1690134370513 0.40454792976379395 364
1690134370538 0.4041866064071655 365
1690134370558 0.40382540225982666 366
1690134370579 0.403464138507843 367
1690134370603 0.4031029939651489 368
1690134370632 0.4027419090270996 369
1690134370653 0.4023808240890503 370
1690134370691 0.40201979875564575 371
1690134370723 0.4016588628292084 372
1690134370755 0.40129798650741577 373
1690134370771 0.40093716979026794 374
1690134370803 0.4005764126777649 375
1690134370827 0.400215744972229 376
1690134370846 0.3998551368713379 377
1690134370865 0.39949464797973633 378
1690134370886 0.39913421869277954 379
1690134370902 0.3987739086151123 380
1690134370926 0.39841365814208984 381
1690134370942 0.39805352687835693 382
1690134370963 0.3976935148239136 383
1690134370979 0.397333562374115 384
1690134370999 0.39697375893592834 385
1690134371023 0.3966140151023865 386
1690134371039 0.39625445008277893 387
1690134371063 0.39589497447013855 388
1690134371080 0.3955356180667877 389
1690134371101 0.39517641067504883 390
1690134371123 0.3948173224925995 391
1690134371142 0.3944583535194397 392
1690134371159 0.39409953355789185 393
1690134371176 0.39374083280563354 394
1690134371198 0.39338234066963196 395
1690134371256 0.39302393794059753 396
1690134371336 0.39266571402549744 397
1690134371390 0.3923076093196869 398
1690134371428 0.39194971323013306 399
1690134371467 0.39159196615219116 400
1690134371496 0.3912343978881836 401
1690134371525 0.39087697863578796 402
1690134371550 0.39051973819732666 403
1690134371573 0.3901626467704773 404
1690134371606 0.38980579376220703 405
1690134371638 0.3894491195678711 406
1690134371664 0.3890925943851471 407
1690134371688 0.3887362778186798 408
1690134371719 0.38838016986846924 409
1690134371742 0.3880242705345154 410
1690134371769 0.38766857981681824 411
1690134371798 0.3873130679130554 412
1690134371831 0.3869578242301941 413
1690134371855 0.3866027593612671 414
1690134371880 0.3862478733062744 415
1690134371903 0.3858932852745056 416
1690134371939 0.38553887605667114 417
1690134371965 0.3851846754550934 418
1690134371989 0.3848307728767395 419
1690134372019 0.38447707891464233 420
1690134372040 0.38412362337112427 421
1690134372072 0.3837704062461853 422
1690134373139 0.3834174871444702 423
1690134373166 0.38306480646133423 424
1690134373187 0.38271236419677734 425
1690134373208 0.38236016035079956 426
1690134373224 0.38200825452804565 427
1690134373246 0.38165658712387085 428
1690134373267 0.3813052177429199 429
1690134373288 0.3809540867805481 430
1690134373310 0.38060325384140015 431
1690134373320 0.3802527189254761 432
1690134373347 0.3799024522304535 433
1690134373366 0.3795524835586548 434
1690134373395 0.37920284271240234 435
1690134373416 0.3788534700870514 436
1690134373437 0.3785043954849243 437
1690134373451 0.37815558910369873 438
1690134373475 0.3778071701526642 439
1690134373502 0.37745901942253113 440
1690134373523 0.37711116671562195 441
1690134373555 0.3767636716365814 442
1690134373580 0.37641650438308716 443
1690134373613 0.3760696053504944 444
1690134373645 0.37572306394577026 445
1690134373672 0.3753768801689148 446
1690134373697 0.3750310242176056 447
1690134373726 0.37468549609184265 448
1690134373754 0.37434032559394836 449
1690134373790 0.37399548292160034 450
1690134373822 0.37365102767944336 451
1690134373853 0.37330687046051025 452
1690134373875 0.3729631304740906 453
1690134373903 0.37261974811553955 454
1690134373928 0.3722766935825348 455
1690134373960 0.37193402647972107 456
1690134373993 0.3715916872024536 457
1690134374026 0.371249794960022 458
1690134374046 0.370908260345459 459
1690134374067 0.37056708335876465 460
1690134374099 0.37022632360458374 461
1690134374131 0.36988598108291626 462
1690134374152 0.36954596638679504 463
1690134374174 0.36920636892318726 464
1690134374189 0.3688671588897705 465
1690134374206 0.3685283660888672 466
1690134374227 0.3681899607181549 467
1690134374246 0.36785197257995605 468
1690134374262 0.367514431476593 469
1690134374286 0.36717724800109863 470
1690134374303 0.36684051156044006 471
1690134374327 0.3665042221546173 472
1690134374352 0.366168349981308 473
1690134374368 0.3658328652381897 474
1690134374398 0.3654978275299072 475
1690134374419 0.36516323685646057 476
1690134374442 0.36482909321784973 477
1690134374458 0.3644953966140747 478
1690134374475 0.3641620874404907 479
1690134374498 0.36382925510406494 480
1690134374516 0.36349689960479736 481
1690134374540 0.3631649613380432 482
1690134374558 0.3628334403038025 483
1690134374590 0.36250245571136475 484
1690134374611 0.36217188835144043 485
1690134374639 0.36184176802635193 486
1690134374656 0.36151212453842163 487
1690134374689 0.3611829876899719 488
1690134374718 0.36085426807403564 489
1690134374739 0.36052605509757996 490
1690134374767 0.3601982593536377 491
1690134374792 0.359870970249176 492
1690134374814 0.35954421758651733 493
1690134374839 0.35921788215637207 494
1690134374863 0.358892023563385 495
1690134374888 0.3585667014122009 496
1690134374910 0.3582417964935303 497
1690134374934 0.357917457818985 498
1690134374957 0.3575935363769531 499
1690134374984 0.35727012157440186 500
1690134375005 0.35694724321365356 501
1690134375027 0.3566248118877411 502
1690134375048 0.3563028872013092 503
1690134375076 0.3559814691543579 504
1690134375102 0.3556605577468872 505
1690134375123 0.3553401231765747 506
1690134375144 0.3550202250480652 507
1690134375164 0.3547007441520691 508
1690134375187 0.35438185930252075 509
1690134375198 0.3540634512901306 510
1690134375219 0.3537454903125763 511
1690134375243 0.35342806577682495 512
1690134375264 0.3531111478805542 513
1690134375283 0.35279470682144165 514
1690134375305 0.3524787425994873 515
1690134375326 0.35216331481933594 516
1690134375341 0.3518483638763428 517
1690134375363 0.3515338897705078 518
1690134375380 0.35121989250183105 519
1690134375405 0.3509064316749573 520
1690134375422 0.3505933880805969 521
1690134375449 0.35028085112571716 522
1690134375475 0.3499687910079956 523
1690134375493 0.34965717792510986 524
1690134375518 0.34934601187705994 525
1690134375539 0.3490353226661682 526
1690134375560 0.34872502088546753 527
1690134375582 0.34841519594192505 528
1690134375603 0.3481057584285736 529
1690134375624 0.3477967381477356 530
1690134375647 0.3474881052970886 531
1690134375711 0.3471798896789551 532
1690134375741 0.346871942281723 533
1690134375771 0.3465643525123596 534
1690134375795 0.3462570905685425 535
1690134375819 0.3459501266479492 536
1690134375839 0.34564340114593506 537
1690134375855 0.3453369140625 538
1690134375871 0.34503066539764404 539
1690134375901 0.3447246253490448 540
1690134375923 0.3444187045097351 541
1690134375946 0.34411293268203735 542
1690134375976 0.3438072204589844 543
1690134375998 0.3435016870498657 544
1690134376022 0.34319621324539185 545
1690134376047 0.34289082884788513 546
1690134376072 0.3425854742527008 547
1690134376104 0.34228023886680603 548
1690134376126 0.34197503328323364 549
1690134376153 0.3416699171066284 550
1690134376177 0.34136492013931274 551
1690134376205 0.34105995297431946 552
1690134376225 0.3407551050186157 553
1690134376247 0.3404504060745239 554
1690134376269 0.3401457965373993 555
1690134376290 0.3398413062095642 556
1690134376307 0.3395369052886963 557
1690134376330 0.3392326831817627 558
1690134376351 0.33892858028411865 559
1690134376376 0.33862465620040894 560
1690134376397 0.33832088112831116 561
1690134376419 0.3380172848701477 562
1690134376452 0.3377138078212738 563
1690134376492 0.337410569190979 564
1690134376532 0.33710744976997375 565
1690134376572 0.3368045389652252 566
1690134376613 0.3365018367767334 567
1690134376668 0.3361992835998535 568
1690134376701 0.33589690923690796 569
1690134376744 0.3355947732925415 570
1690134376782 0.3352928161621094 571
1690134376823 0.3349910378456116 572
1690134376854 0.33468949794769287 573
1690134376886 0.3343881368637085 574
1690134376910 0.3340870141983032 575
1690134376934 0.3337860405445099 576
1690134376975 0.33348533511161804 577
1690134376998 0.3331848382949829 578
1690134377014 0.3328845202922821 579
1690134377031 0.332584410905838 580
1690134377046 0.33228451013565063 581
1690134377069 0.33198484778404236 582
1690134377078 0.3316853642463684 583
1690134377109 0.33138611912727356 584
1690134377125 0.3310871124267578 585
1690134377140 0.330788254737854 586
1690134377171 0.3304896354675293 587
1690134377189 0.3301912546157837 588
1690134377207 0.3298930525779724 589
1690134377229 0.32959508895874023 590
1690134377253 0.32929727435112 591
1690134377285 0.32899969816207886 592
1690134377325 0.32870230078697205 593
1690134377357 0.32840511202812195 594
1690134377389 0.3281081020832062 595
1690134377421 0.32781127095222473 596
1690134377453 0.3275146186351776 597
1690134377480 0.3272181451320648 598
1690134377504 0.32692185044288635 599
1690134377536 0.32662567496299744 600
1690134377560 0.32632967829704285 601
1690134377592 0.3260338306427002 602
1690134377624 0.3257381319999695 603
1690134377656 0.3254425525665283 604
1690134377680 0.3251470625400543 605
1690134377709 0.3248516917228699 606
1690134377736 0.324556440114975 607
1690134377755 0.32426130771636963 608
1690134377787 0.32396620512008667 609
1690134377811 0.32367122173309326 610
1690134377835 0.32337626814842224 611
1690134377859 0.32308143377304077 612
1690134377883 0.3227866291999817 613
1690134377907 0.3224918842315674 614
1690134377931 0.3221972584724426 615
1690134377955 0.32190263271331787 616
1690134377979 0.3216080963611603 617
1690134378003 0.32131361961364746 618
1690134378027 0.3210192322731018 619
1690134378042 0.32072484493255615 620
1690134378070 0.32043057680130005 621
1690134378090 0.3201363980770111 622
1690134378105 0.31984227895736694 623
1690134378121 0.31954818964004517 624
1690134378136 0.31925421953201294 625
1690134378170 0.31896036863327026 626
1690134378184 0.3186665177345276 627
1690134378215 0.31837284564971924 628
1690134378239 0.3180791735649109 629
1690134378255 0.3177856206893921 630
1690134378286 0.31749218702316284 631
1690134378302 0.31719881296157837 632
1690134378317 0.31690552830696106 633
1690134378349 0.3166123628616333 634
1690134378364 0.31631922721862793 635
1690134378388 0.3160262405872345 636
1690134378420 0.3157333731651306 637
1690134378444 0.3154405355453491 638
1690134378460 0.31514787673950195 639
1690134378490 0.31485527753829956 640
1690134378522 0.3145627975463867 641
1690134378553 0.3142703175544739 642
1690134378585 0.31397804617881775 643
1690134378616 0.31368589401245117 644
1690134378632 0.313393771648407 645
1690134378663 0.31310176849365234 646
1690134378679 0.31280988454818726 647
1690134378710 0.31251806020736694 648
1690134378726 0.31222638487815857 649
1690134378741 0.31193479895591736 650
1690134378773 0.3116433322429657 651
1690134378788 0.3113519549369812 652
1690134378804 0.31106072664260864 653
1690134378820 0.31076958775520325 654
1690134378851 0.3104785680770874 655
1690134378872 0.31018757820129395 656
1690134378883 0.3098967969417572 657
1690134378898 0.30960607528686523 658
1690134378914 0.30931544303894043 659
1690134378945 0.30902495980262756 660
1690134378961 0.30873459577560425 661
1690134378977 0.3084443211555481 662
1690134378992 0.3081541657447815 663
1690134379024 0.30786412954330444 664
1690134379039 0.30757418274879456 665
1690134379055 0.3072843849658966 666
1690134379072 0.30699464678764343 667
1690134379102 0.3067050576210022 668
1690134379118 0.3064155876636505 669
1690134379134 0.3061262369155884 670
1690134379149 0.3058369755744934 671
1690134379172 0.305547833442688 672
1690134379197 0.3052588105201721 673
1690134379212 0.3049699366092682 674
1690134379228 0.30468112230300903 675
1690134379291 0.3043924570083618 676
1690134379322 0.30410391092300415 677
1690134379369 0.30381542444229126 678
1690134379394 0.3035271167755127 679
1690134379425 0.3032389283180237 680
1690134379456 0.30295082926750183 681
1690134379473 0.3026628792285919 682
1690134379503 0.30237501859664917 683
1690134379535 0.30208730697631836 684
1690134379566 0.3017996847629547 685
1690134379582 0.3015121817588806 686
1690134379613 0.30122482776641846 687
1690134379644 0.30093759298324585 688
1690134379660 0.3006504476070404 689
1690134379692 0.3003634512424469 690
1690134379707 0.30007654428482056 691
1690134379723 0.29978978633880615 692
1690134379755 0.2995031476020813 693
1690134379781 0.299216628074646 694
1690134379797 0.29893022775650024 695
1690134379818 0.29864394664764404 696
1690134379842 0.29835784435272217 697
1690134379865 0.29807180166244507 698
1690134379890 0.2977858781814575 699
1690134379899 0.2975001335144043 700
1690134379930 0.29721444845199585 701
1690134379950 0.29692894220352173 702
1690134379974 0.29664352536201477 703
1690134379988 0.29635828733444214 704
1690134380013 0.2960731089115143 705
1690134380028 0.29578807950019836 706
1690134380043 0.295503169298172 707
1690134380075 0.29521840810775757 708
1690134380091 0.2949337661266327 709
1690134380106 0.29464924335479736 710
1690134380138 0.294364869594574 711
1690134380153 0.29408058524131775 712
1690134380174 0.29379647970199585 713
1690134380185 0.2935124337673187 714
1690134380216 0.2932285666465759 715
1690134380232 0.2929448187351227 716
1690134380248 0.29266121983528137 717
1690134380263 0.2923777103424072 718
1690134380279 0.292094349861145 719
1690134380310 0.29181113839149475 720
1690134380326 0.29152804613113403 721
1690134380342 0.29124507308006287 722
1690134380373 0.29096218943595886 723
1690134380389 0.2906795144081116 724
1690134380405 0.29039695858955383 725
1690134380421 0.29011449217796326 726
1690134380452 0.289832204580307 727
1690134380468 0.2895500063896179 728
1690134380484 0.28926798701286316 729
1690134380499 0.2889860272407532 730
1690134380515 0.2887042462825775 731
1690134380546 0.2884226143360138 732
1690134380562 0.2881411015987396 733
1690134380578 0.2878597378730774 734
1690134380594 0.2875784933567047 735
1690134380609 0.2872973680496216 736
1690134380641 0.2870163917541504 737
1690134380656 0.28673553466796875 738
1690134380675 0.28645482659339905 739
1690134380688 0.2861742675304413 740
1690134380719 0.2858937978744507 741
1690134380735 0.2856135070323944 742
1690134380750 0.2853333353996277 743
1690134380776 0.2850532829761505 744
1690134380798 0.28477340936660767 745
1690134380813 0.28449365496635437 746
1690134380829 0.2842140197753906 747
1690134380845 0.2839345335960388 748
1690134380876 0.28365519642829895 749
1690134380891 0.28337597846984863 750
1690134380907 0.28309690952301025 751
1690134380923 0.2828179597854614 752
1690134380954 0.2825391888618469 753
1690134380970 0.282260537147522 754
1690134380986 0.2819819748401642 755
1690134381001 0.2817035913467407 756
1690134381033 0.2814253270626068 757
1690134381048 0.2811472415924072 758
1690134381064 0.2808692753314972 759
1690134381080 0.2805914878845215 760
1690134381096 0.28031378984451294 761
1690134381127 0.2800362706184387 762
1690134381142 0.27975884079933167 763
1690134381158 0.27948155999183655 764
1690134381190 0.27920445799827576 765
1690134381205 0.2789274752140045 766
1690134381221 0.2786506116390228 767
1690134381252 0.27837392687797546 768
1690134381268 0.27809736132621765 769
1690134381284 0.2778209447860718 770
1690134381300 0.27754467725753784 771
1690134381331 0.27726852893829346 772
1690134381347 0.276992529630661 773
1690134381362 0.2767166793346405 774
1690134381378 0.27644097805023193 775
1690134381394 0.2761653959751129 776
1690134381425 0.2758899927139282 777
1690134381441 0.2756147086620331 778
1690134381456 0.27533960342407227 779
1690134381488 0.2750645875930786 780
1690134381504 0.2747897505760193 781
1690134381519 0.2745150327682495 782
1690134381535 0.27424049377441406 783
1690134381551 0.2739660143852234 784
1690134381582 0.2736917734146118 785
1690134381598 0.2734176516532898 786
1690134381614 0.2731436491012573 787
1690134381629 0.2728698253631592 788
1690134381660 0.2725961208343506 789
1690134381678 0.2723225951194763 790
1690134381692 0.2720491886138916 791
1690134381723 0.2717759311199188 792
1690134381739 0.271502822637558 793
1690134381755 0.2712298333644867 794
1690134381778 0.27095702290534973 795
1690134381803 0.2706843614578247 796
1690134381819 0.2704118490219116 797
1690134381850 0.2701394557952881 798
1690134381866 0.2698672115802765 799
1690134381882 0.26959511637687683 800
1690134381913 0.2693231701850891 801
1690134381929 0.26905137300491333 802
1690134381944 0.2687797248363495 803
1690134381975 0.2685082256793976 804
1690134381992 0.2682368755340576 805
1690134382007 0.2679656744003296 806
1690134382023 0.2676945924758911 807
1690134382054 0.26742368936538696 808
1690134382070 0.26715296506881714 809
1690134382086 0.2668823301792145 810
1690134382101 0.26661187410354614 811
1690134382133 0.26634153723716736 812
1690134382148 0.2660713493824005 813
1690134382164 0.265801340341568 814
1690134382180 0.2655314803123474 815
1690134382196 0.26526176929473877 816
1690134382227 0.26499220728874207 817
1690134382243 0.2647227644920349 818
1690134382258 0.2644535005092621 819
1690134382279 0.2641843855381012 820
1690134382306 0.26391538977622986 821
1690134382322 0.26364657282829285 822
1690134382338 0.2633779048919678 823
1690134382369 0.26310935616493225 824
1690134382385 0.26284098625183105 825
1690134382401 0.2625727653503418 826
1690134382416 0.2623046934604645 827
1690134382432 0.2620367407798767 828
1690134382463 0.26176899671554565 829
1690134382480 0.26150137186050415 830
1690134382503 0.2612338960170746 831
1690134382519 0.26096653938293457 832
1690134382527 0.26069939136505127 833
1690134382559 0.2604323625564575 834
1690134382580 0.2601655125617981 835
1690134384671 0.2598987817764282 836
1690134384703 0.2596322298049927 837
1690134384743 0.2593657970428467 838
1690134384767 0.259099543094635 839
1690134384791 0.2588334083557129 840
1690134384807 0.2585674524307251 841
1690134384831 0.25830164551734924 842
1690134384855 0.2580360174179077 843
1690134384882 0.25777050852775574 844
1690134384903 0.2575051784515381 845
1690134384927 0.25723996758461 846
1690134384951 0.2569749057292938 847
1690134384975 0.2567100524902344 848
1690134384999 0.2564452886581421 849
1690134385015 0.25618070363998413 850
1690134385039 0.2559162676334381 851
1690134385055 0.25565198063850403 852
1690134385079 0.2553878724575043 853
1690134385104 0.25512388348579407 854
1690134385128 0.2548600733280182 855
1690134385152 0.25459641218185425 856
1690134385176 0.25433290004730225 857
1690134385192 0.2540695369243622 858
1690134385216 0.25380629301071167 859
1690134385232 0.25354325771331787 860
1690134385256 0.253280371427536 861
1690134385280 0.2530176043510437 862
1690134385296 0.2527550160884857 863
1690134385320 0.2524925768375397 864
1690134385336 0.25223028659820557 865
1690134385352 0.2519681453704834 866
1690134385376 0.25170618295669556 867
1690134385400 0.25144433975219727 868
1690134385416 0.2511826753616333 869
1690134385440 0.25092118978500366 870
1690134385456 0.2506598234176636 871
1690134385480 0.2503986060619354 872
1690134385496 0.2501375675201416 873
1690134385520 0.24987666308879852 874
1690134385536 0.24961590766906738 875
1690134385568 0.24935531616210938 876
1690134385584 0.2490948885679245 877
1690134385608 0.24883460998535156 878
1690134385632 0.24857452511787415 879
1690134385656 0.2483145296573639 880
1690134385680 0.24805471301078796 881
1690134385704 0.24779504537582397 882
1690134385720 0.2475355565547943 883
1690134385745 0.2472762167453766 884
1690134385761 0.247017040848732 885
1690134385785 0.24675799906253815 886
1690134385801 0.24649912118911743 887
1690134385825 0.24624039232730865 888
1690134385841 0.2459818422794342 889
1690134385865 0.2457233965396881 890
1690134385889 0.24546515941619873 891
1690134385905 0.2452070713043213 892
1690134385929 0.2449491173028946 893
1690134385953 0.24469134211540222 894
1690134385969 0.2444336861371994 895
1690134386001 0.2441762238740921 896
1690134386025 0.24391888082027435 897
1690134386049 0.24366173148155212 898
1690134386081 0.24340471625328064 899
1690134386105 0.2431478649377823 900
1690134386129 0.24289116263389587 901
1690134386153 0.2426346242427826 902
1690134386177 0.24237823486328125 903
1690134386209 0.24212200939655304 904
1690134386233 0.24186593294143677 905
1690134386257 0.24161002039909363 906
1690134386273 0.24135428667068481 907
1690134386297 0.24109867215156555 908
1690134386321 0.2408432513475418 909
1690134386337 0.2405879646539688 910
1690134386369 0.24033284187316895 911
1690134386393 0.24007785320281982 912
1690134386417 0.23982305824756622 913
1690134386433 0.23956835269927979 914
1690134386465 0.23931387066841125 915
1690134386489 0.23905953764915466 916
1690134386513 0.23880535364151 917
1690134386537 0.2385513186454773 918
1690134386561 0.23829743266105652 919
1690134386585 0.23804371058940887 920
1690134386609 0.23779015243053436 921
1690134386633 0.2375367432832718 922
1690134386649 0.23728349804878235 923
1690134386673 0.23703038692474365 924
1690134386689 0.23677746951580048 925
1690134386713 0.23652467131614685 926
1690134386729 0.23627206683158875 927
1690134386753 0.23601961135864258 928
1690134386769 0.23576730489730835 929
1690134386785 0.23551517724990845 930
1690134386809 0.2352631837129593 931
1690134386833 0.23501135408878326 932
1690134386849 0.23475968837738037 933
1690134386873 0.23450817167758942 934
1690134386889 0.2342568039894104 935
1690134386913 0.2340056151151657 936
1690134386929 0.23375457525253296 937
1690134386953 0.23350368440151215 938
1690134386969 0.23325297236442566 939
1690134386986 0.23300239443778992 940
1690134387010 0.23275195062160492 941
1690134387026 0.23250170052051544 942
1690134387050 0.23225164413452148 943
1690134387074 0.2320016622543335 944
1690134387090 0.23175188899040222 945
1690134387114 0.23150229454040527 946
1690134387138 0.23125281929969788 947
1690134387154 0.2310035079717636 948
1690134387178 0.2307543307542801 949
1690134387195 0.2305053472518921 950
1690134387218 0.23025652766227722 951
1690134387235 0.2300078421831131 952
1690134387259 0.2297593206167221 953
1690134387278 0.22951094806194305 954
1690134387299 0.22926273941993713 955
1690134387315 0.22901469469070435 956
1690134387339 0.22876682877540588 957
1690134387355 0.22851908206939697 958
1690134387379 0.2282714992761612 959
1690134387395 0.22802409529685974 960
1690134387419 0.22777684032917023 961
1690134387443 0.22752973437309265 962
1690134387467 0.2272827923297882 963
1690134387485 0.2270359992980957 964
1690134387499 0.22678938508033752 965
1690134387523 0.22654291987419128 966
1690134387547 0.22629660367965698 967
1690134387563 0.226050466299057 968
1690134387587 0.22580447793006897 969
1690134387603 0.22555863857269287 970
1690134387619 0.2253129482269287 971
1690134387643 0.2250674068927765 972
1690134387667 0.22482207417488098 973
1690134387685 0.22457686066627502 974
1690134387708 0.2243318259716034 975
1690134387724 0.2240869253873825 976
1690134387772 0.22384220361709595 977
1690134387796 0.22359761595726013 978
1690134387827 0.22335320711135864 979
1690134387843 0.2231089472770691 980
1690134387859 0.22286483645439148 981
1690134387885 0.22262093424797058 982
1690134387908 0.22237716615200043 983
1690134387932 0.22213351726531982 984
1690134387956 0.22189003229141235 985
1690134387972 0.2216467410326004 986
1690134387996 0.2214035987854004 987
1690134388020 0.22116057574748993 988
1690134388036 0.22091776132583618 989
1690134388061 0.2206750512123108 990
1690134388077 0.22043254971504211 991
1690134388102 0.220190167427063 992
1690134388118 0.2199479639530182 993
1690134388145 0.21970593929290771 994
1690134388169 0.21946406364440918 995
1690134388189 0.21922233700752258 996
1690134388203 0.21898075938224792 997
1690134388228 0.2187393605709076 998
1690134388243 0.2184981107711792 999
1690134388267 0.21825700998306274 1000
1690134388291 0.21801605820655823 1001
1690134388315 0.21777528524398804 1002
1690134388339 0.21753467619419098 1003
1690134388371 0.21729418635368347 1004
1690134388387 0.21705390512943268 1005
1690134388411 0.21681377291679382 1006
1690134388428 0.21657375991344452 1007
1690134388451 0.21633394062519073 1008
1690134388467 0.2160942554473877 1009
1690134388486 0.2158547341823578 1010
1690134388508 0.21561536192893982 1011
1690134388524 0.21537615358829498 1012
1690134388540 0.21513712406158447 1013
1690134388564 0.2148982435464859 1014
1690134388587 0.21465954184532166 1015
1690134388604 0.21442095935344696 1016
1690134388620 0.2141825556755066 1017
1690134388644 0.21394428610801697 1018
1690134388660 0.21370616555213928 1019
1690134388686 0.21346823871135712 1020
1690134388716 0.2132304459810257 1021
1690134388748 0.2129928171634674 1022
1690134388772 0.21275535225868225 1023
1690134388796 0.21251802146434784 1024
1690134388812 0.21228089928627014 1025
1690134388836 0.212043896317482 1026
1690134388852 0.2118070423603058 1027
1690134388876 0.2115703821182251 1028
1690134388892 0.21133384108543396 1029
1690134388916 0.21109747886657715 1030
1690134388932 0.2108612358570099 1031
1690134388956 0.21062521636486053 1032
1690134388972 0.21038931608200073 1033
1690134388997 0.21015356481075287 1034
1690134389013 0.20991796255111694 1035
1690134389037 0.20968255400657654 1036
1690134389053 0.20944729447364807 1037
1690134389069 0.20921218395233154 1038
1690134389093 0.20897722244262695 1039
1690134389117 0.2087424099445343 1040
1690134389133 0.20850777626037598 1041
1690134389157 0.2082732915878296 1042
1690134389173 0.20803895592689514 1043
1690134389189 0.20780479907989502 1044
1690134389213 0.20757080614566803 1045
1690134389237 0.2073369324207306 1046
1690134389253 0.20710323750972748 1047
1690134389277 0.2068696916103363 1048
1690134389301 0.20663627982139587 1049
1690134389317 0.20640304684638977 1050
1690134389341 0.2061700075864792 1051
1690134389365 0.20593711733818054 1052
1690134389389 0.20570434629917145 1053
1690134389405 0.20547175407409668 1054
1690134389429 0.20523934066295624 1055
1690134389445 0.20500704646110535 1056
1690134389469 0.20477494597434998 1057
1690134389488 0.20454296469688416 1058
1690134389501 0.20431113243103027 1059
1690134389525 0.20407947897911072 1060
1690134389549 0.2038480043411255 1061
1690134389565 0.2036166489124298 1062
1690134389588 0.20338547229766846 1063
1690134389605 0.20315447449684143 1064
1690134389621 0.20292356610298157 1065
1690134389637 0.20269285142421722 1066
1690134389661 0.202462300658226 1067
1690134389688 0.20223191380500793 1068
1690134389710 0.2020016461610794 1069
1690134389726 0.2017715573310852 1070
1690134389750 0.20154163241386414 1071
1690134389766 0.2013118416070938 1072
1690134389790 0.2010822296142578 1073
1690134389806 0.20085276663303375 1074
1690134389830 0.20062340795993805 1075
1690134389846 0.20039427280426025 1076
1690134389870 0.200165256857872 1077
1690134389894 0.19993643462657928 1078
1690134389918 0.1997077465057373 1079
1690134389934 0.19947919249534607 1080
1690134389950 0.19925081729888916 1081
1690134389974 0.19902260601520538 1082
1690134389998 0.19879454374313354 1083
1690134390014 0.19856661558151245 1084
1690134390039 0.1983388513326645 1085
1690134390054 0.19811126589775085 1086
1690134390086 0.19788381457328796 1087
1690134390102 0.19765649735927582 1088
1690134390126 0.19742938876152039 1089
1690134390150 0.1972024291753769 1090
1690134390174 0.19697563350200653 1091
1690134390199 0.19674891233444214 1092
1690134390215 0.19652241468429565 1093
1690134390239 0.1962960660457611 1094
1690134390255 0.1960698664188385 1095
1690134390279 0.19584381580352783 1096
1690134390295 0.19561795890331268 1097
1690134390319 0.19539222121238708 1098
1690134390343 0.19516661763191223 1099
1690134390359 0.19494116306304932 1100
1690134390383 0.1947159320116043 1101
1690134390399 0.19449082016944885 1102
1690134390423 0.19426587224006653 1103
1690134390439 0.19404105842113495 1104
1690134390455 0.1938164234161377 1105
1690134390479 0.1935919225215912 1106
1690134390495 0.19336757063865662 1107
1690134390519 0.19314339756965637 1108
1690134390535 0.19291940331459045 1109
1690134390559 0.1926955133676529 1110
1690134390575 0.19247177243232727 1111
1690134390599 0.1922481805086136 1112
1690134390615 0.19202476739883423 1113
1690134390639 0.1918015331029892 1114
1690134390655 0.1915784478187561 1115
1690134390679 0.19135549664497375 1116
1690134390703 0.19113270938396454 1117
1690134390719 0.19091008603572845 1118
1690134390751 0.1906876116991043 1119
1690134390775 0.1904652714729309 1120
1690134390799 0.19024309515953064 1121
1690134390823 0.1900211125612259 1122
1690134390847 0.18979918956756592 1123
1690134390871 0.18957750499248505 1124
1690134390919 0.1893559694290161 1125
1690134390951 0.18913453817367554 1126
1690134390983 0.18891330063343048 1127
1690134391008 0.18869219720363617 1128
1690134391032 0.188471257686615 1129
1690134391048 0.18825045228004456 1130
1690134391072 0.18802976608276367 1131
1690134391089 0.1878093183040619 1132
1690134391112 0.18758897483348846 1133
1690134391128 0.18736881017684937 1134
1690134391152 0.187148779630661 1135
1690134391168 0.1869289129972458 1136
1690134391192 0.1867091953754425 1137
1690134391216 0.18648964166641235 1138
1690134391232 0.18627026677131653 1139
1690134391257 0.18605101108551025 1140
1690134391281 0.18583190441131592 1141
1690134391297 0.18561296164989471 1142
1690134391329 0.18539416790008545 1143
1690134391353 0.1851755678653717 1144
1690134391377 0.18495704233646393 1145
1690134391401 0.18473872542381287 1146
1690134391418 0.18452055752277374 1147
1690134391442 0.18430252373218536 1148
1690134391466 0.18408463895320892 1149
1690134391490 0.18386691808700562 1150
1690134391514 0.18364934623241425 1151
1690134391538 0.1834319531917572 1152
1690134391554 0.1832147091627121 1153
1690134391586 0.18299761414527893 1154
1690134391602 0.18278062343597412 1155
1690134391627 0.18256384134292603 1156
1690134391651 0.18234719336032867 1157
1690134391675 0.18213069438934326 1158
1690134391690 0.1819143295288086 1159
1690134391714 0.18169817328453064 1160
1690134391738 0.18148210644721985 1161
1690134391754 0.18126621842384338 1162
1690134391786 0.18105047941207886 1163
1690134391802 0.18083488941192627 1164
1690134391827 0.18061941862106323 1165
1690134391851 0.1804041564464569 1166
1690134391875 0.18018904328346252 1167
1690134391899 0.1799740493297577 1168
1690134391923 0.17975923418998718 1169
1690134391939 0.1795445680618286 1170
1690134391971 0.17933005094528198 1171
1690134391987 0.1791156679391861 1172
1690134392011 0.17890146374702454 1173
1690134392035 0.17868739366531372 1174
1690134392067 0.17847347259521484 1175
1690134392091 0.1782597005367279 1176
1690134392110 0.1780461072921753 1177
1690134392131 0.17783263325691223 1178
1690134392155 0.1776193082332611 1179
1690134392179 0.17740613222122192 1180
1690134392203 0.17719312012195587 1181
1690134392227 0.17698027193546295 1182
1690134392251 0.17676758766174316 1183
1690134392275 0.17655503749847412 1184
1690134392308 0.1763426661491394 1185
1690134392332 0.17613041400909424 1186
1690134392348 0.175918310880661 1187
1690134392372 0.1757063865661621 1188
1690134392392 0.17549461126327515 1189
1690134392412 0.17528298497200012 1190
1690134392428 0.17507147789001465 1191
1690134392452 0.1748601198196411 1192
1690134392476 0.1746489703655243 1193
1690134392500 0.17443794012069702 1194
1690134392516 0.1742270290851593 1195
1690134392540 0.1740162968635559 1196
1690134392564 0.17380569875240326 1197
1690134392588 0.17359527945518494 1198
1690134392613 0.17338499426841736 1199
1690134392637 0.17317485809326172 1200
1690134392661 0.1729649305343628 1201
1690134392692 0.17275507748126984 1202
1690134392716 0.1725454032421112 1203
1690134392740 0.17233586311340332 1204
1690134392772 0.17212647199630737 1205
1690134392796 0.17191724479198456 1206
1690134392820 0.1717081367969513 1207
1690134392836 0.17149923741817474 1208
1690134392860 0.17129042744636536 1209
1690134392884 0.1710817962884903 1210
1690134392908 0.17087331414222717 1211
1690134392924 0.17066499590873718 1212
1690134392948 0.17045678198337555 1213
1690134392964 0.17024874687194824 1214
1690134392988 0.17004087567329407 1215
1690134393004 0.16983315348625183 1216
1690134393028 0.16962558031082153 1217
1690134393044 0.16941815614700317 1218
1690134393060 0.16921088099479675 1219
1690134393084 0.16900372505187988 1220
1690134393100 0.16879674792289734 1221
1690134393116 0.16858990490436554 1222
1690134393140 0.16838324069976807 1223
1690134393156 0.16817669570446014 1224
1690134393180 0.16797031462192535 1225
1690134393197 0.1677641123533249 1226
1690134393221 0.16755804419517517 1227
1690134393237 0.1673520803451538 1228
1690134393253 0.16714632511138916 1229
1690134393277 0.16694065928459167 1230
1690134393292 0.1667352020740509 1231
1690134393317 0.1665298491716385 1232
1690134393333 0.1663246750831604 1233
1690134393357 0.16611963510513306 1234
1690134393381 0.16591474413871765 1235
1690134393397 0.16571001708507538 1236
1690134393421 0.16550543904304504 1237
1690134393445 0.16530099511146545 1238
1690134393469 0.1650967299938202 1239
1690134393485 0.16489259898662567 1240
1690134393510 0.1646885871887207 1241
1690134393533 0.16448473930358887 1242
1690134393597 0.16428104043006897 1243
1690134393621 0.1640775054693222 1244
1690134393645 0.16387411952018738 1245
1690134393669 0.1636708676815033 1246
1690134393693 0.16346777975559235 1247
1690134393725 0.16326482594013214 1248
1690134393749 0.16306202113628387 1249
1690134393773 0.16285938024520874 1250
1690134393797 0.16265685856342316 1251
1690134393813 0.1624544858932495 1252
1690134393829 0.162252277135849 1253
1690134393861 0.16205020248889923 1254
1690134393877 0.16184832155704498 1255
1690134393893 0.16164657473564148 1256
1690134393917 0.16144494712352753 1257
1690134393933 0.1612434983253479 1258
1690134393957 0.1610421985387802 1259
1690134393973 0.16084106266498566 1260
1690134393997 0.16064001619815826 1261
1690134394013 0.16043919324874878 1262
1690134394037 0.16023847460746765 1263
1690134394053 0.16003790497779846 1264
1690134394077 0.15983746945858002 1265
1690134394093 0.1596372276544571 1266
1690134394117 0.15943709015846252 1267
1690134394133 0.15923713147640228 1268
1690134394157 0.1590372920036316 1269
1690134394181 0.15883758664131165 1270
1690134394198 0.1586380898952484 1271
1690134394222 0.15843871235847473 1272
1690134394238 0.1582394391298294 1273
1690134394254 0.1580403745174408 1274
1690134394278 0.15784142911434174 1275
1690134394302 0.157642662525177 1276
1690134394318 0.15744400024414062 1277
1690134394342 0.15724550187587738 1278
1690134394366 0.15704715251922607 1279
1690134394382 0.1568489819765091 1280
1690134394406 0.15665093064308167 1281
1690134394430 0.15645302832126617 1282
1690134394446 0.15625526010990143 1283
1690134394470 0.1560576856136322 1284
1690134394486 0.15586023032665253 1285
1690134394502 0.1556628942489624 1286
1690134394527 0.1554657518863678 1287
1690134394542 0.15526872873306274 1288
1690134394566 0.15507188439369202 1289
1690134394590 0.15487515926361084 1290
1690134394610 0.1546785831451416 1291
1690134394631 0.1544821709394455 1292
1690134394647 0.15428590774536133 1293
1690134394671 0.1540897786617279 1294
1690134394687 0.15389381349086761 1295
1690134394711 0.15369798243045807 1296
1690134394735 0.15350233018398285 1297
1690134394751 0.15330679714679718 1298
1690134394775 0.15311141312122345 1299
1690134394794 0.15291614830493927 1300
1690134394815 0.1527210772037506 1301
1690134394831 0.1525261402130127 1302
1690134394855 0.15233133733272552 1303
1690134394871 0.15213671326637268 1304
1690134394895 0.1519421935081482 1305
1690134394919 0.15174788236618042 1306
1690134394935 0.1515536606311798 1307
1690134394959 0.15135961771011353 1308
1690134394975 0.15116572380065918 1309
1690134394999 0.15097194910049438 1310
1690134395015 0.15077832341194153 1311
1690134395039 0.150584876537323 1312
1690134395055 0.15039154887199402 1313
1690134395079 0.15019838511943817 1314
1690134395095 0.15000535547733307 1315
1690134395119 0.1498124897480011 1316
1690134395135 0.14961975812911987 1317
1690134395159 0.14942719042301178 1318
1690134395175 0.14923474192619324 1319
1690134395199 0.14904245734214783 1320
1690134395215 0.14885029196739197 1321
1690134395239 0.14865833520889282 1322
1690134395255 0.14846649765968323 1323
1690134395279 0.14827480912208557 1324
1690134395303 0.14808328449726105 1325
1690134395319 0.14789186418056488 1326
1690134395343 0.14770065248012543 1327
1690134395367 0.14750953018665314 1328
1690134395383 0.14731861650943756 1329
1690134395399 0.14712779223918915 1330
1690134395423 0.14693714678287506 1331
1690134395439 0.14674663543701172 1332
1690134395463 0.14655627310276031 1333
1690134395479 0.14636608958244324 1334
1690134395503 0.14617601037025452 1335
1690134395519 0.14598608016967773 1336
1690134395543 0.14579632878303528 1337
1690134395560 0.14560666680335999 1338
1690134395583 0.1454171985387802 1339
1690134395608 0.14522787928581238 1340
1690134395632 0.1450386643409729 1341
1690134395656 0.14484964311122894 1342
1690134395688 0.14466074109077454 1343
1690134395720 0.14447200298309326 1344
1690134395744 0.14428338408470154 1345
1690134395776 0.14409491419792175 1346
1690134395808 0.1439066231250763 1347
1690134395848 0.14371846616268158 1348
1690134395880 0.14353042840957642 1349
1690134395912 0.14334255456924438 1350
1690134395944 0.14315487444400787 1351
1690134395976 0.1429673135280609 1352
1690134396000 0.1427798867225647 1353
1690134396033 0.142592653632164 1354
1690134396057 0.14240553975105286 1355
1690134396081 0.14221857488155365 1356
1690134396097 0.14203175902366638 1357
1690134396129 0.14184507727622986 1358
1690134396153 0.14165854454040527 1359
1690134396177 0.14147219061851501 1360
1690134396201 0.1412859410047531 1361
1690134396226 0.14109984040260315 1362
1690134396243 0.14091390371322632 1363
1690134396266 0.14072811603546143 1364
1690134396282 0.14054244756698608 1365
1690134396306 0.14035695791244507 1366
1690134396338 0.1401715874671936 1367
1690134396362 0.13998636603355408 1368
1690134396395 0.1398012936115265 1369
1690134396418 0.13961637020111084 1370
1690134396443 0.13943161070346832 1371
1690134396466 0.13924698531627655 1372
1690134396495 0.13906249403953552 1373
1690134396515 0.13887819647789001 1374
1690134396540 0.13869401812553406 1375
1690134396563 0.13850998878479004 1376
1690134396588 0.13832607865333557 1377
1690134396604 0.13814236223697662 1378
1690134396628 0.13795875012874603 1379
1690134396652 0.13777530193328857 1380
1690134396684 0.13759200274944305 1381
1690134396709 0.13740886747837067 1382
1690134396733 0.1372258961200714 1383
1690134396757 0.1370430439710617 1384
1690134396781 0.13686032593250275 1385
1690134396813 0.13667777180671692 1386
1690134396837 0.13649536669254303 1387
1690134396869 0.13631311058998108 1388
1690134396896 0.13613098859786987 1389
1690134396926 0.1359490305185318 1390
1690134396959 0.13576720654964447 1391
1690134397076 0.13558551669120789 1392
1690134397105 0.13540399074554443 1393
1690134397144 0.13522261381149292 1394
1690134397176 0.13504138588905334 1395
1690134397200 0.13486027717590332 1396
1690134397232 0.13467936217784882 1397
1690134397256 0.13449855148792267 1398
1690134397280 0.13431790471076965 1399
1690134397296 0.13413740694522858 1400
1690134397320 0.13395705819129944 1401
1690134397344 0.13377685844898224 1402
1690134397368 0.13359680771827698 1403
1690134397400 0.13341686129570007 1404
1690134397416 0.1332370936870575 1405
1690134397440 0.13305747509002686 1406
1690134397464 0.13287799060344696 1407
1690134397488 0.1326986700296402 1408
1690134397512 0.13251951336860657 1409
1690134397544 0.1323404610157013 1410
1690134397568 0.13216158747673035 1411
1690134397585 0.13198286294937134 1412
1690134397609 0.13180428743362427 1413
1690134397633 0.13162583112716675 1414
1690134397649 0.13144756853580475 1415
1690134397665 0.1312694251537323 1416
1690134397689 0.1310914307832718 1417
1690134397705 0.13091358542442322 1418
1690134397729 0.1307358741760254 1419
1690134397745 0.1305583417415619 1420
1690134397761 0.13038092851638794 1421
1690134397785 0.13020364940166473 1422
1690134397801 0.13002656400203705 1423
1690134397826 0.12984956800937653 1424
1690134397842 0.12967276573181152 1425
1690134397866 0.12949605286121368 1426
1690134397882 0.12931954860687256 1427
1690134397898 0.1291431486606598 1428
1690134397930 0.12896689772605896 1429
1690134397962 0.12879081070423126 1430
1690134397994 0.1286148577928543 1431
1690134398026 0.1284390389919281 1432
1690134398058 0.1282634139060974 1433
1690134398082 0.12808789312839508 1434
1690134398114 0.12791255116462708 1435
1690134398141 0.127737358212471 1436
1690134398163 0.12756231427192688 1437
1690134398187 0.1273874044418335 1438
1690134398214 0.12721265852451324 1439
1690134398236 0.12703803181648254 1440
1690134398260 0.12686359882354736 1441
1690134398290 0.12668928503990173 1442
1690134398311 0.12651507556438446 1443
1690134398340 0.1263410598039627 1444
1690134398364 0.1261671930551529 1445
1690134398388 0.12599346041679382 1446
1690134398413 0.1258198618888855 1447
1690134398429 0.1256464421749115 1448
1690134398454 0.12547312676906586 1449
1690134398471 0.12529996037483215 1450
1690134398494 0.12512695789337158 1451
1690134398514 0.12495413422584534 1452
1690134398527 0.12478142976760864 1453
1690134398552 0.1246088445186615 1454
1690134398573 0.12443644553422928 1455
1690134398592 0.1242641806602478 1456
1690134398616 0.12409207969903946 1457
1690134398632 0.12392009794712067 1458
1690134398653 0.12374825775623322 1459
1690134398674 0.1235765814781189 1460
1690134398698 0.12340506166219711 1461
1690134398717 0.12323369085788727 1462
1690134398738 0.12306244671344757 1463
1690134398760 0.122891366481781 1464
1690134398781 0.12272043526172638 1465
1690134398797 0.1225496381521225 1466
1690134398813 0.12237899005413055 1467
1690134398838 0.12220849841833115 1468
1690134398856 0.12203815579414368 1469
1690134398877 0.12186796963214874 1470
1690134398896 0.12169789522886276 1471
1690134398912 0.12152799963951111 1472
1690134398936 0.1213582456111908 1473
1690134398953 0.12118862569332123 1474
1690134398977 0.1210191622376442 1475
1690134399001 0.1208498477935791 1476
1690134399026 0.12068066000938416 1477
1690134399051 0.12051165103912354 1478
1690134399075 0.12034275382757187 1479
1690134399101 0.12017402797937393 1480
1690134399115 0.12000542879104614 1481
1690134399138 0.1198369711637497 1482
1690134399163 0.11966866999864578 1483
1690134399179 0.11950051784515381 1484
1690134399198 0.11933252215385437 1485
1690134399219 0.11916466057300568 1486
1690134399251 0.11899694800376892 1487
1690134399283 0.11882941424846649 1488
1690134399300 0.11866201460361481 1489
1690134399325 0.11849473416805267 1490
1690134399349 0.11832764744758606 1491
1690134399374 0.11816070973873138 1492
1690134399389 0.11799389123916626 1493
1690134399414 0.11782722175121307 1494
1690134399432 0.11766067147254944 1495
1690134399453 0.11749430000782013 1496
1690134399471 0.11732807755470276 1497
1690134399487 0.11716199666261673 1498
1690134399507 0.11699605733156204 1499
1690134399528 0.1168302446603775 1500
1690134399552 0.1166645884513855 1501
1690134399571 0.11649911105632782 1502
1690134399585 0.11633375287055969 1503
1690134399602 0.1161685436964035 1504
1690134399626 0.11600349843502045 1505
1690134399645 0.11583857238292694 1506
1690134399658 0.11567382514476776 1507
1690134399683 0.11550922691822052 1508
1690134399700 0.11534474790096283 1509
1690134399720 0.11518041789531708 1510
1690134399732 0.11501625180244446 1511
1690134399757 0.11485222727060318 1512
1690134399773 0.11468833684921265 1513
1690134399790 0.11452461034059525 1514
1690134399806 0.11436104774475098 1515
1690134399831 0.11419759690761566 1516
1690134399848 0.11403429508209229 1517
1690134399869 0.11387117952108383 1518
1690134399888 0.11370816826820374 1519
1690134399905 0.11354532092809677 1520
1690134399923 0.11338264495134354 1521
1690134399945 0.11322008073329926 1522
1690134399965 0.11305767297744751 1523
1690134399978 0.1128954142332077 1524
1690134400003 0.11273329704999924 1525
1690134400019 0.1125713512301445 1526
1690134400044 0.11240951716899872 1527
1690134400072 0.11224786937236786 1528
1690134400093 0.11208633333444595 1529
1690134400109 0.11192495375871658 1530
1690134400125 0.11176374554634094 1531
1690134400149 0.11160262674093246 1532
1690134400168 0.11144168674945831 1533
1690134400182 0.1112809032201767 1534
1690134400205 0.11112023890018463 1535
1690134400224 0.1109597384929657 1536
1690134400248 0.1107994094491005 1537
1690134400264 0.11063921451568604 1538
1690134400289 0.11047916114330292 1539
1690134400306 0.11031925678253174 1540
1690134400329 0.11015951633453369 1541
1690134400354 0.1099998950958252 1542
1690134400370 0.10984045267105103 1543
1690134400407 0.1096811294555664 1544
1690134400435 0.10952195525169373 1545
1690134400459 0.10936291515827179 1546
1690134400488 0.10920404642820358 1547
1690134400508 0.10904532670974731 1548
1690134400524 0.10888674855232239 1549
1690134400549 0.10872832685709 1550
1690134400565 0.10857000201940536 1551
1690134400590 0.10841187834739685 1552
1690134400606 0.10825388133525848 1553
1690134400631 0.10809603333473206 1554
1690134400648 0.10793834924697876 1555
1690134400670 0.10778078436851501 1556
1690134400688 0.1076233759522438 1557
1690134400704 0.10746611654758453 1558
1690134400729 0.1073089987039566 1559
1690134400745 0.10715202987194061 1560
1690134400769 0.10699521005153656 1561
1690134400787 0.10683853924274445 1562
1690134400808 0.10668200254440308 1563
1690134400826 0.10652564465999603 1564
1690134400843 0.10636942088603973 1565
1690134400867 0.10621334612369537 1566
1690134400883 0.10605740547180176 1567
1690134400907 0.10590161383152008 1568
1690134400925 0.10574599355459213 1569
1690134400947 0.10559050738811493 1570
1690134400968 0.10543514788150787 1571
1690134400980 0.10527996718883514 1572
1690134401005 0.10512490570545197 1573
1690134401021 0.10497000813484192 1574
1690134401046 0.10481524467468262 1575
1690134401078 0.10466064512729645 1576
1690134401103 0.10450617223978043 1577
1690134401119 0.10435184091329575 1578
1690134401139 0.1041976660490036 1579
1690134401160 0.1040436401963234 1580
1690134401184 0.10388974845409393 1581
1690134401203 0.1037360280752182 1582
1690134401224 0.10358244180679321 1583
1690134401248 0.10342900454998016 1584
1690134401267 0.10327571630477905 1585
1690134401289 0.10312256962060928 1586
1690134401305 0.10296957939863205 1587
1690134401330 0.10281674563884735 1588
1690134401354 0.102664053440094 1589
1690134401379 0.10251149535179138 1590
1690134401400 0.1023591011762619 1591
1690134401416 0.10220684111118317 1592
1690134401438 0.10205473005771637 1593
1690134401453 0.10190276056528091 1594
1690134401478 0.1017509400844574 1595
1690134401500 0.10159926116466522 1596
1690134401519 0.10144773870706558 1597
1690134401535 0.10129635035991669 1598
1690134401560 0.10114513337612152 1599
1690134401576 0.1009940430521965 1600
1690134401600 0.10084311664104462 1601
1690134401619 0.10069231688976288 1602
1690134401632 0.10054166615009308 1603
1690134401656 0.10039117932319641 1604
1690134401672 0.10024082660675049 1605
1690134401697 0.1000906229019165 1606
1690134401715 0.09994054585695267 1607
1690134401737 0.09979063272476196 1608
1690134401757 0.09964089095592499 1609
1690134401778 0.09949126839637756 1610
1690134401801 0.09934180974960327 1611
1690134401827 0.09919248521327972 1612
1690134401851 0.09904331713914871 1613
1690134401867 0.09889428317546844 1614
1690134401892 0.09874540567398071 1615
1690134401909 0.09859667718410492 1616
1690134401928 0.09844808280467987 1617
1690134401951 0.09829965233802795 1618
1690134401967 0.09815135598182678 1619
1690134401983 0.09800321608781815 1620
1690134402008 0.09785521030426025 1621
1690134402032 0.0977073535323143 1622
1690134402049 0.09755964577198029 1623
1690134402081 0.09741206467151642 1624
1690134402099 0.09726464748382568 1625
1690134402113 0.09711739420890808 1626
1690134402138 0.09697026759386063 1627
1690134402154 0.09682328253984451 1628
1690134402179 0.09667645394802094 1629
1690134402195 0.0965297743678093 1630
1690134402216 0.096383236348629 1631
1690134402237 0.09623683989048004 1632
1690134402258 0.09609059244394302 1633
1690134402278 0.09594452381134033 1634
1690134402294 0.09579857438802719 1635
1690134402318 0.09565277397632599 1636
1690134402344 0.09550711512565613 1637
1690134402381 0.0953616052865982 1638
1690134402397 0.09521624445915222 1639
1690134402419 0.09507104754447937 1640
1690134402434 0.09492596983909607 1641
1690134402454 0.0947810560464859 1642
1690134402472 0.09463629126548767 1643
1690134402487 0.09449166059494019 1644
1690134402511 0.09434716403484344 1645
1690134402527 0.09420282393693924 1646
1690134402552 0.09405861794948578 1647
1690134402568 0.09391455352306366 1648
1690134402590 0.09377066045999527 1649
1690134402610 0.09362691640853882 1650
1690134402626 0.09348329901695251 1651
1690134402642 0.09333986043930054 1652
1690134402667 0.09319651126861572 1653
1690134402685 0.09305336326360703 1654
1690134402707 0.09291033446788788 1655
1690134402740 0.09276749193668365 1656
1690134402765 0.09262478351593018 1657
1690134402790 0.09248217940330505 1658
1690134402814 0.09233975410461426 1659
1690134402839 0.0921974703669548 1660
1690134402866 0.0920553207397461 1661
1690134402888 0.09191332757472992 1662
1690134402912 0.09177148342132568 1663
1690134402944 0.09162978827953339 1664
1690134402977 0.09148820489645004 1665
1690134403016 0.09134681522846222 1666
1690134403048 0.09120550751686096 1667
1690134403080 0.09106442332267761 1668
1690134407621 0.09092345833778381 1669
1690134407637 0.09078262001276016 1670
1690134407662 0.09064194560050964 1671
1690134407682 0.09050139784812927 1672
1690134407703 0.09036100655794144 1673
1690134407720 0.09022075682878494 1674
1690134407744 0.09008066356182098 1675
1690134407763 0.08994073420763016 1676
1690134407784 0.0898008868098259 1677
1690134407809 0.08966124057769775 1678
1690134407827 0.08952170610427856 1679
1690134407850 0.0893823504447937 1680
1690134407869 0.08924312889575958 1681
1690134407892 0.0891040712594986 1682
1690134407914 0.08896514773368835 1683
1690134407925 0.08882637321949005 1684
1690134407949 0.0886877179145813 1685
1690134407965 0.08854925632476807 1686
1690134407987 0.08841090649366379 1687
1690134408007 0.08827269077301025 1688
1690134408022 0.08813463896512985 1689
1690134408046 0.08799673616886139 1690
1690134408062 0.08785896003246307 1691
1690134408083 0.0877213329076767 1692
1690134408103 0.08758384734392166 1693
1690134408119 0.08744654059410095 1694
1690134408143 0.0873093381524086 1695
1690134408159 0.08717230707406998 1696
1690134408179 0.0870354101061821 1697
1690134408200 0.08689866214990616 1698
1690134408217 0.08676206320524216 1699
1690134408233 0.08662563562393188 1700
1690134408258 0.08648931980133057 1701
1690134408275 0.08635316789150238 1702
1690134408298 0.08621713519096375 1703
1690134408331 0.08608128130435944 1704
1690134408350 0.08594554662704468 1705
1690134408371 0.08580997586250305 1706
1690134408395 0.08567452430725098 1707
1690134408413 0.08553924411535263 1708
1690134408435 0.08540412038564682 1709
1690134408460 0.08526912331581116 1710
1690134408484 0.08513425290584564 1711
1690134408509 0.08499954640865326 1712
1690134408541 0.08486498147249222 1713
1690134408563 0.08473055064678192 1714
1690134408584 0.08459629863500595 1715
1690134408607 0.08446216583251953 1716
1690134408629 0.08432818204164505 1717
1690134408654 0.08419433236122131 1718
1690134408680 0.08406060934066772 1719
1690134408717 0.08392709493637085 1720
1690134408751 0.08379364758729935 1721
1690134408787 0.08366040885448456 1722
1690134408818 0.08352727442979813 1723
1690134408840 0.08339433372020721 1724
1690134408864 0.08326151221990585 1725
1690134408896 0.08312883228063583 1726
1690134408936 0.08299629390239716 1727
1690134408961 0.08286392688751221 1728
1690134408985 0.08273166418075562 1729
1690134409001 0.08259958773851395 1730
1690134409025 0.08246762305498123 1731
1690134409042 0.08233580738306046 1732
1690134409066 0.08220413327217102 1733
1690134409086 0.08207261562347412 1734
1690134409108 0.08194124698638916 1735
1690134409131 0.08181001245975494 1736
1690134409149 0.08167894184589386 1737
1690134409164 0.08154798299074173 1738
1690134409188 0.08141717314720154 1739
1690134409208 0.08128651976585388 1740
1690134409224 0.08115600049495697 1741
1690134409245 0.0810256376862526 1742
1690134409272 0.08089540898799896 1743
1690134409331 0.08076534420251846 1744
1690134409360 0.08063540607690811 1745
1690134409384 0.0805056095123291 1746
1690134409408 0.08037596940994263 1747
1690134409427 0.08024647831916809 1748
1690134409448 0.0801171213388443 1749
1690134409473 0.07998792827129364 1750
1690134409498 0.07985886186361313 1751
1690134409514 0.07972993701696396 1752
1690134409538 0.07960115373134613 1753
1690134409565 0.07947254180908203 1754
1690134409578 0.07934404164552689 1755
1690134409607 0.07921569794416428 1756
1690134409626 0.0790875032544136 1757
1690134409643 0.07895942777395248 1758
1690134409667 0.0788315013051033 1759
1690134409704 0.07870374619960785 1760
1690134409731 0.07857611775398254 1761
1690134409748 0.07844863831996918 1762
1690134409781 0.07832129299640656 1763
1690134409798 0.07819409668445587 1764
1690134409814 0.07806704193353653 1765
1690134409837 0.07794012874364853 1766
1690134409853 0.07781336456537247 1767
1690134409869 0.07768674194812775 1768
1690134409885 0.07756027579307556 1769
1690134409909 0.07743393629789352 1770
1690134409928 0.07730774581432343 1771
1690134409949 0.07718168944120407 1772
1690134409965 0.07705579698085785 1773
1690134409981 0.07693003863096237 1774
1690134410004 0.07680442929267883 1775
1690134410020 0.07667896151542664 1776
1690134410036 0.07655364274978638 1777
1690134410056 0.07642845064401627 1778
1690134410077 0.0763033926486969 1779
1690134410099 0.07617850601673126 1780
1690134410114 0.07605374604463577 1781
1690134410136 0.07592911273241043 1782
1690134410152 0.07580463588237762 1783
1690134410173 0.07568030804395676 1784
1690134410195 0.07555610686540604 1785
1690134410214 0.07543207705020905 1786
1690134410229 0.0753081738948822 1787
1690134410251 0.0751844048500061 1788
1690134410270 0.07506080716848373 1789
1690134410285 0.07493734359741211 1790
1690134410302 0.07481400668621063 1791
1690134410323 0.07469083368778229 1792
1690134410341 0.07456779479980469 1793
1690134410357 0.07444489002227783 1794
1690134410376 0.07432213425636292 1795
1690134410397 0.07419952750205994 1796
1690134410409 0.07407703995704651 1797
1690134410436 0.07395470142364502 1798
1690134410452 0.07383252680301666 1799
1690134410472 0.07371047139167786 1800
1690134410484 0.07358856499195099 1801
1690134410509 0.07346682250499725 1802
1690134410525 0.07334519922733307 1803
1690134410547 0.07322372496128082 1804
1690134410562 0.07310238480567932 1805
1690134410578 0.07298117876052856 1806
1690134410600 0.07286012172698975 1807
1690134410621 0.07273921370506287 1808
1690134410637 0.07261845469474792 1809
1690134410658 0.07249780744314194 1810
1690134410675 0.07237733900547028 1811
1690134410696 0.07225698977708817 1812
1690134410718 0.07213679701089859 1813
1690134410739 0.07201674580574036 1814
1690134410755 0.07189682126045227 1815
1690134410771 0.07177706062793732 1816
1690134410792 0.0716574415564537 1817
1690134410813 0.07153794914484024 1818
1690134410826 0.07141859829425812 1819
1690134410850 0.07129939645528793 1820
1690134410867 0.0711803212761879 1821
1690134410890 0.0710613951086998 1822
1690134410911 0.07094260305166245 1823
1690134410931 0.07082396745681763 1824
1690134410942 0.07070545852184296 1825
1690134410968 0.07058709859848022 1826
1690134410994 0.07046888768672943 1827
1690134411016 0.07035081088542938 1828
1690134411028 0.07023285329341888 1829
1690134411053 0.07011507451534271 1830
1690134411075 0.06999741494655609 1831
1690134411096 0.06987990438938141 1832
1690134411117 0.06976251304149628 1833
1690134411135 0.06964529305696487 1834
1690134411156 0.06952820718288422 1835
1690134411176 0.0694112628698349 1836
1690134411197 0.06929444521665573 1837
1690134411210 0.0691777765750885 1838
1690134411234 0.0690612643957138 1839
1690134411252 0.06894488632678986 1840
1690134411277 0.06882862746715546 1841
1690134411298 0.06871252506971359 1842
1690134411315 0.06859657168388367 1843
1690134411336 0.06848073750734329 1844
1690134411352 0.06836505234241486 1845
1690134411368 0.06824952363967896 1846
1690134411390 0.06813409924507141 1847
1690134411411 0.068018838763237 1848
1690134411430 0.06790370494127274 1849
1690134411453 0.06778872758150101 1850
1690134411474 0.06767388433218002 1851
1690134411488 0.06755918264389038 1852
1690134411512 0.06744460016489029 1853
1690134411536 0.06733016669750214 1854
1690134411560 0.06721588224172592 1855
1690134411581 0.06710173934698105 1856
1690134411592 0.06698774546384811 1857
1690134411623 0.06687387824058533 1858
1690134411641 0.06676016002893448 1859
1690134411659 0.06664656102657318 1860
1690134411684 0.06653312593698502 1861
1690134411704 0.066419817507267 1862
1690134411723 0.06630665063858032 1863
1690134411745 0.06619361788034439 1864
1690134411767 0.0660807341337204 1865
1690134411784 0.06596798449754715 1866
1690134411803 0.06585536897182465 1867
1690134411820 0.06574289500713348 1868
1690134411844 0.06563056260347366 1869
1690134411861 0.06551837176084518 1870
1690134411880 0.06540631502866745 1871
1690134411902 0.06529439985752106 1872
1690134411918 0.06518259644508362 1873
1690134411935 0.0650709718465805 1874
1690134411959 0.06495945900678635 1875
1690134411976 0.06484811007976532 1876
1690134412002 0.06473685801029205 1877
1690134412022 0.06462579220533371 1878
1690134412040 0.06451485306024551 1879
1690134412061 0.06440404802560806 1880
1690134412079 0.06429338455200195 1881
1690134412095 0.06418285518884659 1882
1690134412115 0.06407245248556137 1883
1690134412140 0.06396220624446869 1884
1690134412157 0.06385209411382675 1885
1690134412172 0.06374211609363556 1886
1690134412189 0.06363227218389511 1887
1690134412211 0.063522569835186 1888
1690134412232 0.06341300904750824 1889
1690134412244 0.06330358237028122 1890
1690134412268 0.06319428980350494 1891
1690134412285 0.0630851462483406 1892
1690134412310 0.06297611445188522 1893
1690134412331 0.06286725401878357 1894
1690134412349 0.06275849789381027 1895
1690134412368 0.06264988332986832 1896
1690134412384 0.0625414252281189 1897
1690134412403 0.06243310496211052 1898
1690134412420 0.06232491880655289 1899
1690134412440 0.0622168704867363 1900
1690134412456 0.06210897117853165 1901
1690134412477 0.06200119107961655 1902
1690134412500 0.061893559992313385 1903
1690134412520 0.06178605556488037 1904
1690134412541 0.0616786926984787 1905
1690134412556 0.06157146394252777 1906
1690134412573 0.06146436929702759 1907
1690134412595 0.061357393860816956 1908
1690134412623 0.061250586062669754 1909
1690134412637 0.061143893748521805 1910
1690134412659 0.06103736534714699 1911
1690134412680 0.060930944979190826 1912
1690134412723 0.0608246773481369 1913
1690134412751 0.06071852892637253 1914
1690134412776 0.06061253696680069 1915
1690134412797 0.0605066642165184 1916
1690134412824 0.06040094047784805 1917
1690134412851 0.06029533967375755 1918
1690134412872 0.06018988788127899 1919
1690134412893 0.060084566473960876 1920
1690134412916 0.05997937172651291 1921
1690134412939 0.059874337166547775 1922
1690134412958 0.05976942181587219 1923
1690134412984 0.05966464802622795 1924
1690134413006 0.059560008347034454 1925
1690134413025 0.059455517679452896 1926
1690134413048 0.05935114622116089 1927
1690134413064 0.05924692004919052 1928
1690134413091 0.05914280563592911 1929
1690134413111 0.059038855135440826 1930
1690134413133 0.05893503129482269 1931
1690134413160 0.05883132666349411 1932
1690134413184 0.05872776359319687 1933
1690134413211 0.05862433463335037 1934
1690134413247 0.05852106958627701 1935
1690134413281 0.0584179051220417 1936
1690134413315 0.058314889669418335 1937
1690134413336 0.05821198970079422 1938
1690134413356 0.05810924619436264 1939
1690134413379 0.05800662189722061 1940
1690134413395 0.05790414661169052 1941
1690134413417 0.05780179426074028 1942
1690134413428 0.05769958347082138 1943
1690134413448 0.057597510516643524 1944
1690134413470 0.05749555677175522 1945
1690134413492 0.05739377439022064 1946
1690134413512 0.057292092591524124 1947
1690134413524 0.057190559804439545 1948
1690134413549 0.057089149951934814 1949
1690134413565 0.05698789283633232 1950
1690134413576 0.05688675493001938 1951
1690134413602 0.056785739958286285 1952
1690134413618 0.05668488144874573 1953
1690134413640 0.056584134697914124 1954
1690134413650 0.05648352950811386 1955
1690134413672 0.05638305842876434 1956
1690134413699 0.05628272518515587 1957
1690134413715 0.056182511150836945 1958
1690134413725 0.056082434952259064 1959
1690134413752 0.055982500314712524 1960
1690134413771 0.05588270351290703 1961
1690134413789 0.05578302592039108 1962
1690134413803 0.05568348616361618 1963
1690134413821 0.05558408051729202 1964
1690134413846 0.0554848238825798 1965
1690134413877 0.05538568273186684 1966
1690134413896 0.05528666079044342 1967
1690134413917 0.05518779903650284 1968
1690134413941 0.05508904904127121 1969
1690134413960 0.05499044060707092 1970
1690134413982 0.054891981184482574 1971
1690134414012 0.05479363352060318 1972
1690134414031 0.05469541251659393 1973
1690134414047 0.05459735170006752 1974
1690134414073 0.054499391466379166 1975
1690134414096 0.05440158024430275 1976
1690134414112 0.054303888231515884 1977
1690134414131 0.054206348955631256 1978
1690134414141 0.05410892143845558 1979
1690134414168 0.05401161313056946 1980
1690134414184 0.05391445755958557 1981
1690134414208 0.05381743609905243 1982
1690134414231 0.05372053384780884 1983
1690134414248 0.05362376943230629 1984
1690134414259 0.053527139127254486 1985
1690134414280 0.053430646657943726 1986
1690134414304 0.053334273397922516 1987
1690134414323 0.053238049149513245 1988
1690134414344 0.05314193665981293 1989
1690134414372 0.05304597318172455 1990
1690134414389 0.052950117737054825 1991
1690134414408 0.05285441875457764 1992
1690134414420 0.05275882035493851 1993
1690134414445 0.05266336351633072 1994
1690134414465 0.052568044513463974 1995
1690134414483 0.052472859621047974 1996
1690134414505 0.05237780511379242 1997
1690134414523 0.052282869815826416 1998
1690134414537 0.05218806862831116 1999
