1689088576365 0.3752106726169586 0
1689088576390 0.3628987967967987 1
1689088576405 0.3547653257846832 2
1689088576418 0.3483530282974243 3
1689088576430 0.3429179787635803 4
1689088576442 0.3381218910217285 5
1689088576457 0.33377888798713684 6
1689088576494 0.32977494597435 7
1689088576508 0.3260335922241211 8
1689088576523 0.32250189781188965 9
1689088576538 0.319141149520874 10
1689088576550 0.3159225285053253 11
1689088576562 0.3128240704536438 12
1689088576575 0.3098285496234894 13
1689088576589 0.30692291259765625 14
1689088576603 0.3040962815284729 15
1689088576616 0.3013400137424469 16
1689088576629 0.2986472249031067 17
1689088576640 0.29601210355758667 18
1689088576653 0.2934299111366272 19
1689088576666 0.29089653491973877 20
1689088576677 0.28840863704681396 21
1689088576734 0.28596311807632446 22
1689088576747 0.2835574448108673 23
1689088576757 0.28118932247161865 24
1689088576772 0.27885690331459045 25
1689088576786 0.2765582501888275 26
1689088576798 0.2742917537689209 27
1689088576810 0.27205607295036316 28
1689088576823 0.2698500156402588 29
1689088576836 0.26767224073410034 30
1689088576849 0.2655218243598938 31
1689088576861 0.26339757442474365 32
1689088576873 0.2612987160682678 33
1689088576886 0.25922447443008423 34
1689088576898 0.2571738362312317 35
1689088576909 0.2551461458206177 36
1689088576922 0.2531406879425049 37
1689088576935 0.25115665793418884 38
1689088576947 0.24919341504573822 39
1689088576959 0.2472502440214157 40
1689088576971 0.24532653391361237 41
1689088576985 0.24342164397239685 42
1689088576998 0.2415347695350647 43
1689088577009 0.23966529965400696 44
1689088577022 0.2378125786781311 45
1689088577035 0.2359759658575058 46
1689088577048 0.23415476083755493 47
1689088577059 0.23234823346138 48
1689088577073 0.2305559515953064 49
1689088577086 0.22877717018127441 50
1689088577099 0.22701126337051392 51
1689088577190 0.22525790333747864 52
1689088577203 0.22351670265197754 53
1689088577217 0.221787229180336 54
1689088577229 0.22006937861442566 55
1689088577241 0.2183627188205719 56
1689088577255 0.21666747331619263 57
1689088577271 0.21498329937458038 58
1689088577285 0.21331030130386353 59
1689088577300 0.21164844930171967 60
1689088577315 0.20999789237976074 61
1689088577331 0.2083585262298584 62
1689088577347 0.20673049986362457 63
1689088577363 0.20511382818222046 64
1689088577376 0.20350861549377441 65
1689088577391 0.20191484689712524 66
1689088577405 0.2003326565027237 67
1689088577422 0.19876199960708618 68
1689088577436 0.19720283150672913 69
1689088577449 0.19565540552139282 70
1689088577464 0.19411949813365936 71
1689088577480 0.1925952434539795 72
1689088577495 0.19108259677886963 73
1689088577508 0.18958158791065216 74
1689088577521 0.18809226155281067 75
1689088577534 0.18661487102508545 76
1689088577548 0.18515513837337494 77
1689088577559 0.1837269365787506 78
1689088577573 0.18227964639663696 79
1689088577588 0.1808273047208786 80
1689088577600 0.17940418422222137 81
1689088577614 0.17799532413482666 82
1689088577630 0.17659880220890045 83
1689088577641 0.17521356046199799 84
1689088577654 0.17383970320224762 85
1689088577668 0.17247706651687622 86
1689088577682 0.17112554609775543 87
1689088577693 0.16978520154953003 88
1689088577711 0.16845595836639404 89
1689088577727 0.1671377271413803 90
1689088577742 0.16583067178726196 91
1689088577760 0.1645345538854599 92
1689088577781 0.1632496416568756 93
1689088577803 0.16197584569454193 94
1689088577820 0.16071435809135437 95
1689088577837 0.15946559607982635 96
1689088577966 0.1582314521074295 97
1689088577978 0.15699884295463562 98
1689088577990 0.15577571094036102 99
1689088578002 0.1545621156692505 100
1689088578015 0.15336190164089203 101
1689088578026 0.15217258036136627 102
1689088578038 0.15099453926086426 103
1689088578050 0.14982683956623077 104
1689088578065 0.14866988360881805 105
1689088578078 0.14752309024333954 106
1689088578090 0.14638689160346985 107
1689088578103 0.145260751247406 108
1689088578116 0.14414551854133606 109
1689088578128 0.14304037392139435 110
1689088578139 0.14194655418395996 111
1689088578151 0.14086192846298218 112
1689088578164 0.13978779315948486 113
1689088578175 0.13872063159942627 114
1689088578189 0.1376640498638153 115
1689088578202 0.1366162896156311 116
1689088578215 0.1355794221162796 117
1689088578226 0.13455209136009216 118
1689088578239 0.13353508710861206 119
1689088578255 0.13252751529216766 120
1689088578271 0.13152998685836792 121
1689088578283 0.13054177165031433 122
1689088578298 0.12956355512142181 123
1689088578314 0.12859447300434113 124
1689088578326 0.12763553857803345 125
1689088578341 0.1266852617263794 126
1689088578354 0.12574496865272522 127
1689088578368 0.12481243908405304 128
1689088578381 0.12388988584280014 129
1689088578392 0.12297512590885162 130
1689088578406 0.12207027524709702 131
1689088578419 0.12117385119199753 132
1689088578432 0.12028709799051285 133
1689088578443 0.11940889060497284 134
1689088578455 0.11854016780853271 135
1689088578468 0.11767987906932831 136
1689088578480 0.11682896316051483 137
1689088578491 0.11598630249500275 138
1689088578505 0.11515302956104279 139
1689088578519 0.11432773619890213 140
1689088578532 0.11351172626018524 141
1689088578544 0.11270330846309662 142
1689088578556 0.1119040846824646 143
1689088578570 0.1111123263835907 144
1689088578583 0.11032964289188385 145
1689088578594 0.10955459624528885 146
1689088578606 0.10878853499889374 147
1689088578618 0.10803008079528809 148
1689088578631 0.10728053003549576 149
1689088578646 0.10653859376907349 150
1689088578658 0.10580537468194962 151
1689088578671 0.10507972538471222 152
1689088578684 0.10436268895864487 153
1689088578697 0.1036529690027237 154
1689088578708 0.10295189917087555 155
1689088578721 0.10225790739059448 156
1689088578734 0.10157236456871033 157
1689088578748 0.10089385509490967 158
1689088578761 0.10022369027137756 159
1689088578772 0.09956048429012299 160
1689088578785 0.09890557825565338 161
1689088578799 0.09825757145881653 162
1689088578810 0.09761781990528107 163
1689088578822 0.09698498249053955 164
1689088578835 0.09636014699935913 165
1689088578847 0.09574220329523087 166
1689088578858 0.09513223171234131 167
1689088578871 0.094528928399086 168
1689088578884 0.09393353760242462 169
1689088578898 0.09334468841552734 170
1689088578908 0.09276362508535385 171
1689088578921 0.09218902885913849 172
1689088578934 0.09162210673093796 173
1689088578947 0.091061532497406 174
1689088578957 0.0905086025595665 175
1689088579194 0.0899619534611702 176
1689088579206 0.08942285180091858 177
1689088579220 0.0888899639248848 178
1689088579233 0.08836452662944794 179
1689088579245 0.08784525096416473 180
1689088579257 0.08733336627483368 181
1689088579269 0.08682744204998016 182
1689088579282 0.08632881939411163 183
1689088579293 0.08583612740039825 184
1689088579307 0.08535060286521912 185
1689088579321 0.08487091958522797 186
1689088579334 0.08439832180738449 187
1689088579348 0.08393143117427826 188
1689088579359 0.08347155898809433 189
1689088579372 0.08301734179258347 190
1689088579385 0.08257000148296356 191
1689088579397 0.08212831616401672 192
1689088579408 0.0816933810710907 193
1689088579421 0.08126399666070938 194
1689088579434 0.0808413177728653 195
1689088579447 0.08042405545711517 196
1689088579463 0.0800134539604187 197
1689088579475 0.07960817962884903 198
1689088579490 0.07920942455530167 199
1689088579505 0.07881592214107513 200
1689088579518 0.07842887938022614 201
1689088579531 0.07804693281650543 202
1689088579543 0.07767141610383987 203
1689088579556 0.07730089873075485 204
1689088579569 0.07693670690059662 205
1689088579582 0.07657745480537415 206
1689088579595 0.0762244164943695 207
1689088579606 0.07587622851133347 208
1689088579619 0.07553421705961227 209
1689088579631 0.07519696652889252 210
1689088579643 0.07486575841903687 211
1689088579655 0.07453925907611847 212
1689088579667 0.07421866059303284 213
1689088579678 0.0739026889204979 214
1689088579689 0.07359263300895691 215
1689088579701 0.0732870101928711 216
1689088579714 0.07298717647790909 217
1689088579724 0.07269181311130524 218
1689088579737 0.07240210473537445 219
1689088579750 0.07211674749851227 220
1689088579762 0.07183700799942017 221
1689088579772 0.07156150043010712 222
1689088579785 0.07129152864217758 223
1689088579798 0.07102572172880173 224
1689088579809 0.07076534628868103 225
1689088579821 0.07050912082195282 226
1689088579834 0.07025820016860962 227
1689088579847 0.07001133263111115 228
1689088579857 0.06976968795061111 229
1689088579870 0.06953202188014984 230
1689088579882 0.06929957866668701 231
1689088579893 0.06907092779874802 232
1689088579905 0.06884746998548508 233
1689088579918 0.06862784922122955 234
1689088579929 0.06841327250003815 235
1689088579940 0.06820246577262878 236
1689088579952 0.06799667328596115 237
1689088579964 0.06779458373785019 238
1689088579974 0.06759750843048096 239
1689088579987 0.06740407645702362 240
1689088579999 0.06721556931734085 241
1689088580012 0.06703075766563416 242
1689088580024 0.06685081124305725 243
1689088580041 0.06667447090148926 244
1689088580060 0.06650301069021225 245
1689088580083 0.06633514910936356 246
1689088580102 0.06617209315299988 247
1689088580118 0.06601262837648392 248
1689088580136 0.0658579021692276 249
1689088580148 0.0657067596912384 250
1689088580160 0.06556031107902527 251
1689088580172 0.06541746854782104 252
1689088580185 0.06527920067310333 253
1689088580197 0.06514450907707214 254
1689088580208 0.06501436233520508 255
1689088580220 0.06488767266273499 256
1689088580233 0.0647655576467514 257
1689088580245 0.06464681774377823 258
1689088580255 0.06453253328800201 259
1689088580268 0.06442160904407501 260
1689088580280 0.06431502848863602 261
1689088580291 0.06421177089214325 262
1689088580303 0.06411272287368774 263
1689088580316 0.0640169158577919 264
1689088580328 0.06392526626586914 265
1689088580339 0.06383676081895828 266
1689088580351 0.06375229358673096 267
1689088580363 0.06367088854312897 268
1689088580374 0.06359344720840454 269
1689088580387 0.06351889669895172 270
1689088580399 0.06344819068908691 271
1689088580411 0.06338033080101013 272
1689088580422 0.06331616640090942 273
1689088580434 0.06325475126504898 274
1689088580446 0.06319685280323029 275
1689088580457 0.0631415992975235 276
1689088580470 0.06308974325656891 277
1689088580481 0.06304037570953369 278
1689088580492 0.06299427151679993 279
1689088580504 0.06295056641101837 280
1689088580516 0.06290992349386215 281
1689088580529 0.06287151575088501 282
1689088580539 0.06283605098724365 283
1689088580552 0.06280267238616943 284
1689088580565 0.06277203559875488 285
1689088580576 0.06274333596229553 286
1689088580587 0.06271720677614212 287
1689088580600 0.06269288063049316 288
1689088580613 0.06267088651657104 289
1689088580624 0.06265057623386383 290
1689088580637 0.06263238191604614 291
1689088580649 0.06261564791202545 292
1689088580662 0.06260088831186295 293
1689088580673 0.06258740276098251 294
1689088580686 0.06257566809654236 295
1689088580698 0.06256501376628876 296
1689088580708 0.06255590915679932 297
1689088580720 0.06254776567220688 298
1689088580732 0.06254088133573532 299
1689088580743 0.06253480911254883 300
1689088580755 0.0625298023223877 301
1689088580767 0.06252545118331909 302
1689088580779 0.06252191960811615 303
1689088580790 0.0625188797712326 304
1689088580803 0.06251654028892517 305
1689088580815 0.0625145435333252 306
1689088580826 0.0625130832195282 307
1689088580838 0.06251184642314911 308
1689088580851 0.06251097470521927 309
1689088580863 0.06251029670238495 310
1689088580874 0.06250980496406555 311
1689088580886 0.0625094622373581 312
1689088580900 0.06250928342342377 313
1689088580912 0.06250918656587601 314
1689088580923 0.06250908970832825 315
1689088580935 0.06250908970832825 316
1689088580948 0.06250910460948944 317
1689088580959 0.06250918656587601 318
1689088580971 0.06250923871994019 319
1689088580983 0.06250934302806854 320
1689088580995 0.06250941753387451 321
1689088581006 0.06250955164432526 322
1689088581018 0.06250960379838943 323
1689088581031 0.06250974535942078 324
1689088581041 0.06250976026058197 325
1689088581054 0.06250987946987152 326
1689088581067 0.0625099241733551 327
1689088581379 0.06251003593206406 328
1689088581389 0.06251005828380585 329
1689088581402 0.06251013278961182 330
1689088581414 0.06251011043787003 331
1689088581425 0.06251020729541779 332
1689088581436 0.062510184943676 333
1689088581449 0.06251028180122375 334
1689088581461 0.06251024454832077 335
1689088581473 0.06251034140586853 336
1689088581484 0.06251028925180435 337
1689088581497 0.06251037865877151 338
1689088581507 0.06251034140586853 339
1689088581520 0.0625104084610939 340
1689088581532 0.06251037120819092 341
1689088581543 0.0625104233622551 342
1689088581555 0.06251038610935211 343
1689088581567 0.0625104308128357 344
1689088581579 0.0625104010105133 345
1689088581590 0.06251043826341629 346
1689088581603 0.06251039355993271 347
1689088581615 0.06251044571399689 348
1689088581625 0.06251038610935211 349
1689088581638 0.06251045316457748 350
1689088581650 0.0625104159116745 351
1689088581663 0.06251048296689987 352
1689088581677 0.0625104308128357 353
1689088581716 0.06251046061515808 354
1689088581734 0.0625104308128357 355
1689088581747 0.06251046061515808 356
1689088581759 0.0625104159116745 357
1689088581771 0.06251047551631927 358
1689088581783 0.0625104233622551 359
1689088581795 0.06251046806573868 360
1689088581806 0.0625104308128357 361
1689088581819 0.06251046061515808 362
1689088581830 0.0625104308128357 363
1689088581841 0.06251049041748047 364
1689088581854 0.0625104308128357 365
1689088581866 0.06251047551631927 366
1689088581877 0.06251043826341629 367
1689088581888 0.06251049041748047 368
1689088581901 0.06251044571399689 369
1689088581913 0.06251047551631927 370
1689088581924 0.06251044571399689 371
1689088581936 0.06251046806573868 372
1689088581948 0.0625104233622551 373
1689088581959 0.06251049041748047 374
1689088581971 0.06251043826341629 375
1689088581984 0.06251048296689987 376
1689088581996 0.0625104010105133 377
1689088582007 0.06251047551631927 378
1689088582020 0.0625104159116745 379
1689088582033 0.06251048296689987 380
1689088582046 0.0625104159116745 381
1689088582057 0.06251047551631927 382
1689088582069 0.0625104308128357 383
1689088582082 0.06251047551631927 384
1689088582097 0.0625104233622551 385
1689088582111 0.06251046061515808 386
1689088582125 0.06251043826341629 387
1689088582139 0.06251047551631927 388
1689088582153 0.06251043826341629 389
1689088582166 0.06251047551631927 390
1689088582178 0.0625104084610939 391
1689088582192 0.06251047551631927 392
1689088582206 0.0625104308128357 393
1689088582222 0.06251047551631927 394
1689088582234 0.0625104233622551 395
1689088582247 0.06251046061515808 396
1689088582259 0.0625104084610939 397
1689088582274 0.06251048296689987 398
1689088582287 0.0625104233622551 399
1689088582300 0.06251049041748047 400
1689088582313 0.06251043826341629 401
1689088582324 0.06251049041748047 402
1689088582336 0.06251043826341629 403
1689088582350 0.06251049041748047 404
1689088582362 0.0625104308128357 405
1689088582373 0.06251047551631927 406
1689088582386 0.0625104308128357 407
1689088582398 0.06251047551631927 408
1689088582409 0.0625104308128357 409
1689088582421 0.06251049041748047 410
1689088582432 0.0625104308128357 411
1689088582444 0.06251049041748047 412
1689088582455 0.0625104308128357 413
1689088582467 0.06251045316457748 414
1689088582478 0.0625104308128357 415
1689088582490 0.06251046061515808 416
1689088582502 0.0625104159116745 417
1689088582514 0.06251047551631927 418
1689088582524 0.0625104159116745 419
1689088582537 0.06251048296689987 420
1689088582549 0.0625104159116745 421
1689088582560 0.06251048296689987 422
1689088582573 0.06251044571399689 423
1689088582585 0.06251049041748047 424
1689088582597 0.0625104159116745 425
1689088582608 0.06251046061515808 426
1689088582620 0.0625104159116745 427
1689088582632 0.06251047551631927 428
1689088582643 0.0625104010105133 429
1689088582655 0.06251046061515808 430
1689088582666 0.0625104308128357 431
1689088582679 0.06251046806573868 432
1689088582690 0.0625104159116745 433
1689088582702 0.06251046806573868 434
1689088582714 0.0625104010105133 435
1689088582725 0.06251046806573868 436
1689088582737 0.0625104233622551 437
1689088582750 0.06251045316457748 438
1689088582762 0.0625104308128357 439
1689088582772 0.06251050531864166 440
1689088582785 0.0625104233622551 441
1689088582797 0.06251047551631927 442
1689088582807 0.0625104308128357 443
1689088582820 0.06251048296689987 444
1689088582832 0.0625104308128357 445
1689088582844 0.06251046061515808 446
1689088582856 0.0625104233622551 447
1689088582868 0.06251046806573868 448
1689088582880 0.0625104308128357 449
1689088582892 0.06251047551631927 450
1689088582904 0.06251044571399689 451
1689088582916 0.06251046806573868 452
1689088582928 0.0625104308128357 453
1689088582939 0.06251049041748047 454
1689088582951 0.0625104233622551 455
1689088582962 0.06251047551631927 456
1689088582973 0.0625104159116745 457
1689088582986 0.06251044571399689 458
1689088582998 0.0625104308128357 459
1689088583008 0.06251045316457748 460
1689088583021 0.0625104233622551 461
1689088583033 0.06251049041748047 462
1689088583044 0.0625104308128357 463
1689088583055 0.06251049786806107 464
1689088583068 0.0625104159116745 465
1689088583081 0.06251046806573868 466
1689088583093 0.0625104159116745 467
1689088583104 0.06251048296689987 468
1689088583117 0.0625104159116745 469
1689088583129 0.06251045316457748 470
1689088583140 0.0625104010105133 471
1689088583152 0.06251046061515808 472
1689088583165 0.0625104084610939 473
1689088583176 0.06251049041748047 474
1689088583187 0.0625104308128357 475
1689088583198 0.06251049041748047 476
1689088583210 0.0625104159116745 477
1689088583221 0.06251049041748047 478
1689088583233 0.06251039355993271 479
1689088583247 0.06251047551631927 480
1689088583257 0.0625104308128357 481
1689088583269 0.06251047551631927 482
1689088583281 0.06251043826341629 483
1689088583293 0.06251046806573868 484
1689088583304 0.0625104084610939 485
1689088583317 0.06251049041748047 486
1689088583329 0.0625104233622551 487
1689088583340 0.06251047551631927 488
1689088583352 0.0625104233622551 489
1689088583365 0.06251045316457748 490
1689088583376 0.0625104159116745 491
1689088583388 0.06251046061515808 492
1689088583399 0.0625104233622551 493
1689088583411 0.06251047551631927 494
1689088583422 0.0625104159116745 495
1689088583434 0.06251044571399689 496
1689088583445 0.0625104159116745 497
1689088583456 0.06251046806573868 498
1689088583469 0.0625104010105133 499
