1689088576365 0.4742703139781952 0
1689088576390 0.4752877354621887 1
1689088576405 0.4752516746520996 2
1689088576418 0.47480571269989014 3
1689088576430 0.4741041958332062 4
1689088576442 0.47320884466171265 5
1689088576457 0.47215181589126587 6
1689088576494 0.47095298767089844 7
1689088576508 0.4696265459060669 8
1689088576523 0.46818432211875916 9
1689088576538 0.4666370451450348 10
1689088576550 0.464995414018631 11
1689088576562 0.4632701277732849 12
1689088576575 0.4614720344543457 13
1689088576589 0.4596123993396759 14
1689088576603 0.4577019214630127 15
1689088576616 0.45575109124183655 16
1689088576629 0.45376983284950256 17
1689088576640 0.45176708698272705 18
1689088576653 0.4497508406639099 19
1689088576666 0.4477279782295227 20
1689088576677 0.4457043409347534 21
1689088576734 0.4436843693256378 22
1689088576747 0.44167181849479675 23
1689088576757 0.4396693706512451 24
1689088576772 0.4376790523529053 25
1689088576786 0.4357021450996399 26
1689088576798 0.4337393641471863 27
1689088576810 0.4317913055419922 28
1689088576823 0.4298582077026367 29
1689088576836 0.42793986201286316 30
1689088576849 0.42603641748428345 31
1689088576861 0.4241476356983185 32
1689088576873 0.42227333784103394 33
1689088576886 0.4204135537147522 34
1689088576898 0.41856810450553894 35
1689088576909 0.4167369604110718 36
1689088576922 0.41492021083831787 37
1689088576935 0.41311782598495483 38
1689088576947 0.41133010387420654 39
1689088576959 0.40955713391304016 40
1689088576971 0.40779924392700195 41
1689088576985 0.4060569405555725 42
1689088576998 0.40433040261268616 43
1689088577009 0.40262019634246826 44
1689088577022 0.40092673897743225 45
1689088577035 0.39925074577331543 46
1689088577048 0.39759254455566406 47
1689088577059 0.3959525227546692 48
1689088577073 0.39433130621910095 49
1689088577086 0.39272868633270264 50
1689088577099 0.391144722700119 51
1689088577190 0.38957926630973816 52
1689088577203 0.3880314230918884 53
1689088577217 0.3865004777908325 54
1689088577229 0.3849852383136749 55
1689088577241 0.38348403573036194 56
1689088577255 0.38199564814567566 57
1689088577271 0.38051849603652954 58
1689088577285 0.3790507912635803 59
1689088577300 0.3775915503501892 60
1689088577315 0.3761392831802368 61
1689088577331 0.37469303607940674 62
1689088577347 0.37325185537338257 63
1689088577363 0.3718150556087494 64
1689088577376 0.37038201093673706 65
1689088577391 0.3689522445201874 66
1689088577405 0.36752545833587646 67
1689088577422 0.3661014437675476 68
1689088577436 0.36467957496643066 69
1689088577449 0.36326080560684204 70
1689088577464 0.3618423342704773 71
1689088577480 0.36043134331703186 72
1689088577495 0.35900694131851196 73
1689088577508 0.35763344168663025 74
1689088577521 0.3560994565486908 75
1689088577534 0.3551371693611145 76
1689088577548 0.3520788848400116 77
1689088577559 0.354783833026886 78
1689088577573 0.3477506637573242 79
1689088577588 0.35015520453453064 80
1689088577600 0.3469296097755432 81
1689088577614 0.3464822769165039 82
1689088577630 0.3445696234703064 83
1689088577641 0.3435271978378296 84
1689088577654 0.341910183429718 85
1689088577668 0.3407261073589325 86
1689088577682 0.33918723464012146 87
1689088577693 0.3379793167114258 88
1689088577711 0.3364413380622864 89
1689088577727 0.335274875164032 90
1689088577742 0.33366310596466064 91
1689088577760 0.3326435685157776 92
1689088577781 0.3307839632034302 93
1689088577803 0.3302127718925476 94
1689088577820 0.32755154371261597 95
1689088577837 0.3282893896102905 96
1689088577966 0.3237898349761963 97
1689088577978 0.32593780755996704 98
1689088577990 0.3214458227157593 99
1689088578002 0.32250234484672546 100
1689088578015 0.31943053007125854 101
1689088578026 0.319399356842041 102
1689088578038 0.31704020500183105 103
1689088578050 0.3165995478630066 104
1689088578065 0.31446021795272827 105
1689088578078 0.3139580488204956 106
1689088578090 0.31176313757896423 107
1689088578103 0.31145262718200684 108
1689088578116 0.30892154574394226 109
1689088578128 0.30912190675735474 110
1689088578139 0.3058961033821106 111
1689088578151 0.30686426162719727 112
1689088578164 0.30299311876296997 113
1689088578175 0.3042357563972473 114
1689088578189 0.3005971908569336 115
1689088578202 0.30133089423179626 116
1689088578215 0.29830965399742126 117
1689088578226 0.2985312044620514 118
1689088578239 0.2958948016166687 119
1689088578255 0.29589271545410156 120
1689088578271 0.2933579087257385 121
1689088578283 0.2933848798274994 122
1689088578298 0.29071667790412903 123
1689088578314 0.2909860610961914 124
1689088578326 0.287993848323822 125
1689088578341 0.2886326313018799 126
1689088578354 0.28530165553092957 127
1689088578368 0.2861751914024353 128
1689088578381 0.2827988862991333 129
1689088578392 0.28356480598449707 130
1689088578406 0.28043845295906067 131
1689088578419 0.2809337079524994 132
1689088578432 0.2780751883983612 133
1689088578443 0.2783782184123993 134
1689088578455 0.27565011382102966 135
1689088578468 0.27591437101364136 136
1689088578480 0.27316033840179443 137
1689088578491 0.27352654933929443 138
1689088578505 0.27062734961509705 139
1689088578519 0.2711751461029053 140
1689088578532 0.268106073141098 141
1689088578544 0.2687962055206299 142
1689088578556 0.2656639814376831 143
1689088578570 0.26635491847991943 144
1689088578583 0.2633085548877716 145
1689088578594 0.26388704776763916 146
1689088578606 0.2609849274158478 147
1689088578618 0.2614472508430481 148
1689088578631 0.25864624977111816 149
1689088578646 0.2590613067150116 150
1689088578658 0.2562776207923889 151
1689088578671 0.25672733783721924 152
1689088578684 0.25388795137405396 153
1689088578697 0.25442492961883545 154
1689088578708 0.25150424242019653 155
1689088578721 0.25212347507476807 156
1689088578734 0.2499999701976776 157
1689088578748 0.2500000298023224 158
1689088578761 0.25 159
1689088578772 0.25 160
1689088578785 0.25 161
1689088578799 0.24999995529651642 162
1689088578810 0.2499999850988388 163
1689088578822 0.2500000298023224 164
1689088578835 0.2499999701976776 165
1689088578847 0.25 166
1689088578858 0.2500000298023224 167
1689088578871 0.25 168
1689088578884 0.25 169
1689088578898 0.25 170
1689088578908 0.2499999701976776 171
1689088578921 0.25 172
1689088578934 0.2499999701976776 173
1689088578947 0.2499999701976776 174
1689088578957 0.2499999701976776 175
1689088579194 0.2499999701976776 176
1689088579206 0.25 177
1689088579220 0.2499999701976776 178
1689088579233 0.2499999701976776 179
1689088579245 0.25 180
1689088579257 0.2500000596046448 181
1689088579269 0.2499999850988388 182
1689088579282 0.25 183
1689088579293 0.25 184
1689088579307 0.2499999850988388 185
1689088579321 0.25 186
1689088579334 0.2500000298023224 187
1689088579348 0.25 188
1689088579359 0.2500000298023224 189
1689088579372 0.2500000298023224 190
1689088579385 0.2499999701976776 191
1689088579397 0.2500000298023224 192
1689088579408 0.2499999701976776 193
1689088579421 0.25 194
1689088579434 0.25 195
1689088579447 0.2499999850988388 196
1689088579463 0.25 197
1689088579475 0.25 198
1689088579490 0.2499999850988388 199
1689088579505 0.25 200
1689088579518 0.25 201
1689088579531 0.2499999701976776 202
1689088579543 0.25 203
1689088579556 0.2499999850988388 204
1689088579569 0.25 205
1689088579582 0.25 206
1689088579595 0.25 207
1689088579606 0.24999995529651642 208
1689088579619 0.25 209
1689088579631 0.25 210
1689088579643 0.25 211
1689088579655 0.2500000298023224 212
1689088579667 0.2499999850988388 213
1689088579678 0.2499999701976776 214
1689088579689 0.2500000596046448 215
1689088579701 0.2499999850988388 216
1689088579714 0.2499999850988388 217
1689088579724 0.25 218
1689088579737 0.25 219
1689088579750 0.25 220
1689088579762 0.25 221
1689088579772 0.25 222
1689088579785 0.25 223
1689088579798 0.25 224
1689088579809 0.2499999701976776 225
1689088579821 0.25 226
1689088579834 0.25 227
1689088579847 0.2500000298023224 228
1689088579857 0.25 229
1689088579870 0.2499999850988388 230
1689088579882 0.2500000298023224 231
1689088579893 0.24999995529651642 232
1689088579905 0.2499999701976776 233
1689088579918 0.25 234
1689088579929 0.25 235
1689088579940 0.25 236
1689088579952 0.25 237
1689088579964 0.24999995529651642 238
1689088579974 0.2500000298023224 239
1689088579987 0.2499999701976776 240
1689088579999 0.2499999701976776 241
1689088580012 0.2499999850988388 242
1689088580024 0.2499999850988388 243
1689088580041 0.2499999701976776 244
1689088580060 0.2499999850988388 245
1689088580083 0.25 246
1689088580102 0.25 247
1689088580118 0.25 248
1689088580136 0.2499999701976776 249
1689088580148 0.25 250
1689088580160 0.24999994039535522 251
1689088580172 0.25 252
1689088580185 0.24999995529651642 253
1689088580197 0.2500000298023224 254
1689088580208 0.25 255
1689088580220 0.24999994039535522 256
1689088580233 0.25 257
1689088580245 0.25 258
1689088580255 0.2499999701976776 259
1689088580268 0.25 260
1689088580280 0.25 261
1689088580291 0.2500000298023224 262
1689088580303 0.25 263
1689088580316 0.25 264
1689088580328 0.2499999850988388 265
1689088580339 0.2499999850988388 266
1689088580351 0.2499999701976776 267
1689088580363 0.25 268
1689088580374 0.2500000596046448 269
1689088580387 0.25 270
1689088580399 0.25 271
1689088580411 0.2499999701976776 272
1689088580422 0.25 273
1689088580434 0.2500000596046448 274
1689088580446 0.25 275
1689088580457 0.25 276
1689088580470 0.25 277
1689088580481 0.2499999850988388 278
1689088580492 0.2499999701976776 279
1689088580504 0.25 280
1689088580516 0.25 281
1689088580529 0.2499999701976776 282
1689088580539 0.25 283
1689088580552 0.25 284
1689088580565 0.25 285
1689088580576 0.2499999701976776 286
1689088580587 0.2499999701976776 287
1689088580600 0.2499999701976776 288
1689088580613 0.2499999701976776 289
1689088580624 0.2500000298023224 290
1689088580637 0.25 291
1689088580649 0.2499999701976776 292
1689088580662 0.25 293
1689088580673 0.25 294
1689088580686 0.2500000298023224 295
1689088580698 0.2499999701976776 296
1689088580708 0.25 297
1689088580720 0.2500000298023224 298
1689088580732 0.25 299
1689088580743 0.25 300
1689088580755 0.25 301
1689088580767 0.2500000596046448 302
1689088580779 0.2500000298023224 303
1689088580790 0.2499999850988388 304
1689088580803 0.25 305
1689088580815 0.2499999701976776 306
1689088580826 0.2500000298023224 307
1689088580838 0.2499999850988388 308
1689088580851 0.25 309
1689088580863 0.25 310
1689088580874 0.2499999701976776 311
1689088580886 0.24999995529651642 312
1689088580900 0.2500000298023224 313
1689088580912 0.2500000596046448 314
1689088580923 0.2500000298023224 315
1689088580935 0.2499999701976776 316
1689088580948 0.25 317
1689088580959 0.2499999850988388 318
1689088580971 0.2499999850988388 319
1689088580983 0.24999995529651642 320
1689088580995 0.25 321
1689088581006 0.25 322
1689088581018 0.25 323
1689088581031 0.2500000298023224 324
1689088581041 0.2499999701976776 325
1689088581054 0.2499999701976776 326
1689088581067 0.25 327
1689088581379 0.25 328
1689088581389 0.2500000596046448 329
1689088581402 0.25 330
1689088581414 0.2499999701976776 331
1689088581425 0.25 332
1689088581436 0.2499999701976776 333
1689088581449 0.25 334
1689088581461 0.2499999850988388 335
1689088581473 0.2500000298023224 336
1689088581484 0.2499999701976776 337
1689088581497 0.2500000298023224 338
1689088581507 0.25 339
1689088581520 0.25 340
1689088581532 0.25 341
1689088581543 0.25 342
1689088581555 0.25 343
1689088581567 0.25 344
1689088581579 0.25 345
1689088581590 0.2499999850988388 346
1689088581603 0.2499999850988388 347
1689088581615 0.2499999701976776 348
1689088581625 0.24999995529651642 349
1689088581638 0.2499999701976776 350
1689088581650 0.25 351
1689088581663 0.25 352
1689088581677 0.2500000298023224 353
1689088581716 0.2499999701976776 354
1689088581734 0.25 355
1689088581747 0.2499999701976776 356
1689088581759 0.2499999701976776 357
1689088581771 0.25 358
1689088581783 0.25 359
1689088581795 0.2499999701976776 360
1689088581806 0.25 361
1689088581819 0.2499999850988388 362
1689088581830 0.25 363
1689088581841 0.25 364
1689088581854 0.25 365
1689088581866 0.25 366
1689088581877 0.2500000298023224 367
1689088581888 0.2500000298023224 368
1689088581901 0.2500000298023224 369
1689088581913 0.25 370
1689088581924 0.25 371
1689088581936 0.2499999701976776 372
1689088581948 0.25 373
1689088581959 0.2500000298023224 374
1689088581971 0.2500000298023224 375
1689088581984 0.25 376
1689088581996 0.24999994039535522 377
1689088582007 0.25 378
1689088582020 0.2499999850988388 379
1689088582033 0.25 380
1689088582046 0.2499999850988388 381
1689088582057 0.25 382
1689088582069 0.2500000298023224 383
1689088582082 0.25 384
1689088582097 0.2499999850988388 385
1689088582111 0.24999995529651642 386
1689088582125 0.2500000298023224 387
1689088582139 0.25 388
1689088582153 0.25 389
1689088582166 0.25 390
1689088582178 0.24999995529651642 391
1689088582192 0.25 392
1689088582206 0.25 393
1689088582222 0.25 394
1689088582234 0.25 395
1689088582247 0.2499999701976776 396
1689088582259 0.2499999701976776 397
1689088582274 0.25 398
1689088582287 0.2499999850988388 399
1689088582300 0.25 400
1689088582313 0.25 401
1689088582324 0.2500000298023224 402
1689088582336 0.25 403
1689088582350 0.2500000298023224 404
1689088582362 0.25 405
1689088582373 0.25 406
1689088582386 0.25 407
1689088582398 0.25 408
1689088582409 0.25 409
1689088582421 0.2500000298023224 410
1689088582432 0.25 411
1689088582444 0.2500000298023224 412
1689088582455 0.25 413
1689088582467 0.24999995529651642 414
1689088582478 0.2500000298023224 415
1689088582490 0.2499999701976776 416
1689088582502 0.25 417
1689088582514 0.25 418
1689088582524 0.2499999850988388 419
1689088582537 0.2500000298023224 420
1689088582549 0.25 421
1689088582560 0.25 422
1689088582573 0.2500000298023224 423
1689088582585 0.2500000298023224 424
1689088582597 0.2499999850988388 425
1689088582608 0.2499999701976776 426
1689088582620 0.2499999701976776 427
1689088582632 0.25 428
1689088582643 0.24999995529651642 429
1689088582655 0.2499999701976776 430
1689088582666 0.25 431
1689088582679 0.25 432
1689088582690 0.25 433
1689088582702 0.25 434
1689088582714 0.2499999701976776 435
1689088582725 0.25 436
1689088582737 0.25 437
1689088582750 0.24999995529651642 438
1689088582762 0.25 439
1689088582772 0.2500000596046448 440
1689088582785 0.25 441
1689088582797 0.25 442
1689088582807 0.25 443
1689088582820 0.2500000298023224 444
1689088582832 0.2500000298023224 445
1689088582844 0.2499999701976776 446
1689088582856 0.25 447
1689088582868 0.25 448
1689088582880 0.2500000298023224 449
1689088582892 0.25 450
1689088582904 0.2500000596046448 451
1689088582916 0.25 452
1689088582928 0.25 453
1689088582939 0.2500000298023224 454
1689088582951 0.25 455
1689088582962 0.25 456
1689088582973 0.2499999701976776 457
1689088582986 0.24999995529651642 458
1689088582998 0.2500000298023224 459
1689088583008 0.2499999701976776 460
1689088583021 0.25 461
1689088583033 0.2500000298023224 462
1689088583044 0.25 463
1689088583055 0.2500000596046448 464
1689088583068 0.2499999701976776 465
1689088583081 0.2499999850988388 466
1689088583093 0.2499999850988388 467
1689088583104 0.2500000298023224 468
1689088583117 0.25 469
1689088583129 0.2499999701976776 470
1689088583140 0.24999995529651642 471
1689088583152 0.2499999701976776 472
1689088583165 0.2499999701976776 473
1689088583176 0.2500000298023224 474
1689088583187 0.25 475
1689088583198 0.2500000596046448 476
1689088583210 0.2499999701976776 477
1689088583221 0.2500000298023224 478
1689088583233 0.24999994039535522 479
1689088583247 0.25 480
1689088583257 0.25 481
1689088583269 0.25 482
1689088583281 0.2500000596046448 483
1689088583293 0.25 484
1689088583304 0.2499999701976776 485
1689088583317 0.2500000596046448 486
1689088583329 0.25 487
1689088583340 0.2500000298023224 488
1689088583352 0.25 489
1689088583365 0.2499999701976776 490
1689088583376 0.2499999850988388 491
1689088583388 0.2499999850988388 492
1689088583399 0.25 493
1689088583411 0.25 494
1689088583422 0.2499999701976776 495
1689088583434 0.24999994039535522 496
1689088583445 0.25 497
1689088583456 0.25 498
1689088583469 0.2499999701976776 499
