1690146365501 1.644980788230896 0
1690146365880 1.0428236722946167 1
1690146366381 0.9345571398735046 2
1690146366737 0.7973383665084839 3
1690146367069 0.6698539853096008 4
1690146367410 0.6005849838256836 5
1690146367912 0.5998315215110779 6
1690146368312 0.42707130312919617 7
1690146368657 0.3992150127887726 8
1690146369050 0.2919989228248596 9
1690146369442 0.26624763011932373 10
1690146369862 0.2118130326271057 11
1690146370338 0.24035762250423431 12
1690146370702 0.15539070963859558 13
1690146371083 0.13484936952590942 14
1690146371439 0.17272798717021942 15
1690146371789 0.131844162940979 16
1690146372197 0.14145009219646454 17
1690146372540 0.11044047027826309 18
1690146372899 0.1195816770195961 19
1690146373268 0.05881192162632942 20
1690146373602 0.081797294318676 21
1690146373979 0.05799711123108864 22
1690146374488 0.11039994657039642 23
1690146374803 0.06439495086669922 24
1690146375156 0.07084398716688156 25
1690146375469 0.11922720074653625 26
1690146375832 0.05465763434767723 27
1690146376162 0.09143698960542679 28
1690146376496 0.06926517933607101 29
1690146376878 0.08158030360937119 30
1690146377239 0.045631732791662216 31
1690146377624 0.08079863339662552 32
1690146377975 0.041576776653528214 33
1690146378338 0.06244087219238281 34
1690146378669 0.03550597280263901 35
1690146379053 0.04260256886482239 36
1690146379395 0.06536222994327545 37
1690146379887 0.057379983365535736 38
1690146380261 0.05273667350411415 39
1690146380635 0.028581535443663597 40
1690146380974 0.06756352633237839 41
1690146381319 0.04240229353308678 42
1690146381667 0.019024914130568504 43
1690146382021 0.058460384607315063 44
1690146382375 0.05407752841711044 45
1690146382680 0.0330711267888546 46
1690146382968 0.055399805307388306 47
1690146383288 0.0490400530397892 48
1690146383672 0.03636650741100311 49
