1690136597531 0.9595718383789062 0
1690136597579 0.8640155792236328 1
1690136597603 0.7706505656242371 2
1690136597625 0.6796794533729553 3
1690136597651 0.5912924408912659 4
1690136597675 0.5278229713439941 5
1690136597691 0.49922996759414673 6
1690136597707 0.499129056930542 7
1690136597725 0.4991324543952942 8
1690136597739 0.4991890490055084 9
1690136597755 0.4992685914039612 10
1690136597779 0.49935397505760193 11
1690136597851 0.49943628907203674 12
1690136597867 0.49951112270355225 13
1690136597883 0.4995769262313843 14
1690136597899 0.4996336102485657 15
1690136597925 0.4996817409992218 16
1690136597947 0.4997222423553467 17
1690136597963 0.4997560977935791 18
1690136597979 0.49978429079055786 19
1690136597995 0.49980759620666504 20
1690136598011 0.4998268485069275 21
1690136598025 0.49984264373779297 22
1690136598035 0.49985557794570923 23
1690136598051 0.4998660683631897 24
1690136598067 0.4998745322227478 25
1690136598083 0.4998812973499298 26
1690136598091 0.49988651275634766 27
1690136598107 0.49989044666290283 28
1690136598131 0.4998933970928192 29
1690136598148 0.4998953938484192 30
1690136598164 0.4998965561389923 31
1690136598180 0.4998970627784729 32
1690136598196 0.49989691376686096 33
1690136598212 0.49989622831344604 34
1690136598228 0.49989503622055054 35
1690136598244 0.4998933970928192 36
1690136598260 0.49989137053489685 37
1690136598276 0.49988898634910583 38
1690136598292 0.49988627433776855 39
1690136598300 0.4998832046985626 40
1690136598316 0.4998798966407776 41
1690136598332 0.4998762607574463 42
1690136598348 0.4998723566532135 43
1690136598492 0.4998682141304016 44
1690136598508 0.4998638331890106 45
1690136598525 0.4998592138290405 46
1690136598540 0.4998543858528137 47
1690136598556 0.49984925985336304 48
1690136598572 0.499843955039978 49
1690136598588 0.49983838200569153 50
1690136598612 0.4998325705528259 51
1690136598628 0.499826580286026 52
1690136598676 0.4998202919960022 53
1690136598700 0.4998137950897217 54
1690136598732 0.49980705976486206 55
1690136598748 0.49980002641677856 56
1690136598764 0.49979278445243835 57
1690136598788 0.4997852146625519 58
1690136598812 0.4997774362564087 59
1690136598828 0.49976933002471924 60
1690136598836 0.4997608959674835 61
1690136598852 0.4997522234916687 62
1690136598868 0.49974319338798523 63
1690136598884 0.4997338354587555 64
1690136598900 0.4997241497039795 65
1690136598908 0.49971407651901245 66
1690136598925 0.49970364570617676 67
1690136598940 0.4996928572654724 68
1690136598956 0.49968165159225464 69
1690136598972 0.49967002868652344 70
1690136598988 0.4996579885482788 71
1690136599004 0.49964550137519836 72
1690136599020 0.49963250756263733 73
1690136599036 0.4996190369129181 74
1690136599052 0.49960505962371826 75
1690136599068 0.49959054589271545 76
1690136599084 0.49957549571990967 77
1690136599100 0.4995598793029785 78
1690136599116 0.49954360723495483 79
1690136599132 0.4995267987251282 80
1690136599148 0.499509334564209 81
1690136599164 0.4994911551475525 82
1690136599196 0.49947232007980347 83
1690136599212 0.49945271015167236 84
1690136599236 0.49943241477012634 85
1690136599252 0.49941134452819824 86
1690136599268 0.4993894696235657 87
1690136599284 0.49936676025390625 88
1690136599300 0.4993431866168976 89
1690136599316 0.4993187487125397 90
1690136599326 0.49929338693618774 91
1690136599340 0.4992671012878418 92
1690136599356 0.49923986196517944 93
1690136599380 0.4992115795612335 94
1690136599404 0.4991823136806488 95
1690136599420 0.4991520047187805 96
1690136599436 0.4991205930709839 97
1690136599460 0.4990881085395813 98
1690136599476 0.49905452132225037 99
1690136599500 0.4990197420120239 100
1690136599516 0.49898383021354675 101
1690136599540 0.4989467263221741 102
1690136599572 0.4989084303379059 103
1690136599596 0.4988688826560974 104
1690136599620 0.49882811307907104 105
1690136599857 0.49878615140914917 106
1690136599885 0.4987429082393646 107
1690136599909 0.4986983835697174 108
1690136599941 0.4986525774002075 109
1690136599957 0.49860554933547974 110
1690136599989 0.49855726957321167 111
1690136600005 0.49850767850875854 112
1690136600029 0.4984568953514099 113
1690136600053 0.4984048008918762 114
1690136600069 0.4983515441417694 115
1690136600085 0.4982970058917999 116
1690136600109 0.4982413053512573 117
1690136600126 0.4981843829154968 118
1690136600141 0.4981262683868408 119
1690136600157 0.4980670213699341 120
1690136600173 0.49800658226013184 121
1690136600189 0.49794501066207886 122
1690136600197 0.49788230657577515 123
1690136600221 0.4978184401988983 124
1690136600229 0.4977535009384155 125
1690136600253 0.49768733978271484 126
1690136600269 0.49762001633644104 127
1690136600285 0.4975515305995941 128
1690136600301 0.4974817931652069 129
1690136600317 0.49741077423095703 130
1690136600341 0.4973384439945221 131
1690136600349 0.49726468324661255 132
1690136600365 0.497189462184906 133
1690136600381 0.4971126914024353 134
1690136600405 0.4970341920852661 135
1690136600426 0.49695390462875366 136
1690136600437 0.4968716502189636 137
1690136600453 0.49678725004196167 138
1690136600477 0.4967006742954254 139
1690136600493 0.4966115653514862 140
1690136600509 0.49651986360549927 141
1690136600526 0.49642524123191833 142
1690136600541 0.49632757902145386 143
1690136600557 0.49622660875320435 144
1690136600581 0.4961220622062683 145
1690136600597 0.49601370096206665 146
1690136600613 0.4959012269973755 147
1690136600629 0.4957844018936157 148
1690136600645 0.4956628978252411 149
1690136600669 0.4955364465713501 150
1690136600685 0.4954046607017517 151
1690136600701 0.4952673614025116 152
1690136600726 0.49512404203414917 153
1690136600742 0.4949744939804077 154
1690136600758 0.4948182702064514 155
1690136600782 0.4946550130844116 156
1690136600798 0.49448439478874207 157
1690136600827 0.49430593848228455 158
1690136600846 0.49411922693252563 159
1690136600862 0.4939238131046295 160
1690136600886 0.49371927976608276 161
1690136600902 0.49350506067276 162
1690136600918 0.4932805597782135 163
1690136600934 0.4930453598499298 164
1690136600950 0.49279874563217163 165
1690136600966 0.49254006147384644 166
1690136600982 0.4922686815261841 167
1690136600998 0.4919838309288025 168
1690136601014 0.49168461561203003 169
1690136601030 0.4913703203201294 170
1690136601046 0.4910399317741394 171
1690136601054 0.4906924366950989 172
1690136601070 0.49032679200172424 173
1690136601086 0.4899418354034424 174
1690136601102 0.4895362854003906 175
1690136601118 0.4891088008880615 176
1690136601134 0.4886578917503357 177
1690136601150 0.48818209767341614 178
1690136601166 0.48767969012260437 179
1690136601182 0.48714882135391235 180
1690136601198 0.4865875244140625 181
1690136601222 0.4859936833381653 182
1690136601230 0.48536503314971924 183
1690136601254 0.48469915986061096 184
1690136601278 0.4839932918548584 185
1690136601302 0.4832446873188019 186
1690136601318 0.48245006799697876 187
1690136601334 0.4816061854362488 188
1690136601358 0.4807092845439911 189
1690136601374 0.4797554612159729 190
1690136601398 0.4787403345108032 191
1690136601414 0.4776592254638672 192
1690136601430 0.47650694847106934 193
1690136601446 0.4752780795097351 194
1690136601462 0.4739663898944855 195
1690136601821 0.47256529331207275 196
1690136601837 0.47106751799583435 197
1690136601853 0.46946513652801514 198
1690136601869 0.4677494466304779 199
