1690133621617 0.49488523602485657 0
1690133621664 0.49408119916915894 1
1690133621680 0.4934927821159363 2
1690133621711 0.4929969608783722 3
1690133621727 0.49255457520484924 4
1690133621758 0.49214741587638855 5
1690133621782 0.49176520109176636 6
1690133621814 0.4914016127586365 7
1690133621842 0.49105244874954224 8
1690133621861 0.4907146692276001 9
1690133621892 0.49038606882095337 10
1690133621919 0.49006494879722595 11
1690133621944 0.4897500276565552 12
1690133622040 0.48944026231765747 13
1690133622061 0.48913484811782837 14
1690133622079 0.48883306980133057 15
1690133622095 0.4885343611240387 16
1690133622111 0.48823824524879456 17
1690133622126 0.4879443645477295 18
1690133622162 0.4876523017883301 19
1690133622189 0.4873619079589844 20
1690133622221 0.48707279562950134 21
1690133622236 0.48678478598594666 22
1690133622262 0.4864977300167084 23
1690133622276 0.4862114489078522 24
1690133622292 0.4859257638454437 25
1690133622323 0.48564058542251587 26
1690133622339 0.48535579442977905 27
1690133622354 0.4850713014602661 28
1690133622370 0.4847870171070099 29
1690133622386 0.4845028519630432 30
1690133622402 0.4842187464237213 31
1690133622433 0.4839346408843994 32
1690133622448 0.4836505353450775 33
1690133622464 0.48336634039878845 34
1690133622480 0.4830819368362427 35
1690133622511 0.48279741406440735 36
1690133622527 0.4825126826763153 37
1690133622543 0.48222774267196655 38
1690133622563 0.4819425344467163 39
1690133622574 0.4816570281982422 40
1690133622590 0.4813712239265442 41
1690133622606 0.4810850918292999 42
1690133622637 0.4807986617088318 43
1690133622652 0.480511873960495 44
1690133622864 0.48022469878196716 45
1690133622872 0.4799371659755707 46
1690133622903 0.47964927554130554 47
1690133622919 0.479360967874527 48
1690133622934 0.4790722727775574 49
1690133622982 0.47878316044807434 50
1690133623013 0.47849366068840027 51
1690133623028 0.47820374369621277 52
1690133623064 0.47791337966918945 53
1690133623076 0.4776225984096527 54
1690133623091 0.47733139991760254 55
1690133623107 0.47703981399536133 56
1690133623123 0.4767477512359619 57
1690133623154 0.4764552414417267 58
1690133623170 0.476162314414978 59
1690133623186 0.47586899995803833 60
1690133623201 0.47557517886161804 61
1690133623217 0.4752810001373291 62
1690133623248 0.47498631477355957 63
1690133623264 0.4746912121772766 64
1690133623280 0.4743956923484802 65
1690133623295 0.474099725484848 66
1690133623327 0.47380331158638 67
1690133623342 0.47350651025772095 68
1690133623364 0.4732092618942261 69
1690133623374 0.472911536693573 70
1690133623390 0.4726134240627289 71
1690133623405 0.47231489419937134 72
1690133623436 0.4720158874988556 73
1690133623452 0.4717164933681488 74
1690133623468 0.4714166522026062 75
1690133623484 0.47111642360687256 76
1690133623499 0.4708157479763031 77
1690133623531 0.4705146551132202 78
1690133623546 0.4702131450176239 79
1690133623565 0.46991121768951416 80
1690133623594 0.469608873128891 81
1690133623609 0.4693061411380768 82
1690133623625 0.46900296211242676 83
1690133623640 0.4686993956565857 84
1690133623665 0.4683954119682312 85
1690133623688 0.46809104084968567 86
1690133623703 0.4677862524986267 87
1690133623719 0.4674810767173767 88
1690133623750 0.4671754837036133 89
1690133623766 0.4668695032596588 90
1690133623782 0.4665631651878357 91
1690133623813 0.46625638008117676 92
1690133623829 0.46594923734664917 93
1690133623844 0.46564167737960815 94
1690133623866 0.46533381938934326 95
1690133623876 0.46502548456192017 96
1690133623907 0.4647168219089508 97
1690133623923 0.4644077718257904 98
1690133623939 0.46409836411476135 99
1690133623954 0.4637885093688965 100
1690133623970 0.46347835659980774 101
1690133623986 0.46316784620285034 102
1690133624002 0.4628569483757019 103
1690133624033 0.4625456929206848 104
1690133624049 0.4622340798377991 105
1690133624066 0.4619220793247223 106
1690133624080 0.46160975098609924 107
1690133624111 0.46129703521728516 108
1690133624127 0.4609839916229248 109
1690133624143 0.4606706202030182 110
1690133624174 0.4603568911552429 111
1690133624190 0.4600428342819214 112
1690133624206 0.4597284197807312 113
1690133624237 0.45941370725631714 114
1690133624624 0.4590986371040344 115
1690133624636 0.45878320932388306 116
1690133624663 0.4584674835205078 117
1690133624679 0.4581514298915863 118
1690133624694 0.4578350782394409 119
1690133624710 0.4575183391571045 120
1690133624726 0.4572013318538666 121
1690133624741 0.4568839967250824 122
1690133624773 0.45656636357307434 123
1690133624789 0.45624840259552 124
1690133624804 0.4559301435947418 125
1690133624820 0.45561158657073975 126
1690133624835 0.4552927315235138 127
1690133624859 0.4549735188484192 128
1690133624875 0.45465409755706787 129
1690133624891 0.4543343186378479 130
1690133624906 0.45401430130004883 131
1690133624922 0.4536939859390259 132
1690133624953 0.45337337255477905 133
1690133624969 0.45305249094963074 134
1690133624985 0.45273131132125854 135
1690133625000 0.45240989327430725 136
1690133625016 0.4520881474018097 137
1690133625047 0.4517661929130554 138
1690133625063 0.45144394040107727 139
1690133625079 0.45112144947052 140
1690133625095 0.4507986605167389 141
1690133625110 0.45047563314437866 142
1690133625141 0.45015230774879456 143
1690133625157 0.4498288035392761 144
1690133625173 0.4495050013065338 145
1690133625189 0.4491809606552124 146
1690133625220 0.4488567113876343 147
1690133625251 0.44853219389915466 148
1690133625283 0.44820743799209595 149
1690133625315 0.44788244366645813 150
1690133625330 0.4475572407245636 151
1690133625361 0.44723179936408997 152
1690133625386 0.44690608978271484 153
1690133625410 0.4465802311897278 154
1690133625434 0.4462541341781616 155
1690133625458 0.44592779874801636 156
1690133625474 0.4456012547016144 157
1690133625498 0.4452745318412781 158
1690133625522 0.4449475407600403 159
1690133625546 0.44462037086486816 160
1690133625562 0.4442930221557617 161
1690133625586 0.44396546483039856 162
1690133625594 0.4436377286911011 163
1690133625625 0.4433097839355469 164
1690133625641 0.44298166036605835 165
1690133625657 0.4426533579826355 166
1690133625673 0.44232484698295593 167
1690133625688 0.44199615716934204 168
1690133625720 0.4416673183441162 169
1690133625738 0.44133827090263367 170
1690133625753 0.4410091042518616 171
1690133625778 0.44067972898483276 172
1690133625793 0.4403502345085144 173
1690133625809 0.4400205612182617 174
1690133625824 0.4396907091140747 175
1690133625854 0.43936070799827576 176
1690133625870 0.43903055787086487 177
1690133625886 0.43870025873184204 178
1690133625902 0.4383698105812073 179
1690133625933 0.43803924322128296 180
1690133625949 0.4377085268497467 181
1690133625969 0.4373776912689209 182
1690133625980 0.43704670667648315 183
1690133626012 0.43671560287475586 184
1690133626027 0.4363843500614166 185
1690133626043 0.43605297803878784 186
1690133626069 0.4357215166091919 187
1690133626074 0.435389906167984 188
1690133626090 0.43505823612213135 189
1690133626121 0.43472641706466675 190
1690133626137 0.4343944787979126 191
1690133626153 0.4340624213218689 192
1690133626169 0.4337303042411804 193
1690133626184 0.4333980679512024 194
1690133626216 0.4330657720565796 195
1690133626231 0.43273335695266724 196
1690133626247 0.4324008822441101 197
1690133626279 0.4320682883262634 198
1690133626294 0.4317356050014496 199
1690133626310 0.4314028322696686 200
1690133626325 0.4310700297355652 201
1690133626341 0.43073713779449463 202
1690133626370 0.4304041862487793 203
1690133626388 0.4300711750984192 204
1690133626404 0.4297381043434143 205
1690133626428 0.4294049143791199 206
1690133626452 0.42907172441482544 207
1690133626484 0.42873847484588623 208
1690133626556 0.42840519547462463 209
1690133626588 0.4280718266963959 210
1690133626620 0.4277384281158447 211
1690133626644 0.4274049997329712 212
1690133626676 0.4270715117454529 213
1690133626708 0.42673802375793457 214
1690133626732 0.4264044761657715 215
1690133626756 0.4260709285736084 216
1690133626772 0.4257373511791229 217
1690133626796 0.42540374398231506 218
1690133626820 0.4250701069831848 219
1690133626844 0.42473649978637695 220
1690133626860 0.4244028329849243 221
1690133626884 0.4240691363811493 222
1690133626908 0.42373549938201904 223
1690133626932 0.4234018325805664 224
1690133626957 0.42306816577911377 225
1690133626981 0.42273449897766113 226
1690133627005 0.4224008321762085 227
1690133627029 0.42206716537475586 228
1690133627053 0.421733558177948 229
1690133627077 0.42139992117881775 230
1690133627101 0.4210663437843323 231
1690133627125 0.4207327365875244 232
1690133627141 0.4203992187976837 233
1690133627173 0.42006567120552063 234
1690133627189 0.4197322130203247 235
1690133627213 0.4193987250328064 236
1690133627237 0.41906529664993286 237
1690133627261 0.4187319278717041 238
1690133627277 0.41839855909347534 239
1690133627309 0.41806527972221375 240
1690133627333 0.4177320599555969 241
1690133627365 0.4173988699913025 242
1690133627389 0.41706573963165283 243
1690133627422 0.41673266887664795 244
1690133627438 0.41639965772628784 245
1690133627493 0.4160667061805725 246
1690133627518 0.41573381423950195 247
1690133627542 0.41540101170539856 248
1690133628326 0.41506826877593994 249
1690133628359 0.4147356152534485 250
1690133628384 0.4144030511379242 251
1690133628418 0.4140705466270447 252
1690133628448 0.4137381315231323 253
1690133628472 0.4134058356285095 254
1690133628496 0.4130735993385315 255
1690133628528 0.41274145245552063 256
1690133628552 0.4124094247817993 257
1690133628576 0.41207748651504517 258
1690133628608 0.41174566745758057 259
1690133628632 0.41141390800476074 260
1690133628664 0.41108232736587524 261
1690133628696 0.4107508063316345 262
1690133628720 0.41041943430900574 263
1690133628744 0.4100881814956665 264
1690133628776 0.40975701808929443 265
1690133628803 0.4094260036945343 266
1690133628824 0.4090951085090637 267
1690133628852 0.4087643623352051 268
1690133628876 0.4084337055683136 269
1690133628900 0.40810316801071167 270
1690133628924 0.40777283906936646 271
1690133628948 0.4074425995349884 272
1690133628972 0.4071125388145447 273
1690133629005 0.4067825973033905 274
1690133629037 0.40645280480384827 275
1690133629061 0.40612316131591797 276
1690133629077 0.4057936668395996 277
1690133629101 0.40546438097953796 278
1690133629118 0.40513521432876587 279
1690133629133 0.4048061966896057 280
1690133629149 0.40447741746902466 281
1690133629181 0.40414872765541077 282
1690133629197 0.4038202166557312 283
1690133629219 0.40349191427230835 284
1690133629229 0.4031637907028198 285
1690133629260 0.40283581614494324 286
1690133629276 0.402508020401001 287
1690133629291 0.40218043327331543 288
1690133629307 0.4018530249595642 289
1690133629323 0.4015257954597473 290
1690133629338 0.40119877457618713 291
1690133629370 0.4008719325065613 292
1690133629386 0.40054529905319214 293
1690133629417 0.4002188742160797 294
1690133629448 0.3998926281929016 295
1690133629480 0.3995666205883026 296
1690133629511 0.39924079179763794 297
1690133629542 0.39891520142555237 298
1690133629574 0.3985897898674011 299
1690133629605 0.3982645869255066 300
1690133629637 0.39793962240219116 301
1690133629673 0.39761489629745483 302
1690133629700 0.3972903788089752 303
1690133629731 0.3969660997390747 304
1690133629762 0.3966420292854309 305
1690133629794 0.3963181972503662 306
1690133629825 0.3959946036338806 307
1690133629856 0.3956712484359741 308
1690133629874 0.39534807205200195 309
1690133629904 0.39502525329589844 310
1690133629935 0.3947025537490845 311
1690133629974 0.3943801820278168 312
1690133629998 0.3940580189228058 313
1690133630029 0.3937361240386963 314
1690133630060 0.3934144675731659 315
1690133630077 0.393093079328537 316
1690133630092 0.3927719295024872 317
1690133630123 0.39245104789733887 318
1690133630139 0.39213043451309204 319
1690133630155 0.3918101191520691 320
1690133630186 0.39149004220962524 321
1690133630202 0.3911702036857605 322
1690133630233 0.39085066318511963 323
1690133630275 0.39053136110305786 324
1690133630296 0.39021238684654236 325
1690133630327 0.38989365100860596 326
1690133630359 0.38957521319389343 327
1690133630390 0.3892570734024048 328
1690133630422 0.38893914222717285 329
1690133630437 0.38862156867980957 330
1690133630475 0.38830429315567017 331
1690133630500 0.38798728585243225 332
1690133630532 0.3876705467700958 333
1690133630563 0.38735413551330566 334
1690133630595 0.38703805208206177 335
1690133630627 0.386722207069397 336
1690133630658 0.38640666007995605 337
1690133630676 0.3860914707183838 338
1690133630705 0.3857765197753906 339
1690133630736 0.3854619264602661 340
1690133630776 0.3851476013660431 341
1690133630799 0.3848336338996887 342
1690133630831 0.3845199644565582 343
1690133630862 0.3842065930366516 344
1690133630894 0.38389357924461365 345
1690133630925 0.3835808336734772 346
1690133630988 0.38326844573020935 347
1690133631003 0.3829563856124878 348
1690133631035 0.3826446533203125 349
1690133631066 0.3823332190513611 350
1690133631082 0.38202211260795593 351
1690133631098 0.38171133399009705 352
1690133631113 0.3814009130001068 353
1690133631129 0.38109081983566284 354
1690133631160 0.38078105449676514 355
1690133631177 0.3804716467857361 356
1690133631192 0.3801625669002533 357
1690133631207 0.37985384464263916 358
1690133631223 0.3795454502105713 359
1690133631239 0.3792373538017273 360
1690133631277 0.3789297044277191 361
1690133631302 0.3786223530769348 362
1690133631333 0.3783153295516968 363
1690133631364 0.3780086934566498 364
1690133631400 0.37770241498947144 365
1690133631432 0.37739646434783936 366
1690133631463 0.3770909309387207 367
1690133631495 0.3767856955528259 368
1690133631526 0.3764808475971222 369
1690133631557 0.3761763572692871 370
1690133631586 0.3758722245693207 371
1690133631619 0.3755684792995453 372
1690133631643 0.37526509165763855 373
1690133631678 0.37496209144592285 374
1690133631706 0.3746594190597534 375
1690133631737 0.3743571639060974 376
1690133631778 0.37405523657798767 377
1690133631800 0.37375372648239136 378
1690133631831 0.3734526038169861 379
1690133631862 0.3731518089771271 380
1690133631910 0.3728514313697815 381
1690133631941 0.37255141139030457 382
1690133631957 0.37225180864334106 383
1690133631979 0.3719525635242462 384
1690133631988 0.3716537356376648 385
1690133632004 0.3713552951812744 386
1690133632035 0.3710572123527527 387
1690133632051 0.370759516954422 388
1690133632066 0.37046223878860474 389
1690133632082 0.3701653480529785 390
1690133632098 0.3698688745498657 391
1690133632129 0.3695727586746216 392
1690133632145 0.36927706003189087 393
1690133632161 0.3689817488193512 394
1690133632179 0.36868685483932495 395
1690133632192 0.36839237809181213 396
1690133632224 0.36809825897216797 397
1690133632239 0.3678045868873596 398
1690133632255 0.3675113320350647 399
1690133632279 0.3672184348106384 400
1690133632286 0.3669259548187256 401
1690133632318 0.36663389205932617 402
1690133632333 0.3663422763347626 403
1690133632349 0.3660510182380676 404
1690133632373 0.3657602071762085 405
1690133632389 0.3654698133468628 406
1690133632405 0.3651798367500305 407
1690133632421 0.3648902475833893 408
1690133632452 0.36460110545158386 409
1690133632467 0.36431241035461426 410
1690133632483 0.3640240728855133 411
1690133632499 0.36373618245124817 412
1690133632530 0.36344873905181885 413
1690133632546 0.36316171288490295 414
1690133632562 0.3628751039505005 415
1690133632580 0.36258888244628906 416
1690133632601 0.36230313777923584 417
1690133632626 0.36201781034469604 418
1690133632641 0.3617329001426697 419
1690133632657 0.36144840717315674 420
1690133632680 0.361164391040802 421
1690133632689 0.3608807921409607 422
1690133632720 0.3605976402759552 423
1690133632736 0.36031487584114075 424
1690133632751 0.3600326180458069 425
1690133632767 0.35975074768066406 426
1690133632783 0.35946929454803467 427
1690133632814 0.3591883182525635 428
1690133632830 0.3589077889919281 429
1690133632845 0.35862767696380615 430
1690133632861 0.35834801197052 431
1690133632880 0.3580687642097473 432
1690133632908 0.3577899932861328 433
1690133632924 0.35751163959503174 434
1690133632940 0.35723379254341125 435
1690133632955 0.3569563627243042 436
1690133632980 0.35667935013771057 437
1690133633003 0.35640281438827515 438
1690133633018 0.35612669587135315 439
1690133633034 0.35585102438926697 440
1690133633049 0.3555758595466614 441
1690133633065 0.3553010821342468 442
1690133633096 0.3550267815589905 443
1690133633112 0.35475292801856995 444
1690133633128 0.3544795513153076 445
1690133633143 0.3542066216468811 446
1690133633175 0.3539341390132904 447
1690133633191 0.3536621034145355 448
1690133633206 0.35339051485061646 449
1690133633222 0.353119432926178 450
1690133633253 0.35284873843193054 451
1690133633285 0.3525785505771637 452
1690133633301 0.35230880975723267 453
1690133633332 0.35203954577445984 454
1690133633379 0.35177069902420044 455
1690133633410 0.35150232911109924 456
1690133633426 0.35123443603515625 457
1690133633442 0.3509669899940491 458
1690133633457 0.3507000207901001 459
1690133633481 0.35043349862098694 460
1690133633505 0.350167453289032 461
1690133633520 0.34990188479423523 462
1690133633536 0.3496367633342743 463
1690133633551 0.34937208890914917 464
1690133633567 0.34910792112350464 465
1690133633583 0.34884417057037354 466
1690133633614 0.34858089685440063 467
1690133633630 0.3483181297779083 468
1690133633646 0.3480558395385742 469
1690133633677 0.34779396653175354 470
1690133633693 0.34753257036209106 471
1690133633709 0.3472716510295868 472
1690133633724 0.34701117873191833 473
1690133633740 0.34675124287605286 474
1690133633771 0.3464917242527008 475
1690133633787 0.34623271226882935 476
1690133633803 0.3459741473197937 477
1690133633818 0.34571605920791626 478
1690133633834 0.345458447933197 479
1690133633850 0.3452012836933136 480
1690133633882 0.34494462609291077 481
1690133633913 0.34468841552734375 482
1690133633944 0.3444327116012573 483
1690133633975 0.3441774249076843 484
1690133634007 0.3439226746559143 485
1690133634039 0.3436684012413025 486
1690133634071 0.3434145450592041 487
1690133634087 0.3431611955165863 488
1690133634118 0.3429083228111267 489
1690133634149 0.3426559269428253 490
1690133634180 0.34240400791168213 491
1690133634197 0.34215253591537476 492
1690133634228 0.34190160036087036 493
1690133634259 0.3416511118412018 494
1690133634283 0.341401070356369 495
1690133634306 0.34115153551101685 496
1690133634338 0.34090250730514526 497
1690133634369 0.3406538963317871 498
1690133634401 0.34040579199790955 499
1690133634432 0.3401581943035126 500
1690133634463 0.3399110436439514 501
1690133634495 0.33966436982154846 502
1690133634526 0.3394182026386261 503
1690133634557 0.33917248249053955 504
1690133634589 0.3389272391796112 505
1690133634620 0.33868250250816345 506
1690133634636 0.3384382426738739 507
1690133634685 0.33819445967674255 508
1690133634734 0.337951123714447 509
1690133634773 0.3377082943916321 510
1690133636288 0.33746594190597534 511
1690133636298 0.3372240960597992 512
1690133636314 0.33698269724845886 513
1690133636329 0.3367418050765991 514
1690133636361 0.3365013897418976 515
1690133636386 0.33626145124435425 516
1690133636392 0.33602195978164673 517
1690133636424 0.3357830047607422 518
1690133636439 0.3355444669723511 519
1690133636455 0.33530643582344055 520
1690133636470 0.33506888151168823 521
1690133636502 0.3348318040370941 522
1690133636517 0.334595263004303 523
1690133636533 0.33435913920402527 524
1690133636548 0.33412349224090576 525
1690133636564 0.3338884115219116 526
1690133636596 0.3336537480354309 527
1690133636611 0.333419531583786 528
1690133636627 0.3331858515739441 529
1690133636658 0.332952618598938 530
1690133636674 0.3327198624610901 531
1690133636706 0.33248767256736755 532
1690133636721 0.33225587010383606 533
1690133636753 0.33202457427978516 534
1690133636784 0.33179378509521484 535
1690133636800 0.33156344294548035 536
1690133636831 0.33133357763290405 537
1690133636847 0.33110421895980835 538
1690133636878 0.33087533712387085 539
1690133636894 0.33064690232276917 540
1690133636925 0.33041897416114807 541
1690133636941 0.3301915228366852 542
1690133636957 0.3299645185470581 543
1690133636987 0.329738050699234 544
1690133637004 0.3295120596885681 545
1690133637020 0.32928651571273804 546
1690133637035 0.32906144857406616 547
1690133637051 0.3288368582725525 548
1690133637082 0.3286128044128418 549
1690133637098 0.32838916778564453 550
1690133637114 0.32816603779792786 551
1690133637130 0.327943354845047 552
1690133637161 0.32772117853164673 553
1690133637176 0.32749947905540466 554
1690133637192 0.3272782564163208 555
1690133637208 0.32705748081207275 556
1690133637239 0.3268372416496277 557
1690133637255 0.32661741971969604 558
1690133637271 0.326398104429245 559
1690133637287 0.32617926597595215 560
1690133637318 0.3259608745574951 561
1690133637334 0.3257429599761963 562
1690133637349 0.32552558183670044 563
1690133637365 0.325308620929718 564
1690133637397 0.3250921666622162 565
1690133637412 0.32487615942955017 566
1690133637428 0.32466065883636475 567
1690133637443 0.3244456648826599 568
1690133637475 0.32423102855682373 569
1690133637491 0.3240169584751129 570
1690133637506 0.3238033354282379 571
1690133637522 0.3235901892185211 572
1690133637538 0.3233775198459625 573
1690133637569 0.32316529750823975 574
1690133637588 0.32295358180999756 575
1690133637601 0.3227423429489136 576
1690133637616 0.3225315511226654 577
1690133637632 0.32232123613357544 578
1690133637663 0.3221113979816437 579
1690133637679 0.3219020366668701 580
1690133637695 0.3216931223869324 581
1690133637726 0.32148465514183044 582
1690133637742 0.3212767243385315 583
1690133637757 0.32106924057006836 584
1690133637773 0.32086220383644104 585
1690133637805 0.3206556439399719 586
1690133637820 0.320449560880661 587
1690133637836 0.3202439546585083 588
1690133637852 0.3200387954711914 589
1690133637867 0.3198341429233551 590
1690133637899 0.3196299076080322 591
1690133637915 0.31942617893218994 592
1690133637930 0.3192228674888611 593
1690133637946 0.31902003288269043 594
1690133637977 0.31881770491600037 595
1690133637993 0.31861579418182373 596
1690133638009 0.3184143900871277 597
1690133638040 0.31821340322494507 598
1690133638056 0.31801292300224304 599
1690133638071 0.31781288981437683 600
1690133638089 0.31761330366134644 601
1690133638103 0.31741419434547424 602
1690133638134 0.31721556186676025 603
1690133638150 0.3170173466205597 604
1690133638166 0.3168196380138397 605
1690133638197 0.31662237644195557 606
1690133638229 0.3164255619049072 607
1690133638260 0.3162292242050171 608
1690133638292 0.31603333353996277 609
1690133638323 0.31583788990974426 610
1690133638354 0.31564292311668396 611
1690133638389 0.3154484033584595 612
1690133638417 0.3152543306350708 613
1690133638448 0.31506073474884033 614
1690133638496 0.3148675858974457 615
1690133638527 0.31467488408088684 616
1690133638558 0.3144826889038086 617
1690133638574 0.3142908811569214 618
1690133638606 0.3140995502471924 619
1690133638637 0.3139086663722992 620
1690133638668 0.3137182593345642 621
1690133638715 0.31352829933166504 622
1690133638731 0.3133387565612793 623
1690133638762 0.31314975023269653 624
1690133638778 0.3129611015319824 625
1690133638794 0.3127729296684265 626
1690133638810 0.3125852644443512 627
1690133638841 0.31239795684814453 628
1690133638856 0.31221115589141846 629
1690133638872 0.3120247721672058 630
1690133638904 0.311838835477829 631
1690133638919 0.31165340542793274 632
1690133638935 0.31146836280822754 633
1690133638951 0.31128376722335815 634
1690133638982 0.311099648475647 635
1690133638998 0.3109159767627716 636
1690133639014 0.31073272228240967 637
1690133639061 0.31054988503456116 638
1690133639092 0.31036755442619324 639
1690133639123 0.31018561124801636 640
1690133639139 0.31000417470932007 641
1690133639170 0.3098231256008148 642
1690133639192 0.3096425533294678 643
1690133639202 0.30946239829063416 644
1690133639218 0.30928269028663635 645
1690133639249 0.309103399515152 646
1690133639265 0.3089245557785034 647
1690133639280 0.30874618887901306 648
1690133639296 0.30856823921203613 649
1690133639327 0.30839070677757263 650
1690133639343 0.30821362137794495 651
1690133639359 0.3080369830131531 652
1690133639374 0.30786076188087463 653
1690133639406 0.3076849579811096 654
1690133639422 0.3075096309185028 655
1690133639437 0.30733469128608704 656
1690133639453 0.30716022849082947 657
1690133639469 0.3069862127304077 658
1690133639500 0.3068125545978546 659
1690133639516 0.3066393733024597 660
1690133639532 0.30646663904190063 661
1690133639547 0.306294322013855 662
1690133639578 0.30612239241600037 663
1690133639594 0.30595093965530396 664
1690133639610 0.30577990412712097 665
1690133639641 0.3056092858314514 666
1690133639657 0.3054391145706177 667
1690133639673 0.305269330739975 668
1690133639693 0.3051000237464905 669
1690133639720 0.30493107438087463 670
1690133639736 0.304762601852417 671
1690133639751 0.3045945465564728 672
1690133639767 0.3044268786907196 673
1690133639799 0.30425968766212463 674
1690133639814 0.3040928840637207 675
1690133639830 0.3039265275001526 676
1690133639862 0.3037605583667755 677
1690133639878 0.30359500646591187 678
1690133639901 0.30342990159988403 679
1690133639917 0.30326518416404724 680
1690133639941 0.30310091376304626 681
1690133639957 0.30293703079223633 682
1690133639973 0.3027735948562622 683
1690133639998 0.3026105463504791 684
1690133640022 0.30244794487953186 685
1690133640038 0.30228573083877563 686
1690133640062 0.30212393403053284 687
1690133640086 0.30196255445480347 688
1690133640101 0.3018015921115875 689
1690133640125 0.3016410171985626 690
1690133640141 0.30148088932037354 691
1690133640157 0.3013211488723755 692
1690133640181 0.3011617958545685 693
1690133640197 0.3010028898715973 694
1690133640213 0.30084437131881714 695
1690133640237 0.3006862998008728 696
1690133640253 0.3005285859107971 697
1690133640269 0.30037128925323486 698
1690133640293 0.30021440982818604 699
1690133640309 0.30005794763565063 700
1690133640325 0.2999018728733063 701
1690133640349 0.29974618554115295 702
1690133640365 0.29959094524383545 703
1690133640381 0.2994360625743866 704
1690133640405 0.29928159713745117 705
1690133640421 0.2991275489330292 706
1690133640437 0.29897385835647583 707
1690133640461 0.2988205850124359 708
1690133640477 0.2986677289009094 709
1690133640493 0.298515260219574 710
1690133640517 0.29836317896842957 711
1690133640533 0.2982115149497986 712
1690133640549 0.29806023836135864 713
1690133640573 0.29790934920310974 714
1690133640593 0.2977588474750519 715
1690133640606 0.29760879278182983 716
1690133640630 0.29745906591415405 717
1690133640646 0.2973097562789917 718
1690133640670 0.2971608638763428 719
1690133640686 0.2970122992992401 720
1690133640702 0.2968641519546509 721
1690133640726 0.2967164218425751 722
1690133640742 0.2965690493583679 723
1690133640758 0.2964220941066742 724
1690133640782 0.2962754964828491 725
1690133640798 0.2961292862892151 726
1690133640822 0.2959834933280945 727
1690133640838 0.29583805799484253 728
1690133640862 0.295693039894104 729
1690133640878 0.29554834961891174 730
1690133640894 0.2954040765762329 731
1690133640918 0.2952601909637451 732
1690133640938 0.29511672258377075 733
1690133640950 0.29497358202934265 734
1690133640974 0.2948307991027832 735
1690133640994 0.29468846321105957 736
1690133641006 0.2945464849472046 737
1690133641030 0.29440486431121826 738
1690133641054 0.2942636013031006 739
1690133641070 0.29412275552749634 740
1690133641086 0.29398229718208313 741
1690133641110 0.2938421964645386 742
1690133641126 0.29370245337486267 743
1690133641142 0.2935631275177002 744
1690133641166 0.293424129486084 745
1690133641190 0.2932854890823364 746
1690133641206 0.2931472957134247 747
1690133641222 0.2930094301700592 748
1690133641246 0.29287195205688477 749
1690133641262 0.2927348017692566 750
1690133641278 0.29259803891181946 751
1690133641302 0.292461633682251 752
1690133641318 0.2923256456851959 753
1690133641342 0.29218998551368713 754
1690133641358 0.292054682970047 755
1690133641374 0.2919197976589203 756
1690133641398 0.29178521037101746 757
1690133641414 0.29165104031562805 758
1690133641438 0.2915171980857849 759
1690133641454 0.2913837432861328 760
1690133641470 0.29125064611434937 761
1690133641494 0.29111790657043457 762
1690133641510 0.2909855246543884 763
1690133641526 0.29085350036621094 764
1690133641551 0.2907218337059021 765
1690133641567 0.2905905544757843 766
1690133641583 0.2904595732688904 767
1690133641607 0.2903290092945099 768
1690133641623 0.29019877314567566 769
1690133641639 0.2900688946247101 770
1690133641663 0.28993934392929077 771
1690133641679 0.2898101806640625 772
1690133641695 0.2896813750267029 773
1690133641719 0.2895529270172119 774
1690133641735 0.2894248068332672 775
1690133641759 0.28929704427719116 776
1690133641775 0.28916963934898376 777
1690133641799 0.289042592048645 778
1690133641815 0.2889159023761749 779
1690133641839 0.2887895405292511 780
1690133641855 0.28866350650787354 781
1690133641871 0.288537859916687 782
1690133641895 0.28841254115104675 783
1690133641911 0.28828755021095276 784
1690133641927 0.2881629168987274 785
1690133641951 0.2880386412143707 786
1690133641967 0.2879147231578827 787
1690133641991 0.2877911329269409 788
1690133642007 0.2876678705215454 789
1690133642023 0.28754493594169617 790
1690133642047 0.28742238879203796 791
1690133642063 0.287300169467926 792
1690133642087 0.28717824816703796 793
1690133642103 0.28705671429634094 794
1690133642119 0.2869354784488678 795
1690133642143 0.2868146002292633 796
1690133642159 0.28669407963752747 797
1690133642175 0.2865738868713379 798
1690133642199 0.2864539921283722 799
1690133642223 0.28633445501327515 800
1690133642239 0.28621527552604675 801
1690133642255 0.28609639406204224 802
1690133642279 0.285977840423584 803
1690133642295 0.285859614610672 804
1690133642319 0.28574174642562866 805
1690133642335 0.2856242060661316 806
1690133642359 0.2855070233345032 807
1690133642375 0.28539013862609863 808
1690133642395 0.28527355194091797 809
1690133642415 0.28515735268592834 810
1690133642431 0.2850414216518402 811
1690133642447 0.2849258482456207 812
1690133642471 0.2848106026649475 813
1690133642487 0.28469568490982056 814
1690133642512 0.2845810651779175 815
1690133642528 0.28446677327156067 816
1690133642552 0.2843528389930725 817
1690133642568 0.28423917293548584 818
1690133642592 0.2841258943080902 819
1690133642608 0.28401288390159607 820
1690133642640 0.2839002013206482 821
1690133642688 0.2837878465652466 822
1690133642712 0.28367581963539124 823
1690133642736 0.28356409072875977 824
1690133642752 0.28345268964767456 825
1690133642768 0.28334158658981323 826
1690133642784 0.28323081135749817 827
1690133642808 0.28312036395072937 828
1690133642824 0.28301021456718445 829
1690133642840 0.2829003930091858 830
1690133642856 0.282790869474411 831
1690133642880 0.2826816737651825 832
1690133642896 0.28257280588150024 833
1690133642912 0.2824642062187195 834
1690133642936 0.2823559641838074 835
1690133642952 0.28224796056747437 836
1690133642968 0.2821403443813324 837
1690133642992 0.28203296661376953 838
1690133643008 0.28192591667175293 839
1690133643024 0.2818191945552826 840
1690133643048 0.2817128002643585 841
1690133643064 0.28160667419433594 842
1690133643080 0.2815008759498596 843
1690133643104 0.2813953459262848 844
1690133643120 0.28129011392593384 845
1690133643136 0.28118520975112915 846
1690133643160 0.28108060359954834 847
1690133643176 0.2809762954711914 848
1690133643200 0.28087231516838074 849
1690133643224 0.28076863288879395 850
1690133643240 0.28066518902778625 851
1690133643256 0.2805621027946472 852
1690133643272 0.28045928478240967 853
1690133643296 0.280356764793396 854
1690133643312 0.2802545428276062 855
1690133643336 0.28015264868736267 856
1690133643352 0.28005102276802063 857
1690133643376 0.27994972467422485 858
1690133643392 0.2798486649990082 859
1690133643408 0.27974793314933777 860
1690133643432 0.27964749932289124 861
1690133643456 0.2795473337173462 862
1690133643472 0.279447466135025 863
1690133643489 0.27934789657592773 864
1690133643505 0.27924859523773193 865
1690133643521 0.2791496217250824 866
1690133643545 0.27905088663101196 867
1690133643561 0.2789524793624878 868
1690133643585 0.2788543701171875 869
1690133643601 0.2787564992904663 870
1690133643625 0.2786589562892914 871
1690133643641 0.27856168150901794 872
1690133643665 0.278464674949646 873
1690133643689 0.2783679962158203 874
1690133643705 0.27827155590057373 875
1690133643721 0.278175413608551 876
1690133643745 0.2780795395374298 877
1690133643769 0.27798396348953247 878
1690133643793 0.2778887152671814 879
1690133643817 0.27779364585876465 880
1690133643841 0.27769893407821655 881
1690133643857 0.27760446071624756 882
1690133643881 0.27751028537750244 883
1690133643905 0.2774164080619812 884
1690133643921 0.2773227393627167 885
1690133643937 0.2772294282913208 886
1690133643961 0.27713632583618164 887
1690133643977 0.27704352140426636 888
1690133643997 0.27695098519325256 889
1690133644019 0.27685877680778503 890
1690133644034 0.2767667770385742 891
1690133644058 0.2766750752925873 892
1690133644074 0.27658364176750183 893
1690133644090 0.27649247646331787 894
1690133644113 0.2764015793800354 895
1690133644129 0.2763109505176544 896
1690133644153 0.2762206196784973 897
1690133644169 0.2761305272579193 898
1690133644193 0.2760407030582428 899
1690133644209 0.2759511172771454 900
1690133644233 0.27586185932159424 901
1690133644249 0.2757728397846222 902
1690133644273 0.27568405866622925 903
1690133644289 0.2755955755710602 904
1690133644305 0.275507390499115 905
1690133644329 0.2754194140434265 906
1690133644345 0.2753317058086395 907
1690133644361 0.27524426579475403 908
1690133644385 0.27515706419944763 909
1690133644401 0.2750701606273651 910
1690133644417 0.2749835252761841 911
1690133644441 0.27489712834358215 912
1690133644458 0.2748109698295593 913
1690133644474 0.274725079536438 914
1690133644498 0.27463945746421814 915
1690133644514 0.2745541036128998 916
1690133644530 0.2744689881801605 917
1690133644554 0.27438414096832275 918
1690133644570 0.2742995321750641 919
1690133644594 0.2742152214050293 920
1690133644610 0.2741311192512512 921
1690133644634 0.27404728531837463 922
1690133644650 0.27396368980407715 923
1690133644674 0.27388036251068115 924
1690133644690 0.27379730343818665 925
1690133644706 0.27371445298194885 926
1690133644730 0.27363187074661255 927
1690133644754 0.27354955673217773 928
1690133644770 0.273467481136322 929
1690133644786 0.2733856439590454 930
1690133644810 0.2733040452003479 931
1690133644826 0.2732227146625519 932
1690133644842 0.27314162254333496 933
1690133644866 0.27306076884269714 934
1690133644882 0.2729801833629608 935
1690133644906 0.2728998363018036 936
1690133644922 0.27281972765922546 937
1690133644938 0.27273985743522644 938
1690133644962 0.2726602554321289 939
1690133644978 0.2725808620452881 940
1690133645002 0.27250173687934875 941
1690133645018 0.27242282032966614 942
1690133645034 0.272344172000885 943
1690133645058 0.272265762090683 944
1690133645074 0.27218759059906006 945
1690133645090 0.27210965752601624 946
1690133645115 0.2720319330692291 947
1690133645139 0.2719544768333435 948
1690133645155 0.2718772292137146 949
1690133645171 0.27180027961730957 950
1690133645195 0.27172350883483887 951
1690133645211 0.27164697647094727 952
1690133645235 0.27157071232795715 953
1690133645251 0.27149465680122375 954
1690133645275 0.27141886949539185 955
1690133645291 0.27134329080581665 956
1690133645306 0.27126792073249817 957
1690133645322 0.2711927890777588 958
1690133645346 0.2711178958415985 959
1690133645362 0.2710432708263397 960
1690133645386 0.27096885442733765 961
1690133645402 0.2708946466445923 962
1690133645418 0.270820677280426 963
1690133645442 0.27074694633483887 964
1690133645458 0.2706734240055084 965
1690133645474 0.2706001400947571 966
1690133645490 0.27052709460258484 967
1690133645514 0.2704542577266693 968
1690133645530 0.2703816294670105 969
1690133645546 0.2703092694282532 970
1690133645562 0.27023711800575256 971
1690133645578 0.27016520500183105 972
1690133645602 0.2700934410095215 973
1690133645619 0.2700219750404358 974
1690133645634 0.2699507474899292 975
1690133645650 0.26987966895103455 976
1690133645675 0.2698088586330414 977
1690133645691 0.26973825693130493 978
1690133645707 0.2696678638458252 979
1690133645731 0.26959773898124695 980
1690133645747 0.269527792930603 981
1690133645771 0.2694580554962158 982
1690133645787 0.2693885564804077 983
1690133645803 0.26931923627853394 984
1690133645859 0.26925015449523926 985
1690133645899 0.2691813111305237 986
1690133645922 0.2691126763820648 987
1690133645946 0.26904425024986267 988
1690133645962 0.26897603273391724 989
1690133645978 0.2689080238342285 990
1690133646002 0.2688402533531189 991
1690133646018 0.268772691488266 992
1690133646034 0.2687053382396698 993
1690133646050 0.26863813400268555 994
1690133646075 0.26857122778892517 995
1690133646091 0.2685045003890991 996
1690133646107 0.2684379816055298 997
1690133646131 0.26837167143821716 998
1690133646147 0.26830556988716125 999
1690133646171 0.26823967695236206 1000
1690133646187 0.2681739628314972 1001
1690133646203 0.2681085169315338 1002
1690133646227 0.2680432200431824 1003
1690133646243 0.2679781913757324 1004
1690133646259 0.2679133117198944 1005
1690133646283 0.2678486704826355 1006
1690133646299 0.2677842378616333 1007
1690133646315 0.26771995425224304 1008
1690133646339 0.2676559388637543 1009
1690133646355 0.26759210228919983 1010
1690133646371 0.2675284445285797 1011
1690133646387 0.2674650251865387 1012
1690133646411 0.267401784658432 1013
1690133646427 0.2673387825489044 1014
1690133646451 0.26727592945098877 1015
1690133646467 0.2672133147716522 1016
1690133646491 0.26715087890625 1017
1690133646507 0.2670886218547821 1018
1690133646531 0.2670266032218933 1019
1690133646547 0.26696473360061646 1020
1690133646571 0.2669031322002411 1021
1690133646587 0.26684167981147766 1022
1690133646603 0.26678040623664856 1023
1690133646627 0.26671937108039856 1024
1690133646643 0.2666585147380829 1025
1690133646667 0.2665978670120239 1026
1690133646683 0.2665373980998993 1027
1690133646700 0.266477108001709 1028
1690133646724 0.2664170265197754 1029
1690133646740 0.2663571536540985 1030
1690133646756 0.26629745960235596 1031
1690133646780 0.26623794436454773 1032
1690133646796 0.2661786377429962 1033
1690133646812 0.26611950993537903 1034
1690133646828 0.26606059074401855 1035
1690133646852 0.26600182056427 1036
1690133646868 0.2659432590007782 1037
1690133646884 0.2658849060535431 1038
1690133646908 0.2658267319202423 1039
1690133646924 0.26576873660087585 1040
1690133646940 0.2657109200954437 1041
1690133646956 0.2656533420085907 1042
1690133646980 0.2655958831310272 1043
1690133647000 0.26553863286972046 1044
1690133647020 0.265481561422348 1045
1690133647036 0.2654246985912323 1046
1690133647052 0.2653679847717285 1047
1690133647076 0.26531150937080383 1048
1690133647092 0.2652551829814911 1049
1690133647116 0.26519903540611267 1050
1690133647132 0.2651430666446686 1051
1690133647156 0.2650873064994812 1052
1690133647172 0.26503169536590576 1053
1690133647188 0.26497629284858704 1054
1690133647212 0.26492103934288025 1055
1690133647228 0.2648659944534302 1056
1690133647244 0.26481106877326965 1057
1690133647260 0.26475638151168823 1058
1690133647276 0.26470187306404114 1059
1690133647300 0.26464754343032837 1060
1690133647316 0.26459336280822754 1061
1690133647332 0.2645393908023834 1062
1690133647356 0.26448556780815125 1063
1690133647372 0.2644319534301758 1064
1690133647388 0.26437848806381226 1065
1690133647404 0.26432517170906067 1066
1690133647420 0.2642720639705658 1067
1690133647436 0.26421910524368286 1068
1690133647460 0.26416635513305664 1069
1690133647476 0.26411375403404236 1070
1690133647500 0.2640613317489624 1071
1690133647516 0.26400911808013916 1072
1690133647532 0.26395702362060547 1073
1690133647556 0.2639051079750061 1074
1690133647573 0.26385337114334106 1075
1690133647589 0.26380181312561035 1076
1690133647613 0.2637504041194916 1077
1690133647629 0.2636992037296295 1078
1690133647645 0.263648122549057 1079
1690133647669 0.2635972499847412 1080
1690133647685 0.26354652643203735 1081
1690133647708 0.2634959816932678 1082
1690133647724 0.26344558596611023 1083
1690133647740 0.26339536905288696 1084
1690133647764 0.26334527134895325 1085
1690133647781 0.26329541206359863 1086
1690133647800 0.26324570178985596 1087
1690133647820 0.2631961405277252 1088
1690133647836 0.2631467580795288 1089
1690133647860 0.26309749484062195 1090
1690133647876 0.2630484104156494 1091
1690133647892 0.2629995346069336 1092
1690133647917 0.2629507780075073 1093
1690133647933 0.2629022002220154 1094
1690133647957 0.2628537714481354 1095
1690133647973 0.2628055214881897 1096
1690133647997 0.26275742053985596 1097
1690133648013 0.26270946860313416 1098
1690133648029 0.2626616954803467 1099
1690133648053 0.26261410117149353 1100
1690133648069 0.26256659626960754 1101
1690133648085 0.26251929998397827 1102
1690133648109 0.2624721825122833 1103
1690133648125 0.26242518424987793 1104
1690133648141 0.26237836480140686 1105
1690133648165 0.26233166456222534 1106
1690133648181 0.26228517293930054 1107
1690133648205 0.2622388005256653 1108
1690133648221 0.26219257712364197 1109
1690133648237 0.26214656233787537 1110
1690133648253 0.2621006369590759 1111
1690133648277 0.2620548903942108 1112
1690133648293 0.26200929284095764 1113
1690133648317 0.2619638442993164 1114
1690133648333 0.2619185745716095 1115
1690133648349 0.2618734538555145 1116
1690133648373 0.2618284523487091 1117
1690133648389 0.261783629655838 1118
1690133648405 0.26173895597457886 1119
1690133648421 0.26169443130493164 1120
1690133648445 0.26165005564689636 1121
1690133648461 0.261605829000473 1122
1690133648477 0.2615617513656616 1123
1690133648501 0.26151782274246216 1124
1690133648517 0.26147404313087463 1125
1690133648533 0.26143041253089905 1126
1690133648557 0.2613869309425354 1127
1690133648573 0.2613435685634613 1128
1690133648589 0.26130038499832153 1129
1690133648605 0.2612573206424713 1130
1690133648629 0.2612144351005554 1131
1690133648653 0.2611716687679291 1132
1690133648669 0.26112908124923706 1133
1690133648693 0.2610865831375122 1134
1690133648709 0.2610442638397217 1135
1690133648733 0.2610020935535431 1136
1690133648749 0.26096007227897644 1137
1690133648773 0.26091817021369934 1138
1690133648789 0.2608764171600342 1139
1690133648805 0.26083481311798096 1140
1690133648821 0.2607933580875397 1141
1690133648846 0.26075202226638794 1142
1690133648861 0.26071086525917053 1143
1690133648885 0.2606697976589203 1144
1690133648901 0.260628879070282 1145
1690133648917 0.2605881094932556 1146
1690133648941 0.2605474889278412 1147
1690133648957 0.2605070173740387 1148
1690133648973 0.26046666502952576 1149
1690133649002 0.26042646169662476 1150
1690133649022 0.2603864073753357 1151
1690133649078 0.2603464722633362 1152
1690133649102 0.2603066861629486 1153
1690133649123 0.2602670192718506 1154
1690133649147 0.2602274715900421 1155
1690133649164 0.26018810272216797 1156
1690133649179 0.2601488530635834 1157
1690133649204 0.26010972261428833 1158
1690133649220 0.2600707411766052 1159
1690133649236 0.26003187894821167 1160
1690133652068 0.25999319553375244 1161
1690133652094 0.2599546015262604 1162
1690133652126 0.25991612672805786 1163
1690133652158 0.2598778307437897 1164
1690133652190 0.25983962416648865 1165
1690133652222 0.25980159640312195 1166
1690133652254 0.2597636580467224 1167
1690133652270 0.2597258985042572 1168
1690133652294 0.25968822836875916 1169
1690133652310 0.25965067744255066 1170
1690133652334 0.2596132755279541 1171
1690133652350 0.2595759928226471 1172
1690133652374 0.259538859128952 1173
1690133652398 0.2595018744468689 1174
1690133652422 0.25946497917175293 1175
1690133652446 0.2594282031059265 1176
1690133652470 0.25939157605171204 1177
1690133652506 0.2593550980091095 1178
1690133652542 0.2593187391757965 1179
1690133652590 0.2592824697494507 1180
1690133652630 0.2592463493347168 1181
1690133652662 0.25921034812927246 1182
1690133652686 0.2591744661331177 1183
1690133652718 0.25913873314857483 1184
1690133652742 0.25910311937332153 1185
1690133652774 0.2590675950050354 1186
1690133652798 0.2590322196483612 1187
1690133652838 0.25899696350097656 1188
1690133652870 0.25896185636520386 1189
1690133652894 0.2589268386363983 1190
1690133652918 0.2588919699192047 1191
1690133652942 0.25885719060897827 1192
1690133652966 0.25882256031036377 1193
1690133652990 0.2587880492210388 1194
1690133653014 0.25875362753868103 1195
1690133653038 0.2587193548679352 1196
1690133653070 0.2586852014064789 1197
1690133653086 0.25865116715431213 1198
1690133653118 0.25861725211143494 1199
1690133653142 0.2585834264755249 1200
1690133653166 0.2585497796535492 1201
1690133653190 0.25851619243621826 1202
1690133653215 0.25848275423049927 1203
1690133653231 0.2584494352340698 1204
1690133653255 0.25841623544692993 1205
1690133653271 0.2583831250667572 1206
1690133653295 0.258350133895874 1207
1690133653311 0.2583172917366028 1208
1690133653335 0.2582845687866211 1209
1690133653359 0.25825193524360657 1210
1690133653383 0.2582194209098816 1211
1690133653399 0.25818702578544617 1212
1690133653423 0.2581547498703003 1213
1690133653439 0.2581225335597992 1214
1690133653463 0.2580904960632324 1215
1690133653479 0.2580585777759552 1216
1690133653495 0.25802671909332275 1217
1690133653519 0.25799500942230225 1218
1690133653551 0.2579633891582489 1219
1690133653575 0.2579319477081299 1220
1690133653599 0.25790056586265564 1221
1690133653623 0.25786927342414856 1222
1690133653639 0.25783810019493103 1223
1690133653671 0.25780704617500305 1224
1690133653695 0.2577761113643646 1225
1690133653719 0.25774532556533813 1226
1690133653735 0.2577145993709564 1227
1690133653775 0.25768396258354187 1228
1690133653799 0.25765344500541687 1229
1690133653823 0.2576231062412262 1230
1690133653847 0.2575927972793579 1231
1690133653863 0.2575626075267792 1232
1690133653887 0.25753253698349 1233
1690133653907 0.25750258564949036 1234
1690133653927 0.2574727535247803 1235
1690133653951 0.25744298100471497 1236
1690133653975 0.2574133276939392 1237
1690133653999 0.257383793592453 1238
1690133654023 0.25735437870025635 1239
1690133654055 0.25732505321502686 1240
1690133654087 0.2572958469390869 1241
1690133654119 0.25726673007011414 1242
1690133654151 0.2572377026081085 1243
1690133654183 0.25720882415771484 1244
1690133654215 0.25718000531196594 1245
1690133654247 0.2571513056755066 1246
1690133654287 0.2571227252483368 1247
1690133654311 0.25709420442581177 1248
1690133654343 0.2570658028125763 1249
1690133654367 0.25703755021095276 1250
1690133654391 0.257009357213974 1251
1690133654423 0.2569812834262848 1252
1690133654455 0.25695326924324036 1253
1690133654479 0.25692540407180786 1254
1690133654503 0.25689762830734253 1255
1690133654519 0.25686994194984436 1256
1690133654543 0.25684234499931335 1257
1690133654560 0.2568148672580719 1258
1690133654583 0.2567874789237976 1259
1690133654599 0.2567601799964905 1260
1690133654623 0.2567330002784729 1261
1690133654639 0.2567059397697449 1262
1690133654655 0.25667890906333923 1263
1690133654671 0.2566520571708679 1264
1690133654703 0.2566252052783966 1265
1690133654720 0.2565985321998596 1266
1690133654744 0.2565719187259674 1267
1690133654768 0.25654542446136475 1268
1690133654792 0.25651898980140686 1269
1690133654816 0.2564927041530609 1270
1690133654840 0.25646647810935974 1271
1690133654864 0.2564403712749481 1272
1690133654888 0.2564143240451813 1273
1690133654912 0.256388396024704 1274
1690133654936 0.25636255741119385 1275
1690133654960 0.2563368082046509 1276
1690133654984 0.2563111484050751 1277
1690133655008 0.2562856078147888 1278
1690133655032 0.25626012682914734 1279
1690133655056 0.2562347650527954 1280
1690133655080 0.25620949268341064 1281
1690133655104 0.25618430972099304 1282
1690133655128 0.2561591863632202 1283
1690133655152 0.25613418221473694 1284
1690133655184 0.2561092972755432 1285
1690133655200 0.25608447194099426 1286
1690133655224 0.2560597062110901 1287
1690133655240 0.25603508949279785 1288
1690133655256 0.256010502576828 1289
1690133655280 0.2559860646724701 1290
1690133655304 0.25596171617507935 1291
1690133655320 0.2559374272823334 1292
1690133655344 0.2559131979942322 1293
1690133655368 0.2558891177177429 1294
1690133655384 0.25586509704589844 1295
1690133655408 0.2558411657810211 1296
1690133655424 0.2558172941207886 1297
1690133655480 0.25579357147216797 1298
1690133655504 0.25576990842819214 1299
1690133655530 0.25574633479118347 1300
1690133655546 0.2557228207588196 1301
1690133655570 0.25569942593574524 1302
1690133655586 0.25567612051963806 1303
1690133655602 0.25565287470817566 1304
1690133655619 0.2556297183036804 1305
1690133655642 0.25560668110847473 1306
1690133655659 0.25558367371559143 1307
1690133655675 0.2555607855319977 1308
1690133655699 0.2555379867553711 1309
1690133655715 0.25551527738571167 1310
1690133655731 0.2554926574230194 1311
1690133655755 0.25547006726264954 1312
1690133655771 0.2554476261138916 1313
1690133655787 0.25542521476745605 1314
1690133655808 0.25540292263031006 1315
1690133655827 0.25538069009780884 1316
1690133655843 0.2553585171699524 1317
1690133655859 0.2553364932537079 1318
1690133655875 0.25531449913978577 1319
1690133655899 0.2552925944328308 1320
1690133655915 0.2552708089351654 1321
1690133655931 0.2552490830421448 1322
1690133655955 0.25522738695144653 1323
1690133655971 0.25520583987236023 1324
1690133655995 0.2551843523979187 1325
1690133656019 0.25516292452812195 1326
1690133656035 0.25514158606529236 1327
1690133656059 0.25512033700942993 1328
1690133656075 0.25509917736053467 1329
1690133656099 0.25507810711860657 1330
1690133656115 0.25505706667900085 1331
1690133656131 0.2550361156463623 1332
1690133656155 0.2550152540206909 1333
1690133656171 0.2549945116043091 1334
1690133656187 0.25497379899024963 1335
1690133656211 0.25495314598083496 1336
1690133656235 0.25493261218070984 1337
1690133656251 0.2549121379852295 1338
1690133656267 0.2548917531967163 1339
1690133656283 0.2548714280128479 1340
1690133656307 0.25485119223594666 1341
1690133656323 0.2548310160636902 1342
1690133656347 0.2548109292984009 1343
1690133656363 0.25479090213775635 1344
1690133656379 0.254770964384079 1345
1690133656395 0.2547511160373688 1346
1690133656419 0.25473132729530334 1347
1690133656436 0.2547115981578827 1348
1690133656460 0.2546919286251068 1349
1690133656476 0.25467240810394287 1350
1690133656492 0.25465288758277893 1351
1690133656509 0.25463348627090454 1352
1690133656524 0.25461411476135254 1353
1690133656548 0.2545948624610901 1354
1690133656568 0.25457563996315 1355
1690133656580 0.2545565068721771 1356
1690133656604 0.2545374631881714 1357
1690133656620 0.25451844930648804 1358
1690133656644 0.25449955463409424 1359
1690133656692 0.2544807195663452 1360
1690133656716 0.25446194410324097 1361
1690133656732 0.2544432282447815 1362
1690133656748 0.2544246315956116 1363
1690133656772 0.25440603494644165 1364
1690133656788 0.2543875575065613 1365
1690133656804 0.25436916947364807 1366
1690133656820 0.25435078144073486 1367
1690133656844 0.2543325126171112 1368
1690133656860 0.2543143033981323 1369
1690133656876 0.2542961835861206 1370
1690133656892 0.2542780935764313 1371
1690133656910 0.2542600929737091 1372
1690133656932 0.2542421519756317 1373
1690133656948 0.2542243003845215 1374
1690133656972 0.25420650839805603 1375
1690133656988 0.25418874621391296 1376
1690133657010 0.25417110323905945 1377
1690133657028 0.2541534900665283 1378
1690133657044 0.25413596630096436 1379
1690133657068 0.25411850214004517 1380
1690133657092 0.25410112738609314 1381
1690133657110 0.2540837824344635 1382
1690133657132 0.254066526889801 1383
1690133657156 0.2540493309497833 1384
1690133657172 0.2540322244167328 1385
1690133657188 0.25401511788368225 1386
1690133657212 0.25399813055992126 1387
1690133657236 0.25398120284080505 1388
1690133657260 0.2539643347263336 1389
1690133657276 0.25394752621650696 1390
1690133657292 0.25393080711364746 1391
1690133657324 0.25391408801078796 1392
1690133657348 0.2538975179195404 1393
1690133657364 0.25388097763061523 1394
1690133657380 0.25386446714401245 1395
1690133657404 0.25384804606437683 1396
1690133657421 0.253831684589386 1397
1690133657437 0.2538154125213623 1398
1690133657461 0.253799170255661 1399
1690133657477 0.2537829875946045 1400
1690133657493 0.25376689434051514 1401
1690133657517 0.25375086069107056 1402
1690133657533 0.25373488664627075 1403
1690133657549 0.25371894240379333 1404
1690133657573 0.2537030875682831 1405
1690133657581 0.2536872923374176 1406
1690133657596 0.2536715567111969 1407
1690133657613 0.25365588068962097 1408
1690133657644 0.2536402642726898 1409
1690133657659 0.25362470746040344 1410
1690133657675 0.25360921025276184 1411
1690133657691 0.253593772649765 1412
1690133657722 0.25357842445373535 1413
1690133657738 0.2535631060600281 1414
1690133657754 0.2535478472709656 1415
1690133657769 0.25353264808654785 1416
1690133657801 0.2535174787044525 1417
1690133657817 0.25350242853164673 1418
1690133657832 0.25348740816116333 1419
1690133657848 0.2534724473953247 1420
1690133657863 0.25345757603645325 1421
1690133657879 0.2534427046775818 1422
1690133657895 0.2534279227256775 1423
1690133657926 0.2534131705760956 1424
1690133657942 0.25339850783348083 1425
1690133657957 0.25338390469551086 1426
1690133657973 0.2533693313598633 1427
1690133658004 0.25335484743118286 1428
1690133658020 0.2533404231071472 1429
1690133658036 0.25332602858543396 1430
1690133658051 0.2533116638660431 1431
1690133658067 0.2532974183559418 1432
1690133658083 0.25328320264816284 1433
1690133658114 0.2532690167427063 1434
1690133658130 0.2532549202442169 1435
1690133658146 0.2532408535480499 1436
1690133658161 0.2532268762588501 1437
1690133658177 0.25321292877197266 1438
1690133658193 0.25319904088974 1439
1690133658224 0.2531852126121521 1440
1690133658240 0.2531714141368866 1441
1690133658256 0.25315770506858826 1442
1690133658287 0.2531440258026123 1443
1690133658302 0.2531304359436035 1444
1690133658318 0.2531168460845947 1445
1690133658334 0.2531033456325531 1446
1690133658350 0.25308990478515625 1447
1690133658365 0.2530764937400818 1448
1690133658397 0.2530631422996521 1449
1690133658412 0.2530498504638672 1450
1690133658427 0.25303661823272705 1451
1690133658443 0.2530233860015869 1452
1690133658459 0.25301027297973633 1453
1690133658474 0.25299715995788574 1454
1690133658506 0.2529841661453247 1455
1690133658537 0.25297117233276367 1456
1690133658569 0.2529582381248474 1457
1690133658593 0.2529453635215759 1458
1690133658618 0.25293248891830444 1459
1690133658635 0.2529197335243225 1460
1690133658649 0.25290700793266296 1461
1690133658665 0.2528943419456482 1462
1690133658696 0.2528817057609558 1463
1690133658712 0.2528691291809082 1464
1690133658728 0.25285661220550537 1465
1690133658744 0.2528441250324249 1466
1690133658759 0.25283169746398926 1467
1690133658790 0.25281932950019836 1468
1690133658822 0.25280699133872986 1469
1690133658838 0.25279471278190613 1470
1690133658853 0.2527824640274048 1471
1690133658869 0.2527703046798706 1472
1690133658885 0.2527581453323364 1473
1690133658916 0.2527460753917694 1474
1690133658932 0.25273406505584717 1475
1690133658956 0.2527220547199249 1476
1690133658972 0.25271013379096985 1477
1690133658995 0.25269824266433716 1478
1690133659014 0.25268638134002686 1479
1690133659031 0.25267457962036133 1480
1690133659059 0.2526628375053406 1481
1690133659080 0.2526511251926422 1482
1690133659106 0.2526394724845886 1483
1690133659122 0.2526278495788574 1484
1690133659131 0.2526163160800934 1485
1690133659162 0.25260481238365173 1486
1690133659178 0.2525933086872101 1487
1690133659187 0.2525818943977356 1488
1690133659213 0.2525705397129059 1489
1690133659234 0.25255918502807617 1490
1690133659250 0.25254788994789124 1491
1690133659265 0.2525366544723511 1492
1690133659281 0.2525254786014557 1493
1690133659296 0.2525143027305603 1494
1690133659314 0.2525032162666321 1495
1690133659344 0.25249212980270386 1496
1690133659359 0.2524811625480652 1497
1690133659375 0.2524701654911041 1498
1690133659391 0.25245925784111023 1499
1690133659422 0.2524483799934387 1500
1690133659438 0.2524375319480896 1501
1690133659455 0.25242674350738525 1502
1690133659478 0.2524159848690033 1503
1690133659496 0.2524052858352661 1504
1690133659514 0.2523946166038513 1505
1690133659526 0.2523840069770813 1506
1690133659541 0.25237342715263367 1507
1690133659572 0.2523629069328308 1508
1690133659588 0.25235238671302795 1509
1690133659604 0.25234195590019226 1510
1690133659620 0.25233155488967896 1511
1690133659635 0.25232118368148804 1512
1690133659667 0.2523108720779419 1513
1690133659682 0.2523006200790405 1514
1690133659698 0.25229036808013916 1515
1690133659714 0.25228017568588257 1516
1690133659730 0.25227001309394836 1517
1690133659761 0.25225991010665894 1518
1690133659782 0.2522498071193695 1519
1690133659796 0.25223982334136963 1520
1690133659824 0.25222980976104736 1521
1690133659840 0.2522198557853699 1522
1690133659865 0.25220996141433716 1523
1690133659881 0.25220009684562683 1524
1690133659897 0.2521902918815613 1525
1690133659927 0.2521804869174957 1526
1690133659947 0.25217074155807495 1527
1690133659963 0.25216105580329895 1528
1690133659983 0.25215139985084534 1529
1690133660007 0.2521417438983917 1530
1690133660023 0.2521321773529053 1531
1690133660032 0.2521226108074188 1532
1690133660063 0.25211313366889954 1533
1690133660078 0.25210362672805786 1534
1690133660094 0.25209423899650574 1535
1690133660114 0.2520848214626312 1536
1690133660126 0.2520754933357239 1537
1690133660141 0.2520661950111389 1538
1690133660173 0.25205689668655396 1539
1690133660188 0.25204765796661377 1540
1690133660204 0.25203847885131836 1541
1690133660220 0.25202929973602295 1542
1690133660236 0.2520202100276947 1543
1690133660267 0.25201109051704407 1544
1690133660291 0.2520020604133606 1545
1690133660307 0.2519930303096771 1546
1690133660322 0.2519840896129608 1547
1690133660338 0.2519751489162445 1548
1690133660354 0.251966267824173 1549
1690133660369 0.25195741653442383 1550
1690133660401 0.25194859504699707 1551
1690133660417 0.2519397735595703 1552
1690133660432 0.2519310414791107 1553
1690133660448 0.2519223392009735 1554
1690133660464 0.2519136667251587 1555
1690133660479 0.25190502405166626 1556
1690133660510 0.2518964111804962 1557
1690133660527 0.25188785791397095 1558
1690133660542 0.2518793046474457 1559
1690133660558 0.2518708109855652 1560
1690133660589 0.2518623471260071 1561
1690133660605 0.25185394287109375 1562
1690133660621 0.2518455386161804 1563
1690133660636 0.25183719396591187 1564
1690133660652 0.2518288493156433 1565
1690133660683 0.2518205940723419 1566
1690133660699 0.25181230902671814 1567
1690133660715 0.25180408358573914 1568
1690133660731 0.2517959475517273 1569
1690133660746 0.25178778171539307 1570
1690133660778 0.2517796456813812 1571
1690133660793 0.25177156925201416 1572
1690133660815 0.2517635226249695 1573
1690133660825 0.2517555058002472 1574
1690133660856 0.2517475485801697 1575
1690133660872 0.25173962116241455 1576
1690133660887 0.2517316937446594 1577
1690133660903 0.2517238259315491 1578
1690133660919 0.2517159879207611 1579
1690133660935 0.25170814990997314 1580
1690133660966 0.25170037150382996 1581
1690133660982 0.25169265270233154 1582
1690133660997 0.25168493390083313 1583
1690133661016 0.2516772449016571 1584
1690133661029 0.25166958570480347 1585
1690133661060 0.2516619861125946 1586
1690133661076 0.25165441632270813 1587
1690133661091 0.25164684653282166 1588
1690133661116 0.25163933634757996 1589
1690133661123 0.25163185596466064 1590
1690133661154 0.2516244053840637 1591
1690133661170 0.2516169846057892 1592
1690133661186 0.25160959362983704 1593
1690133661201 0.2516022324562073 1594
1690133661229 0.2515949010848999 1595
1690133661246 0.2515875995159149 1596
1690133661264 0.2515803277492523 1597
1690133661281 0.2515730857849121 1598
1690133661311 0.2515658736228943 1599
1690133661330 0.25155872106552124 1600
1690133661346 0.2515515685081482 1601
1690133661372 0.25154444575309753 1602
1690133661381 0.25153738260269165 1603
1690133661414 0.25153031945228577 1604
1690133661430 0.25152328610420227 1605
1690133661450 0.25151631236076355 1606
1690133661466 0.25150933861732483 1607
1690133661483 0.2515023946762085 1608
1690133661498 0.25149551033973694 1609
1690133661516 0.2514886260032654 1610
1690133661530 0.2514818012714386 1611
1690133661561 0.2514750063419342 1612
1690133661577 0.2514681816101074 1613
1690133661592 0.2514614462852478 1614
1690133661617 0.2514547109603882 1615
1690133661624 0.25144803524017334 1616
1690133661655 0.2514413595199585 1617
1690133661671 0.25143471360206604 1618
1690133661702 0.25142809748649597 1619
1690133661735 0.2514215111732483 1620
1690133661758 0.251414954662323 1621
1690133661782 0.2514084279537201 1622
1690133661798 0.2514019310474396 1623
1690133661817 0.25139546394348145 1624
1690133661830 0.2513890266418457 1625
1690133661845 0.25138258934020996 1626
1690133661877 0.251376211643219 1627
1690133661892 0.251369833946228 1628
1690133661908 0.25136351585388184 1629
1690133661924 0.25135719776153564 1630
1690133661940 0.25135093927383423 1631
1690133661971 0.2513446807861328 1632
1690133661987 0.25133848190307617 1633
1690133662002 0.25133228302001953 1634
1690133662018 0.2513261139392853 1635
1690133662034 0.2513199746608734 1636
1690133662065 0.25131386518478394 1637
1690133662081 0.25130775570869446 1638
1690133662096 0.25130170583724976 1639
1690133662117 0.25129565596580505 1640
1690133662144 0.25128963589668274 1641
1690133662159 0.2512836754322052 1642
1690133662175 0.25127771496772766 1643
1690133662191 0.2512717843055725 1644
1690133662222 0.25126585364341736 1645
1690133662238 0.251259982585907 1646
1690133662254 0.251254141330719 1647
1690133662269 0.251248300075531 1648
1690133662301 0.2512424886226654 1649
1690133662317 0.2512367069721222 1650
1690133662332 0.25123098492622375 1651
1690133662348 0.25122523307800293 1652
1690133662368 0.2512195408344269 1653
1690133662385 0.25121384859085083 1654
1690133662413 0.25120821595191956 1655
1690133662430 0.2512025833129883 1656
1690133662446 0.2511969804763794 1657
1690133662463 0.2511913776397705 1658
1690133662489 0.2511858642101288 1659
1690133662505 0.2511803209781647 1660
1690133662530 0.25117483735084534 1661
1690133662547 0.2511693239212036 1662
1690133662564 0.25116387009620667 1663
1690133662584 0.2511584460735321 1664
1690133662608 0.25115305185317993 1665
1690133662629 0.25114765763282776 1666
1690133662646 0.25114232301712036 1667
1690133662663 0.2511369585990906 1668
1690133662680 0.25113165378570557 1669
1690133662696 0.25112634897232056 1670
1690133662726 0.2511211037635803 1671
1690133662746 0.2511158287525177 1672
1690133662763 0.25111061334609985 1673
1690133662780 0.2511054277420044 1674
1690133662806 0.2511002719402313 1675
1690133662822 0.25109511613845825 1676
1690133662830 0.25108999013900757 1677
1690133662846 0.2510848641395569 1678
1690133662877 0.251079797744751 1679
1690133662908 0.25107473134994507 1680
1690133662924 0.25106969475746155 1681
1690133662940 0.251064658164978 1682
1690133662955 0.25105971097946167 1683
1690133662971 0.25105470418930054 1684
1690133662987 0.2510497570037842 1685
1690133663018 0.2510448396205902 1686
1690133663034 0.25103995203971863 1687
1690133663050 0.25103506445884705 1688
1690133663065 0.25103020668029785 1689
1690133663081 0.25102534890174866 1690
1690133663105 0.25102052092552185 1691
1690133663121 0.2510157525539398 1692
1690133663145 0.2510109543800354 1693
1690133663153 0.25100618600845337 1694
1690133663169 0.2510014772415161 1695
1690133663200 0.25099679827690125 1696
1690133663217 0.250992089509964 1697
1690133663231 0.2509874403476715 1698
1690133663247 0.25098276138305664 1699
1690133663278 0.25097817182540894 1700
1690133663294 0.25097355246543884 1701
1690133663310 0.25096896290779114 1702
1690133663326 0.2509644031524658 1703
1690133663341 0.2509598433971405 1704
1690133663357 0.2509553134441376 1705
1690133663388 0.25095081329345703 1706
1690133663404 0.2509463429450989 1707
1690133663420 0.2509418725967407 1708
1690133663436 0.25093743205070496 1709
1690133663451 0.2509330213069916 1710
1690133663483 0.2509286105632782 1711
1690133663498 0.2509242296218872 1712
1690133663518 0.2509198784828186 1713
1690133663530 0.25091552734375 1714
1690133663545 0.2509112060070038 1715
1690133663561 0.25090691447257996 1716
1690133663592 0.25090262293815613 1717
1690133663608 0.2508983612060547 1718
1690133663624 0.25089409947395325 1719
1690133663640 0.2508898973464966 1720
1690133663671 0.25088566541671753 1721
1690133663687 0.25088146328926086 1722
1690133663702 0.250877320766449 1723
1690133663734 0.2508731782436371 1724
1690133663765 0.2508690357208252 1725
1690133663789 0.2508649230003357 1726
1690133663813 0.2508608400821686 1727
1690133663829 0.25085675716400146 1728
1690133663853 0.2508527338504791 1729
1690133663869 0.2508486807346344 1730
1690133663885 0.25084465742111206 1731
1690133663900 0.2508406341075897 1732
1690133663918 0.25083667039871216 1733
1690133663932 0.2508327066898346 1734
1690133663948 0.25082874298095703 1735
1690133663979 0.25082483887672424 1736
1690133663994 0.25082093477249146 1737
1690133664010 0.25081703066825867 1738
1690133664026 0.25081315636634827 1739
1690133664042 0.25080931186676025 1740
1690133664058 0.25080546736717224 1741
1690133664089 0.2508016526699066 1742
1690133664104 0.250797837972641 1743
1690133664120 0.25079405307769775 1744
1690133664136 0.2507902979850769 1745
1690133664167 0.25078654289245605 1746
1690133664183 0.2507828176021576 1747
1690133664199 0.2507791221141815 1748
1690133664223 0.25077539682388306 1749
1690133664239 0.25077173113822937 1750
1690133664254 0.2507680654525757 1751
1690133664279 0.250764399766922 1752
1690133664298 0.2507607936859131 1753
1690133664327 0.2507571876049042 1754
1690133664346 0.25075358152389526 1755
1690133664363 0.25074997544288635 1756
1690133664390 0.2507464289665222 1757
1690133664410 0.2507428824901581 1758
1690133664429 0.25073936581611633 1759
1690133664446 0.2507358491420746 1760
1690133664470 0.2507323622703552 1761
1690133664486 0.2507288455963135 1762
1690133664494 0.2507254183292389 1763
1690133664526 0.2507219612598419 1764
1690133664544 0.25071850419044495 1765
1690133664558 0.25071510672569275 1766
1690133664574 0.25071170926094055 1767
1690133664590 0.25070831179618835 1768
1690133664619 0.25070494413375854 1769
1690133664630 0.25070157647132874 1770
1690133664663 0.2506982684135437 1771
1690133664679 0.2506949305534363 1772
1690133664707 0.25069162249565125 1773
1690133664750 0.2506883144378662 1774
1690133664781 0.25068506598472595 1775
1690133664808 0.2506817877292633 1776
1690133664833 0.25067853927612305 1777
1690133664849 0.2506752908229828 1778
1690133664873 0.2506721317768097 1779
1690133664897 0.2506689131259918 1780
1690133664921 0.25066572427749634 1781
1690133664949 0.25066256523132324 1782
1690133664982 0.25065937638282776 1783
1690133665010 0.25065627694129944 1784
1690133665032 0.25065311789512634 1785
1690133665061 0.2506500482559204 1786
1690133665085 0.2506469488143921 1787
1690133665109 0.25064384937286377 1788
1690133665133 0.25064077973365784 1789
1690133665157 0.2506377100944519 1790
1690133665181 0.25063467025756836 1791
1690133665205 0.2506316900253296 1792
1690133665229 0.25062867999076843 1793
1690133665245 0.2506256699562073 1794
1690133665269 0.2506226897239685 1795
1690133665285 0.2506197392940521 1796
1690133665301 0.25061678886413574 1797
1690133665325 0.250613808631897 1798
1690133665341 0.25061091780662537 1799
1690133665365 0.250607967376709 1800
1690133665381 0.2506050765514374 1801
1690133665405 0.25060221552848816 1802
1690133665430 0.25059932470321655 1803
1690133665446 0.2505964934825897 1804
1690133665470 0.2505936324596405 1805
1690133665486 0.25059083104133606 1806
1690133665502 0.25058799982070923 1807
1690133665525 0.2505852282047272 1808
1690133665541 0.25058242678642273 1809
1690133665565 0.2505796551704407 1810
1690133665586 0.2505768835544586 1811
1690133665613 0.25057414174079895 1812
1690133665642 0.2505713999271393 1813
1690133665662 0.250568687915802 1814
1690133665695 0.2505659759044647 1815
1690133665729 0.25056329369544983 1816
1690133665753 0.25056061148643494 1817
1690133665778 0.25055792927742004 1818
1690133665812 0.25055524706840515 1819
1690133665829 0.25055262446403503 1820
1690133665860 0.2505500018596649 1821
1690133665880 0.2505474090576172 1822
1690133665904 0.2505447566509247 1823
1690133665920 0.25054219365119934 1824
1690133665944 0.2505396008491516 1825
1690133665962 0.25053703784942627 1826
1690133665976 0.2505344748497009 1827
1690133665992 0.250531941652298 1828
1690133666024 0.250529408454895 1829
1690133666040 0.25052687525749207 1830
1690133666067 0.2505243718624115 1831
1690133666095 0.25052186846733093 1832
1690133666128 0.25051939487457275 1833
1690133666155 0.25051695108413696 1834
1690133666179 0.2505144774913788 1835
1690133666203 0.250512033700943 1836
1690133666229 0.2505095899105072 1837
1690133666245 0.2505071759223938 1838
1690133666275 0.2505047619342804 1839
1690133666295 0.250502347946167 1840
1690133666320 0.25049999356269836 1841
1690133666338 0.25049760937690735 1842
1690133666354 0.25049522519111633 1843
1690133666370 0.2504928708076477 1844
1690133666386 0.25049054622650146 1845
1690133666402 0.2504882216453552 1846
1690133666433 0.250485897064209 1847
1690133666449 0.25048360228538513 1848
1690133666465 0.2504813075065613 1849
1690133666480 0.2504790127277374 1850
1690133666496 0.2504767179489136 1851
1690133666520 0.2504744827747345 1852
1690133666543 0.25047221779823303 1853
1690133666559 0.25046998262405396 1854
1690133666574 0.25046777725219727 1855
1690133666590 0.2504655420780182 1856
1690133666606 0.2504633367061615 1857
1690133666637 0.2504611611366272 1858
1690133666657 0.2504589557647705 1859
1690133666685 0.2504567801952362 1860
1690133666702 0.2504546046257019 1861
1690133666729 0.25045245885849 1862
1690133666761 0.25045034289360046 1863
1690133666787 0.25044819712638855 1864
1690133666824 0.250446081161499 1865
1690133666861 0.2504439651966095 1866
1690133666883 0.25044184923171997 1867
1690133666917 0.2504397928714752 1868
1690133666934 0.2504376769065857 1869
1690133666949 0.25043565034866333 1870
1690133666982 0.2504335641860962 1871
1690133667006 0.25043150782585144 1872
1690133667030 0.2504294812679291 1873
1690133667054 0.2504274249076843 1874
1690133667070 0.25042542815208435 1875
1690133667094 0.2504234313964844 1876
1690133667118 0.2504214346408844 1877
1690133667134 0.2504194378852844 1878
1690133667150 0.25041747093200684 1879
1690133667174 0.25041550397872925 1880
1690133667197 0.25041356682777405 1881
1690133667213 0.25041159987449646 1882
1690133667237 0.25040966272354126 1883
1690133667253 0.25040772557258606 1884
1690133667277 0.25040581822395325 1885
1690133667301 0.25040391087532043 1886
1690133667321 0.25040197372436523 1887
1690133667343 0.2504000961780548 1888
1690133667360 0.2503982484340668 1889
1690133667386 0.25039637088775635 1890
1690133667410 0.2503944933414459 1891
1690133667436 0.2503926455974579 1892
1690133667460 0.25039079785346985 1893
1690133667477 0.2503889799118042 1894
1690133667501 0.25038713216781616 1895
1690133667529 0.2503853142261505 1896
1690133667551 0.25038352608680725 1897
1690133667577 0.2503817081451416 1898
1690133667599 0.25037992000579834 1899
1690133667621 0.25037816166877747 1900
1690133667631 0.2503763735294342 1901
1690133667655 0.25037461519241333 1902
1690133667671 0.25037285685539246 1903
1690133667687 0.2503710985183716 1904
1690133667702 0.2503693997859955 1905
1690133667721 0.2503676414489746 1906
1690133667734 0.2503659129142761 1907
1690133667765 0.2503642141819 1908
1690133667781 0.2503625154495239 1909
1690133667796 0.2503608167171478 1910
1690133667821 0.2503591477870941 1911
1690133667828 0.2503574788570404 1912
1690133667844 0.2503558099269867 1913
1690133667859 0.250354140996933 1914
1690133667875 0.25035250186920166 1915
1690133667906 0.25035086274147034 1916
1690133667922 0.250349223613739 1917
1690133667938 0.2503475844860077 1918
1690133667954 0.25034600496292114 1919
1690133667985 0.2503443956375122 1920
1690133668001 0.25034278631210327 1921
1690133668022 0.25034117698669434 1922
1690133668045 0.2503395974636078 1923
1690133668068 0.25033804774284363 1924
1690133668093 0.2503364682197571 1925
1690133668179 0.25033488869667053 1926
1690133668243 0.25033333897590637 1927
1690133668278 0.2503318190574646 1928
1690133668316 0.25033026933670044 1929
1690133668340 0.25032874941825867 1930
1690133668364 0.2503272294998169 1931
1690133668388 0.2503257095813751 1932
1690133668412 0.25032418966293335 1933
1690133668436 0.25032269954681396 1934
1690133668460 0.25032123923301697 1935
1690133668484 0.2503197491168976 1936
1690133668508 0.2503182590007782 1937
1690133668525 0.2503167986869812 1938
1690133668543 0.2503153383731842 1939
1690133668557 0.2503138780593872 1940
1690133668588 0.2503124475479126 1941
1690133668604 0.250311017036438 1942
1690133668622 0.2503095865249634 1943
1690133668635 0.25030815601348877 1944
1690133668667 0.25030675530433655 1945
1690133668682 0.25030532479286194 1946
1690133668713 0.2503039538860321 1947
1690133668729 0.2503025531768799 1948
1690133668745 0.25030115246772766 1949
1690133668761 0.2502997815608978 1950
1690133668792 0.250298410654068 1951
1690133668816 0.25029706954956055 1952
1690133668848 0.2502956986427307 1953
1690133668872 0.2502943277359009 1954
1690133668898 0.2502930164337158 1955
1690133668930 0.2502916753292084 1956
1690133668961 0.2502903640270233 1957
1690133668977 0.25028902292251587 1958
1690133669008 0.2502877116203308 1959
1690133669024 0.25028640031814575 1960
1690133669040 0.2502851188182831 1961
1690133669071 0.25028377771377563 1962
1690133669087 0.25028249621391296 1963
1690133669123 0.2502812445163727 1964
1690133669150 0.25027996301651 1965
1690133669165 0.2502787113189697 1966
1690133669197 0.25027742981910706 1967
1690133669228 0.2502761781215668 1968
1690133669259 0.2502749264240265 1969
1690133669275 0.2502737045288086 1970
1690133669306 0.2502724528312683 1971
1690133669338 0.2502712309360504 1972
1690133669354 0.25026997923851013 1973
1690133669385 0.2502687871456146 1974
1690133669401 0.25026756525039673 1975
1690133669424 0.2502663731575012 1976
1690133669448 0.2502651810646057 1977
1690133669464 0.2502639889717102 1978
1690133669495 0.2502627968788147 1979
1690133669524 0.2502616047859192 1980
1690133669542 0.25026044249534607 1981
1690133669573 0.25025928020477295 1982
1690133669589 0.2502581477165222 1983
1690133669620 0.2502569854259491 1984
1690133669636 0.250255823135376 1985
1690133669652 0.25025466084480286 1986
1690133669668 0.2502535283565521 1987
1690133669699 0.2502524256706238 1988
1690133669724 0.25025129318237305 1989
1690133669746 0.2502501904964447 1990
1690133669777 0.25024908781051636 1991
1690133669793 0.2502479553222656 1992
1690133669824 0.2502468526363373 1993
1690133669855 0.25024574995040894 1994
1690133669871 0.250244677066803 1995
1690133669902 0.250243604183197 1996
1690133669918 0.2502425014972687 1997
1690133669934 0.2502414286136627 1998
1690133669950 0.25024035573005676 1999
