1690137332411 0.5497688055038452 0
1690137332483 0.5014421343803406 1
1690137332515 0.5005207061767578 2
1690137332547 0.4995303750038147 3
1690137332563 0.4984731078147888 4
1690137332587 0.4972969889640808 5
1690137332611 0.4959501624107361 6
1690137332627 0.49439504742622375 7
1690137332651 0.4925929307937622 8
1690137332675 0.4904939532279968 9
1690137332699 0.48804354667663574 10
1690137332715 0.48519545793533325 11
1690137332732 0.4819151759147644 12
1690137332748 0.4891350269317627 13
1690137332764 0.4761596918106079 14
1690137332780 0.4740745723247528 15
1690137332796 0.47187262773513794 16
1690137332820 0.46950703859329224 17
1690137332908 0.4669344425201416 18
1690137332924 0.464114785194397 19
1690137332940 0.4610123634338379 20
1690137332956 0.45759493112564087 21
1690137332972 0.4538339376449585 22
1690137332988 0.4497039020061493 23
1690137333004 0.445181667804718 24
1690137333020 0.44024592638015747 25
1690137333028 0.4348764419555664 26
1690137333052 0.42905357480049133 27
1690137333068 0.4227571189403534 28
1690137333084 0.4159654974937439 29
1690137333100 0.40865567326545715 30
1690137333116 0.40080153942108154 31
1690137333132 0.39237362146377563 32
1690137333156 0.3833385705947876 33
1690137333164 0.37637579441070557 34
1690137333188 0.3665393888950348 35
1690137333204 0.35865163803100586 36
1690137333220 0.34996750950813293 37
1690137333236 0.3404558300971985 38
1690137333252 0.33008140325546265 39
1690137333276 0.32737502455711365 40
1690137333292 0.30832722783088684 41
1690137333316 0.33748549222946167 42
1690137333332 0.3463972210884094 43
1690137333356 0.33377179503440857 44
1690137333380 0.31455379724502563 45
1690137333396 0.3134464919567108 46
1690137333424 0.3149072825908661 47
1690137333444 0.3046116828918457 48
1690137333460 0.298931360244751 49
1690137333484 0.2951996326446533 50
1690137333500 0.2847466766834259 51
1690137333525 0.29798513650894165 52
1690137333541 0.30040109157562256 53
1690137333737 0.2880069613456726 54
1690137333765 0.2885502576828003 55
1690137333797 0.30436477065086365 56
1690137333813 0.3083750307559967 57
1690137333837 0.2983669638633728 58
1690137333861 0.29189786314964294 59
1690137333877 0.29219168424606323 60
1690137333893 0.29474958777427673 61
1690137333917 0.2953987121582031 62
1690137333941 0.2880469560623169 63
1690137333957 0.28518345952033997 64
1690137333981 0.2812012732028961 65
1690137334005 0.28111615777015686 66
1690137334029 0.2770078480243683 67
1690137334045 0.2699926197528839 68
1690137334061 0.2715526819229126 69
1690137334077 0.26912611722946167 70
1690137334093 0.26788511872291565 71
1690137334109 0.2674405872821808 72
1690137334133 0.26775282621383667 73
1690137334157 0.2684899568557739 74
1690137334181 0.2643906772136688 75
1690137334205 0.27577924728393555 76
1690137334229 0.2770872414112091 77
1690137334245 0.26751407980918884 78
1690137334277 0.2666472792625427 79
1690137334309 0.2751796543598175 80
1690137334333 0.2715030014514923 81
1690137334357 0.2649163603782654 82
1690137334381 0.26636114716529846 83
1690137334397 0.26458632946014404 84
1690137334413 0.2619681656360626 85
1690137334437 0.2717001438140869 86
1690137334461 0.27232640981674194 87
1690137334477 0.26162460446357727 88
1690137334493 0.27797192335128784 89
1690137334517 0.28509658575057983 90
1690137334541 0.28038346767425537 91
1690137334581 0.26518064737319946 92
1690137334605 0.2767432928085327 93
1690137334629 0.2875027060508728 94
1690137334645 0.28640216588974 95
1690137334661 0.2747557759284973 96
1690137334677 0.26246848702430725 97
1690137334693 0.27046746015548706 98
1690137334709 0.26710450649261475 99
1690137334725 0.2616504430770874 100
1690137334741 0.26305118203163147 101
1690137334757 0.2607807517051697 102
1690137334773 0.25978875160217285 103
1690137334789 0.2588253319263458 104
1690137334805 0.2586882412433624 105
1690137334829 0.2649601399898529 106
1690137334845 0.2630224823951721 107
1690137334861 0.2630656659603119 108
1690137334885 0.2639148235321045 109
1690137334901 0.26423972845077515 110
1690137334925 0.26326704025268555 111
1690137334949 0.26691287755966187 112
1690137334965 0.2638481855392456 113
1690137334981 0.26169487833976746 114
1690137335290 0.26289692521095276 115
1690137335318 0.2582078278064728 116
1690137335350 0.2589370608329773 117
1690137335374 0.25870251655578613 118
1690137335406 0.2581712007522583 119
1690137335438 0.26270976662635803 120
1690137335462 0.2609066069126129 121
1690137335494 0.26221418380737305 122
1690137335526 0.26259472966194153 123
1690137335558 0.2598435878753662 124
1690137335590 0.2665344476699829 125
1690137335626 0.2638847827911377 126
1690137335654 0.2591991722583771 127
1690137335694 0.26019203662872314 128
1690137335710 0.25922691822052 129
1690137335727 0.2573041021823883 130
1690137335743 0.26435840129852295 131
1690137335759 0.2648009657859802 132
1690137335775 0.2570297122001648 133
1690137335791 0.2630937695503235 134
1690137335807 0.26116228103637695 135
1690137335831 0.2599527835845947 136
1690137335847 0.26047611236572266 137
1690137335863 0.25823137164115906 138
1690137335871 0.2567673623561859 139
1690137335887 0.2635164260864258 140
1690137335903 0.26366114616394043 141
1690137335919 0.25661903619766235 142
1690137335935 0.2630254626274109 143
1690137335951 0.26065585017204285 144
1690137335975 0.2597438097000122 145
1690137335983 0.26057934761047363 146
1690137335999 0.2577715516090393 147
1690137336015 0.2647842764854431 148
1690137336039 0.26261138916015625 149
1690137336055 0.25709471106529236 150
1690137336079 0.25784584879875183 151
1690137336087 0.2590552568435669 152
1690137336103 0.25744062662124634 153
1690137336119 0.2614096403121948 154
1690137336135 0.261713445186615 155
1690137336152 0.25554022192955017 156
1690137336176 0.2637723684310913 157
1690137336192 0.2620372772216797 158
1690137336208 0.2567020356655121 159
1690137336228 0.2571428418159485 160
1690137336240 0.25954437255859375 161
1690137336256 0.2583526372909546 162
1690137336272 0.25742995738983154 163
1690137336288 0.2551300525665283 164
1690137336304 0.2556118965148926 165
1690137336320 0.2572575509548187 166
1690137336336 0.2574002146720886 167
1690137336352 0.25704842805862427 168
1690137336368 0.2589910924434662 169
1690137336384 0.2576686441898346 170
1690137336400 0.25988563895225525 171
1690137336416 0.2599910497665405 172
1690137336432 0.2561858892440796 173
1690137336448 0.25560322403907776 174
1690137336464 0.2545611560344696 175
1690137336480 0.25444138050079346 176
1690137336496 0.25538232922554016 177
1690137336512 0.2596116065979004 178
1690137336528 0.257817804813385 179
1690137336544 0.25947821140289307 180
1690137336560 0.25993525981903076 181
1690137336576 0.25760671496391296 182
1690137336592 0.2635052800178528 183
1690137336608 0.26166683435440063 184
1690137336624 0.2554433345794678 185
1690137336640 0.255979061126709 186
1690137336648 0.2589104473590851 187
1690137336664 0.2575138807296753 188
1690137336680 0.25902682542800903 189
1690137336697 0.2592014968395233 190
1690137336713 0.2558249831199646 191
1690137336729 0.2547202706336975 192
1690137336753 0.26135775446891785 193
1690137336769 0.26129716634750366 194
1690137336785 0.253732293844223 195
1690137336801 0.25354689359664917 196
1690137336817 0.2540053129196167 197
1690137336833 0.2597651481628418 198
1690137336849 0.25788605213165283 199
1690137359982 0.2583742896094918 0
