1690194971428 0.3797278106212616 0
1690194971644 0.24865123629570007 1
1690194971872 0.19404980540275574 2
1690194972103 0.19609016180038452 3
1690194972336 0.18369153141975403 4
1690194972568 0.152467280626297 5
1690194972796 0.15497200191020966 6
1690194973053 0.14430184662342072 7
1690194973286 0.12574875354766846 8
1690194973532 0.1363891214132309 9
1690194973790 0.108973927795887 10
1690194974030 0.10683617740869522 11
1690194974249 0.10161791741847992 12
1690194974471 0.10660438239574432 13
1690194974707 0.09052151441574097 14
1690194974923 0.10133886337280273 15
1690194975151 0.09597034752368927 16
1690194975390 0.09721674025058746 17
1690194975621 0.0971388965845108 18
1690194975846 0.08503923565149307 19
1690194976078 0.08786284923553467 20
1690194976316 0.08312872797250748 21
1690194976536 0.08533331751823425 22
1690194976768 0.07622674107551575 23
1690194977037 0.07574868947267532 24
1690194977277 0.0801365077495575 25
1690194977511 0.08244968205690384 26
1690194977773 0.07403448969125748 27
1690194978023 0.07348288595676422 28
1690194978253 0.0783076211810112 29
1690194978487 0.07515605539083481 30
1690194978745 0.07208318263292313 31
1690194978976 0.06728550791740417 32
1690194979194 0.062397222965955734 33
1690194979415 0.06816048920154572 34
1690194979653 0.06821484118700027 35
1690194979875 0.07129085063934326 36
1690194980117 0.06024632230401039 37
1690194980348 0.06489267945289612 38
1690194980578 0.06424158811569214 39
1690194980807 0.06837401539087296 40
1690194981045 0.05639924481511116 41
1690194981268 0.05827442184090614 42
1690194981501 0.06425713002681732 43
1690194981733 0.06069757416844368 44
1690194981961 0.06004313379526138 45
1690194982195 0.05311619117856026 46
1690194982424 0.049770619720220566 47
1690194982644 0.04739442840218544 48
1690194982877 0.05534932017326355 49
1690194983100 0.048038236796855927 50
1690194983327 0.04983725771307945 51
1690194983556 0.05053826421499252 52
1690194983791 0.046489570289850235 53
1690194984014 0.050375718623399734 54
1690194984276 0.0429600365459919 55
1690194984515 0.03356175124645233 56
1690194984745 0.0356469564139843 57
1690194984978 0.03554330766201019 58
1690194985195 0.038119107484817505 59
1690194985424 0.036040689796209335 60
1690194985648 0.03811044991016388 61
1690194985880 0.03522561118006706 62
1690194986116 0.037951864302158356 63
1690194986353 0.030528666451573372 64
1690194986589 0.02335965260863304 65
1690194986804 0.031442154198884964 66
1690194987041 0.0313367024064064 67
1690194987275 0.02664431557059288 68
1690194987505 0.025759505107998848 69
1690194987748 0.028138941153883934 70
1690194987976 0.022791355848312378 71
1690194988211 0.02298332378268242 72
1690194988441 0.02223629504442215 73
1690194988707 0.024526653811335564 74
1690194988954 0.02902689389884472 75
1690194989179 0.025831419974565506 76
1690194989401 0.023074278607964516 77
1690194989631 0.019136708229780197 78
1690194989860 0.02041023224592209 79
1690194990085 0.01931835152208805 80
1690194990320 0.013024838641285896 81
1690194990556 0.015995627269148827 82
1690194990771 0.01673702523112297 83
1690194990996 0.01969269849359989 84
1690194991225 0.014629523269832134 85
1690194991463 0.007849736139178276 86
1690194991696 0.015103082172572613 87
1690194991932 0.012589212507009506 88
1690194992154 0.01729842647910118 89
1690194992388 0.015400515869259834 90
1690194992624 0.017328429967164993 91
1690194992855 0.015083739534020424 92
1690194993084 0.010663620196282864 93
1690194993319 0.01427400205284357 94
1690194993539 0.01362957339733839 95
1690194993774 0.0156431645154953 96
1690194994005 0.015126150101423264 97
1690194994228 0.012683815322816372 98
1690194994460 0.01260171364992857 99
1690194994694 0.009928853251039982 100
1690194994926 0.013639134354889393 101
1690194995157 0.01285379845649004 102
1690194995394 0.008304250426590443 103
1690194995624 0.011230404488742352 104
1690194995856 0.007891134358942509 105
1690194996086 0.014590107835829258 106
1690194996364 0.012581701390445232 107
1690194996599 0.010890355333685875 108
1690194996836 0.008362957276403904 109
1690194997068 0.01144282054156065 110
1690194997304 0.01063593104481697 111
1690194997520 0.011233494617044926 112
1690194997751 0.010119096376001835 113
1690194998015 0.010497873649001122 114
1690194998306 0.0077041322365403175 115
1690194998564 0.007344377227127552 116
1690194998805 0.007670062594115734 117
