1689865963377 0.8153866529464722 0
1689865963633 0.6577634215354919 1
1689865963915 0.6109921932220459 2
1689865964198 0.5946849584579468 3
1689865964467 0.5825005173683167 4
1689865964751 0.5773040652275085 5
1689865965014 0.5727359652519226 6
1689865965276 0.5650448203086853 7
1689865965499 0.5598730444908142 8
1689865965749 0.5584317445755005 9
1689865965998 0.5541568994522095 10
1689865966262 0.5489259958267212 11
1689865966514 0.5455749034881592 12
1689865966749 0.5418395400047302 13
1689865967009 0.5429618954658508 14
1689865967250 0.5329371690750122 15
1689865967525 0.5332168936729431 16
1689865967847 0.5283554792404175 17
1689865968111 0.5222851634025574 18
1689865968386 0.516555666923523 19
1689865968621 0.5129452347755432 20
1689865968887 0.5113903284072876 21
1689865969143 0.502728283405304 22
1689865969385 0.504381000995636 23
1689865969650 0.4943038821220398 24
1689865969905 0.487159788608551 25
1689865970154 0.48030632734298706 26
1689865970415 0.481368750333786 27
1689865970664 0.47623929381370544 28
1689865970909 0.4725603759288788 29
