1689600310268 4.5767927169799805 0
1689600310484 4.321646213531494 1
1689600310692 4.082139015197754 2
1689600310901 3.8562231063842773 3
1689600311123 3.642301321029663 4
1689600311346 3.4423398971557617 5
1689600311575 3.255344867706299 6
1689600311860 3.0805599689483643 7
1689600312088 2.9171688556671143 8
1689600312321 2.759791851043701 9
1689600312535 2.5413100719451904 10
1689600312767 2.3746418952941895 11
1689600312984 2.2440755367279053 12
1689600313198 2.130918264389038 13
1689600313433 2.027832269668579 14
1689600313660 1.9369004964828491 15
1689600313892 1.8539842367172241 16
1689600314143 1.7823050022125244 17
1689600314351 1.7175296545028687 18
1689600314569 1.6609857082366943 19
1689600314827 1.6114388704299927 20
1689600315082 1.560808539390564 21
1689600315288 1.5064235925674438 22
1689600315513 1.4734054803848267 23
1689600315770 1.4483059644699097 24
1689600315997 1.427058219909668 25
1689600316237 1.408298134803772 26
1689600316446 1.3897840976715088 27
1689600316671 1.3756307363510132 28
1689600316890 1.3648327589035034 29
1689600317113 1.359362244606018 30
1689600317330 1.3552252054214478 31
1689600317544 1.351611614227295 32
1689600317777 1.3487659692764282 33
1689600317994 1.3462300300598145 34
1689600318229 1.344376564025879 35
1689600318453 1.3427907228469849 36
1689600318673 1.3414558172225952 37
1689600318908 1.3404054641723633 38
1689600319111 1.339219570159912 39
1689600319341 1.3383655548095703 40
1689600319565 1.3378089666366577 41
1689600319786 1.337345838546753 42
1689600320009 1.3377890586853027 43
1689600320229 1.3369672298431396 44
1689600320464 1.3366978168487549 45
1689600320682 1.336672306060791 46
1689600320897 1.3361417055130005 47
1689600321128 1.3362157344818115 48
1689600321332 1.33599054813385 49
1689600321553 1.3358936309814453 50
1689600321828 1.3359836339950562 51
1689600322069 1.3355783224105835 52
1689600322293 1.3355120420455933 53
1689600322519 1.3357226848602295 54
1689600322746 1.3356317281723022 55
1689600323052 1.3356962203979492 56
1689600323324 1.3357621431350708 57
1689600323530 1.335561990737915 58
1689600323762 1.3353952169418335 59
1689600323970 1.3354731798171997 60
1689600324205 1.3355317115783691 61
1689600324425 1.335317850112915 62
1689600324643 1.3356214761734009 63
1689600324876 1.3353809118270874 64
1689600325095 1.335452675819397 65
1689600325329 1.3357317447662354 66
1689600325543 1.3353164196014404 67
1689600325764 1.335260033607483 68
1689600326017 1.3356693983078003 69
1689600326229 1.335167407989502 70
1689600326457 1.3354408740997314 71
1689600326665 1.3355772495269775 72
1689600326881 1.3355028629302979 73
1689600327108 1.3353302478790283 74
1689600327331 1.3350492715835571 75
1689600327564 1.3354496955871582 76
1689600327789 1.3351008892059326 77
1689600328014 1.3353493213653564 78
1689600328228 1.3353831768035889 79
1689600328443 1.3351502418518066 80
1689600328671 1.3351777791976929 81
1689600328904 1.3356397151947021 82
1689600329151 1.3353875875473022 83
1689600329394 1.335128903388977 84
1689600329640 1.334997534751892 85
1689600329890 1.33494234085083 86
1689600330127 1.3351269960403442 87
1689600330370 1.3355534076690674 88
1689600330577 1.3351844549179077 89
