1689600310268 1.810532808303833 0
1689600310484 1.7458157539367676 1
1689600310692 1.6867839097976685 2
1689600310901 1.6298737525939941 3
1689600311123 1.5774644613265991 4
1689600311346 1.5274661779403687 5
1689600311575 1.4808341264724731 6
1689600311860 1.4370944499969482 7
1689600312088 1.3952796459197998 8
1689600312321 1.3566393852233887 9
1689600312535 1.3033956289291382 10
1689600312767 1.261572241783142 11
1689600312984 1.2279692888259888 12
1689600313198 1.200563669204712 13
1689600313433 1.1748875379562378 14
1689600313660 1.1516602039337158 15
1689600313892 1.1303963661193848 16
1689600314143 1.112126111984253 17
1689600314351 1.0964635610580444 18
1689600314569 1.082524061203003 19
1689600314827 1.0688846111297607 20
1689600315082 1.0563057661056519 21
1689600315288 1.0428506135940552 22
1689600315513 1.0351324081420898 23
1689600315770 1.0287202596664429 24
1689600315997 1.0234612226486206 25
1689600316237 1.0186744928359985 26
1689600316446 1.013700246810913 27
1689600316671 1.0107862949371338 28
1689600316890 1.007994294166565 29
1689600317113 1.006199836730957 30
1689600317330 1.0054376125335693 31
1689600317544 1.0045799016952515 32
1689600317777 1.0038752555847168 33
1689600317994 1.0034199953079224 34
1689600318229 1.003059983253479 35
1689600318453 1.0024986267089844 36
1689600318673 1.0023729801177979 37
1689600318908 1.0021690130233765 38
1689600319111 1.0017428398132324 39
1689600319341 1.00164794921875 40
1689600319565 1.001499891281128 41
1689600319786 1.001381754875183 42
1689600320009 1.0015140771865845 43
1689600320229 1.0013333559036255 44
1689600320464 1.0012644529342651 45
1689600320682 1.0013277530670166 46
1689600320897 1.0011159181594849 47
1689600321128 1.0011789798736572 48
1689600321332 1.0011541843414307 49
1689600321553 1.0011221170425415 50
1689600321828 1.0012123584747314 51
1689600322069 1.0010162591934204 52
1689600322293 1.0009344816207886 53
1689600322519 1.0009706020355225 54
1689600322746 1.001071810722351 55
1689600323052 1.001105785369873 56
1689600323324 1.0011169910430908 57
1689600323530 1.0010032653808594 58
1689600323762 1.0009987354278564 59
1689600323970 1.000972867012024 60
1689600324205 1.0010370016098022 61
1689600324425 1.0009270906448364 62
1689600324643 1.0010638236999512 63
1689600324876 1.000991702079773 64
1689600325095 1.0009911060333252 65
1689600325329 1.0009262561798096 66
1689600325543 1.000927209854126 67
1689600325764 1.0008429288864136 68
1689600326017 1.0010995864868164 69
1689600326229 1.0008970499038696 70
1689600326457 1.0010055303573608 71
1689600326665 1.0009552240371704 72
1689600326881 1.0009812116622925 73
1689600327108 1.000990867614746 74
1689600327331 1.000819206237793 75
1689600327564 1.000993013381958 76
1689600327789 1.0008376836776733 77
1689600328014 1.0009260177612305 78
1689600328228 1.0009686946868896 79
1689600328443 1.0008536577224731 80
1689600328671 1.0008976459503174 81
1689600328904 1.0008853673934937 82
1689600329151 1.0009208917617798 83
1689600329394 1.0008360147476196 84
1689600329640 1.0007779598236084 85
1689600329890 1.0007636547088623 86
1689600330127 1.0008069276809692 87
1689600330370 1.0009968280792236 88
1689600330577 1.0008916854858398 89
