1689089732438 0.3426150381565094 0
1689089732465 0.3324483036994934 1
1689089732478 0.325691282749176 2
1689089732491 0.3203611969947815 3
1689089732504 0.3158522844314575 4
1689089732517 0.3118883967399597 5
1689089732532 0.3083173334598541 6
1689089732546 0.3050452470779419 7
1689089732582 0.302009254693985 8
1689089732595 0.29916512966156006 9
1689089732608 0.2964803874492645 10
1689089732622 0.2939302921295166 11
1689089732636 0.2914956212043762 12
1689089732649 0.28916072845458984 13
1689089732664 0.2869132161140442 14
1689089732679 0.2847425043582916 15
1689089732692 0.2826399803161621 16
1689089732704 0.2805982232093811 17
1689089732718 0.27861061692237854 18
1689089732731 0.276671826839447 19
1689089732744 0.2747769355773926 20
1689089732760 0.27292174100875854 21
1689089732817 0.27110254764556885 22
1689089732831 0.2693159580230713 23
1689089732845 0.26755911111831665 24
1689089732858 0.2658293843269348 25
1689089732872 0.2641245424747467 26
1689089732884 0.2624426484107971 27
1689089732899 0.2607818841934204 28
1689089732912 0.25914087891578674 29
1689089732926 0.2575182318687439 30
1689089732937 0.2559128999710083 31
1689089732952 0.25432392954826355 32
1689089732965 0.25275054574012756 33
1689089732978 0.25119203329086304 34
1689089732993 0.24964794516563416 35
1689089733007 0.24811774492263794 36
1689089733019 0.2466011494398117 37
1689089733033 0.24509763717651367 38
1689089733047 0.2436070740222931 39
1689089733060 0.24212926626205444 40
1689089733072 0.24066388607025146 41
1689089733085 0.23921073973178864 42
1689089733098 0.23776979744434357 43
1689089733112 0.23634088039398193 44
1689089733125 0.23492369055747986 45
1689089733138 0.23351822793483734 46
1689089733151 0.23212432861328125 47
1689089733166 0.23074191808700562 48
1689089733179 0.2293708324432373 49
1689089733193 0.22801095247268677 50
1689089733272 0.22666224837303162 51
1689089733287 0.22532451152801514 52
1689089733300 0.22399769723415375 53
1689089733314 0.2226817011833191 54
1689089733327 0.22137640416622162 55
1689089733338 0.22008180618286133 56
1689089733352 0.2187976986169815 57
1689089733365 0.21752393245697021 58
1689089733378 0.21626053750514984 59
1689089733392 0.21500732004642487 60
1689089733405 0.2137642353773117 61
1689089733418 0.21253123879432678 62
1689089733432 0.21130810678005219 63
1689089733446 0.21009480953216553 64
1689089733460 0.20889128744602203 65
1689089733472 0.20769737660884857 66
1689089733485 0.2065129578113556 67
1689089733498 0.2053380012512207 68
1689089733511 0.2041723132133484 69
1689089733524 0.20301581919193268 70
1689089733537 0.20186838507652283 71
1689089733550 0.20072990655899048 72
1689089733564 0.1996002495288849 73
1689089733578 0.1984792947769165 74
1689089733591 0.1973668336868286 75
1689089733604 0.19626283645629883 76
1689089733617 0.19516703486442566 77
1689089733631 0.19407930970191956 78
1689089733645 0.1929994374513626 79
1689089733658 0.19192729890346527 80
1689089733671 0.19086259603500366 81
1689089733687 0.18980512022972107 82
1689089733702 0.18875467777252197 83
1689089733720 0.1877109259366989 84
1689089733733 0.18667373061180115 85
1689089733749 0.1856427788734436 86
1689089733763 0.1846177726984024 87
1689089733777 0.18359863758087158 88
1689089733790 0.18258512020111084 89
1689089733802 0.18157711625099182 90
1689089733817 0.18057450652122498 91
1689089733833 0.1795773208141327 92
1689089733846 0.1785854995250702 93
1689089733960 0.17759904265403748 94
1689089733974 0.17661798000335693 95
1689089733986 0.1756424903869629 96
1689089734000 0.17467351257801056 97
1689089734013 0.1737186759710312 98
1689089734028 0.17276811599731445 99
1689089734043 0.1718079000711441 100
1689089734056 0.17085202038288116 101
1689089734070 0.1699083000421524 102
1689089734083 0.16897141933441162 103
1689089734098 0.16804078221321106 104
1689089734111 0.16711580753326416 105
1689089734124 0.1661965250968933 106
1689089734137 0.16528283059597015 107
1689089734151 0.16437476873397827 108
1689089734166 0.1634722203016281 109
1689089734180 0.16257531940937042 110
1689089734193 0.1616838276386261 111
1689089734206 0.16079795360565186 112
1689089734222 0.15991762280464172 113
1689089734238 0.15904341638088226 114
1689089734255 0.15817520022392273 115
1689089734309 0.15731416642665863 116
1689089734335 0.15645423531532288 117
1689089734358 0.155598446726799 118
1689089734382 0.15474580228328705 119
1689089734398 0.15389955043792725 120
1689089734417 0.15305796265602112 121
1689089734431 0.1522214114665985 122
1689089734445 0.15138903260231018 123
1689089734461 0.15056093037128448 124
1689089734474 0.14973659813404083 125
1689089734485 0.14891624450683594 126
1689089734500 0.1480993926525116 127
1689089734513 0.14728650450706482 128
1689089734527 0.14647692441940308 129
1689089734541 0.14567162096500397 130
1689089734552 0.14486896991729736 131
1689089734566 0.1440703421831131 132
1689089734579 0.14327335357666016 133
1689089734594 0.14248058199882507 134
1689089734608 0.14169050753116608 135
1689089734620 0.14090488851070404 136
1689089734634 0.14012260735034943 137
1689089734649 0.13934467732906342 138
1689089734662 0.13857026398181915 139
1689089734676 0.1378001570701599 140
1689089734688 0.13703368604183197 141
1689089734701 0.1362716406583786 142
1689089734715 0.13551318645477295 143
1689089734728 0.13475938141345978 144
1689089734741 0.13400901854038239 145
1689089734753 0.13326331973075867 146
1689089734766 0.13252070546150208 147
1689089734779 0.13178285956382751 148
1689089734793 0.13104809820652008 149
1689089734807 0.13031816482543945 150
1689089734819 0.12959171831607819 151
1689089734833 0.12887009978294373 152
1689089734981 0.12815213203430176 153
1689089734994 0.12743888795375824 154
1689089735008 0.12672941386699677 155
1689089735020 0.12602466344833374 156
1689089735034 0.12532362341880798 157
1689089735048 0.12462733685970306 158
1689089735061 0.12393470108509064 159
1689089735074 0.12324684113264084 160
1689089735086 0.12256244570016861 161
1689089735101 0.12188281118869781 162
1689089735115 0.1212066113948822 163
1689089735130 0.12053520977497101 164
1689089735146 0.11986732482910156 165
1689089735161 0.11920425295829773 166
1689089735175 0.11854478716850281 167
1689089735188 0.11789009720087051 168
1689089735201 0.1172390803694725 169
1689089735215 0.11659283936023712 170
1689089735229 0.11595025658607483 171
1689089735242 0.11531241983175278 172
1689089735254 0.11467816680669785 173
1689089735268 0.11404870450496674 174
1689089735282 0.11342277377843857 175
1689089735296 0.11280159652233124 176
1689089735309 0.11218388378620148 177
1689089735322 0.11157094687223434 178
1689089735335 0.11096146702766418 179
1689089735349 0.11035680025815964 180
1689089735362 0.10975564271211624 181
1689089735376 0.1091591864824295 182
1689089735390 0.10856633633375168 183
1689089735402 0.10797819495201111 184
1689089735414 0.10739363729953766 185
1689089735428 0.10681378841400146 186
1689089735441 0.10623745620250702 187
1689089735453 0.10566582530736923 188
1689089735467 0.1050977110862732 189
1689089735482 0.10453429818153381 190
1689089735495 0.1039743423461914 191
1689089735508 0.10341908037662506 192
1689089735520 0.1028672456741333 193
1689089735534 0.10232008993625641 194
1689089735549 0.10177640616893768 195
1689089735563 0.10123736411333084 196
1689089735576 0.10070180892944336 197
1689089735588 0.10017091780900955 198
1689089735602 0.09964348375797272 199
1689089735615 0.09912065416574478 200
1689089735629 0.0986013412475586 201
1689089735643 0.0980866402387619 202
1689089735656 0.09757532924413681 203
1689089735669 0.0970686599612236 204
1689089735682 0.0965653508901596 205
1689089735697 0.09606669098138809 206
1689089735711 0.0955713763833046 207
1689089735724 0.09508064389228821 208
1689089735736 0.09459327161312103 209
1689089735751 0.09411050379276276 210
1689089735765 0.0936310812830925 211
1689089735778 0.09315620362758636 212
1689089735790 0.09268467873334885 213
1689089735803 0.09221772849559784 214
1689089735817 0.09175405651330948 215
1689089735830 0.09129494428634644 216
1689089735843 0.09083910286426544 217
1689089735859 0.09038782119750977 218
1689089735877 0.08993980288505554 219
1689089735895 0.08949624747037888 220
1689089735912 0.08905596286058426 221
1689089735927 0.0886201411485672 222
1689089735943 0.0881875604391098 223
1689089735957 0.08775942027568817 224
1689089735970 0.08733446896076202 225
1689089735985 0.08691395819187164 226
1689089735999 0.08649661391973495 227
1689089736012 0.08608366549015045 228
1689089736026 0.08567389100790024 229
1689089736040 0.08526846766471863 230
1689089736052 0.08486616611480713 231
1689089736066 0.08446820080280304 232
1689089736079 0.08407329767942429 233
1689089736093 0.08368272334337234 234
1689089736106 0.08329512923955917 235
1689089736118 0.08291183412075043 236
1689089736133 0.08253152668476105 237
1689089736146 0.08215540647506714 238
1689089736160 0.08178223669528961 239
1689089736173 0.08141320943832397 240
1689089736389 0.08104706555604935 241
1689089736403 0.08068502694368362 242
1689089736416 0.08032582700252533 243
1689089736429 0.07997066527605057 244
1689089736442 0.07961826771497726 245
1689089736457 0.07926982641220093 246
1689089736470 0.07892410457134247 247
1689089736484 0.0785822868347168 248
1689089736499 0.07824312150478363 249
1689089736514 0.07790780067443848 250
1689089736529 0.07757510989904404 251
1689089736544 0.07724624127149582 252
1689089736561 0.07691994309425354 253
1689089736576 0.07659748196601868 254
1689089736590 0.07627758383750916 255
1689089736603 0.07596153765916824 256
1689089736617 0.07564809918403625 257
1689089736632 0.07533852756023407 258
1689089736646 0.07503163814544678 259
1689089736662 0.07472866028547287 260
1689089736676 0.07442840933799744 261
1689089736690 0.07413214445114136 262
1689089736702 0.07383869588375092 263
1689089736715 0.0735493004322052 264
1689089736729 0.0732627660036087 265
1689089736742 0.0729803740978241 266
1689089736754 0.07270091027021408 267
1689089736769 0.07242566347122192 268
1689089736783 0.07215338945388794 269
1689089736797 0.07188539206981659 270
1689089736810 0.07162044942378998 271
1689089736823 0.07135985046625137 272
1689089736835 0.07110236585140228 273
1689089736851 0.07084925472736359 274
1689089736867 0.07059931755065918 275
1689089736881 0.07035382091999054 276
1689089736893 0.07011153548955917 277
1689089736906 0.06987369060516357 278
1689089736918 0.06963913887739182 279
1689089736932 0.0694090723991394 280
1689089736946 0.06918233633041382 281
1689089736959 0.06896007806062698 282
1689089736971 0.06874120235443115 283
1689089736984 0.06852687895298004 284
1689089736997 0.06831590831279755 285
1689089737013 0.06810953468084335 286
1689089737028 0.06790654361248016 287
1689089737044 0.06770816445350647 288
1689089737057 0.06751319766044617 289
1689089737069 0.06732283532619476 290
1689089737084 0.06713591516017914 291
1689089737098 0.06695360690355301 292
1689089737111 0.06677477061748505 293
1689089737125 0.06660053133964539 294
1689089737138 0.0664297491312027 295
1689089737151 0.0662635937333107 296
1689089737164 0.06610091030597687 297
1689089737178 0.06594282388687134 298
1689089737205 0.06578823179006577 299
1689089737233 0.06563818454742432 300
1689089737252 0.06549163162708282 301
1689089737267 0.06534962356090546 302
1689089737281 0.06521108746528625 303
1689089737294 0.06507708132266998 304
1689089737308 0.06494653224945068 305
1689089737320 0.06482044607400894 306
1689089737334 0.06469781696796417 307
1689089737347 0.06457962095737457 308
1689089737361 0.06446482241153717 309
1689089737374 0.06435438245534897 310
1689089737386 0.06424735486507416 311
1689089737400 0.06414461135864258 312
1689089737416 0.06404521316289902 313
1689089737429 0.06395004689693451 314
1689089737442 0.06385815888643265 315
1689089737456 0.06377042084932327 316
1689089737469 0.06368591636419296 317
1689089737482 0.06360544264316559 318
1689089737496 0.06352812051773071 319
1689089737509 0.06345473974943161 320
1689089737521 0.06338442862033844 321
1689089737534 0.0633179247379303 322
1689089737548 0.06325440108776093 323
1689089737561 0.06319456547498703 324
1689089737574 0.06313757598400116 325
1689089737586 0.06308414787054062 326
1689089737599 0.06303344666957855 327
1689089737614 0.06298613548278809 328
1689089737628 0.06294143199920654 329
1689089737641 0.06289993971586227 330
1689089737653 0.06286092102527618 331
1689089737667 0.06282490491867065 332
1689089737681 0.06279122084379196 333
1689089737694 0.0627603679895401 334
1689089737707 0.06273165345191956 335
1689089737719 0.06270556151866913 336
1689089737732 0.06268143653869629 337
1689089737746 0.06265970319509506 338
1689089737760 0.0626397654414177 339
1689089737772 0.06262202560901642 340
1689089737784 0.0626058429479599 341
1689089737798 0.06259162724018097 342
1689089737812 0.06257879734039307 343
1689089737826 0.06256771087646484 344
1689089737839 0.06255777180194855 345
1689089737851 0.06254933774471283 346
1689089737865 0.0625419020652771 347
1689089737879 0.06253570318222046 348
1689089737893 0.06253029406070709 349
1689089737906 0.06252593547105789 350
1689089737919 0.06252219527959824 351
1689089737932 0.06251927465200424 352
1689089737948 0.06251682341098785 353
1689089737962 0.0625150054693222 354
1689089737975 0.06251350045204163 355
1689089737987 0.06251244246959686 356
1689089738001 0.0625116378068924 357
1689089738014 0.0625111311674118 358
1689089738027 0.06251078844070435 359
1689089738040 0.06251059472560883 360
1689089738052 0.06251056492328644 361
1689089738068 0.06251055002212524 362
1689089738082 0.06251062452793121 363
1689089738095 0.06251069158315659 364
1689089738109 0.06251083314418793 365
1689089738395 0.0625109076499939 366
1689089738408 0.06251105666160583 367
1689089738421 0.06251109391450882 368
1689089738434 0.06251124292612076 369
1689089738448 0.06251123547554016 370
1689089738462 0.0625113993883133 371
1689089738476 0.0625113770365715 372
1689089738488 0.06251151114702225 373
1689089738501 0.06251145899295807 374
1689089738514 0.06251160800457001 375
1689089738528 0.06251155585050583 376
1689089738540 0.06251168251037598 377
1689089738553 0.0625116229057312 378
1689089738567 0.06251174211502075 379
1689089738581 0.06251166015863419 380
1689089738594 0.06251177936792374 381
1689089738607 0.06251169741153717 382
1689089738621 0.06251178681850433 383
1689089738636 0.06251169741153717 384
1689089738650 0.06251180171966553 385
1689089738665 0.06251171231269836 386
1689089738680 0.06251180917024612 387
1689089738692 0.06251172721385956 388
1689089738706 0.06251183152198792 389
1689089738718 0.06251173466444016 390
1689089738732 0.06251181662082672 391
1689089738745 0.06251174211502075 392
1689089738759 0.06251183897256851 393
1689089738773 0.06251174956560135 394
1689089738785 0.06251183897256851 395
1689089738799 0.06251174211502075 396
1689089738812 0.06251184642314911 397
1689089738825 0.06251174211502075 398
1689089738837 0.06251183897256851 399
1689089738851 0.06251174956560135 400
1689089738864 0.06251183152198792 401
1689089738878 0.06251175701618195 402
1689089738892 0.06251181662082672 403
1689089738904 0.06251173466444016 404
1689089738918 0.06251183897256851 405
1689089738931 0.06251172721385956 406
1689089738944 0.06251184642314911 407
1689089738957 0.06251174211502075 408
1689089738969 0.06251183152198792 409
1689089738982 0.06251174211502075 410
1689089738995 0.06251183152198792 411
1689089739009 0.06251174211502075 412
1689089739021 0.06251183152198792 413
1689089739033 0.06251173466444016 414
1689089739047 0.06251183152198792 415
1689089739061 0.06251174211502075 416
1689089739076 0.06251183897256851 417
1689089739093 0.06251173466444016 418
1689089739108 0.06251183152198792 419
1689089739133 0.06251172721385956 420
1689089739156 0.06251183897256851 421
1689089739177 0.06251174211502075 422
1689089739205 0.06251183897256851 423
1689089739227 0.06251172721385956 424
1689089739245 0.06251184642314911 425
1689089739260 0.06251174211502075 426
1689089739275 0.06251183897256851 427
1689089739290 0.06251172721385956 428
1689089739303 0.06251183152198792 429
1689089739317 0.06251172721385956 430
1689089739333 0.06251183152198792 431
1689089739347 0.06251174211502075 432
1689089739360 0.06251183152198792 433
1689089739374 0.06251172721385956 434
1689089739386 0.06251183152198792 435
1689089739399 0.06251173466444016 436
1689089739413 0.06251183152198792 437
1689089739426 0.06251174211502075 438
1689089739439 0.06251183897256851 439
1689089739452 0.06251173466444016 440
1689089739466 0.06251183152198792 441
1689089739479 0.06251173466444016 442
1689089739493 0.06251183897256851 443
1689089739507 0.06251175701618195 444
1689089739518 0.06251182407140732 445
1689089739532 0.06251173466444016 446
1689089739547 0.06251184642314911 447
1689089739560 0.06251174211502075 448
1689089739573 0.06251183152198792 449
1689089739585 0.06251175701618195 450
1689089739599 0.06251183152198792 451
1689089739614 0.06251173466444016 452
1689089739628 0.06251184642314911 453
1689089739641 0.06251174211502075 454
1689089739654 0.06251183152198792 455
1689089739668 0.06251174211502075 456
1689089739681 0.06251182407140732 457
1689089739695 0.06251174956560135 458
1689089739709 0.06251183152198792 459
1689089739721 0.06251174211502075 460
1689089739735 0.06251184642314911 461
1689089739749 0.06251174956560135 462
1689089739766 0.06251183152198792 463
1689089739792 0.06251173466444016 464
1689089739811 0.06251181662082672 465
1689089739830 0.06251172721385956 466
1689089739845 0.06251183152198792 467
1689089739860 0.06251174956560135 468
1689089739876 0.06251182407140732 469
1689089739892 0.06251173466444016 470
1689089739907 0.06251183152198792 471
1689089739922 0.06251172721385956 472
1689089739936 0.06251183897256851 473
1689089739950 0.06251172721385956 474
1689089739967 0.06251183152198792 475
1689089739984 0.06251174211502075 476
1689089740001 0.06251182407140732 477
1689089740018 0.06251172721385956 478
1689089740037 0.06251183152198792 479
1689089740052 0.06251173466444016 480
1689089740069 0.06251182407140732 481
1689089740083 0.06251174211502075 482
1689089740098 0.06251183152198792 483
1689089740112 0.06251175701618195 484
1689089740125 0.06251184642314911 485
1689089740137 0.06251173466444016 486
1689089740151 0.06251182407140732 487
1689089740164 0.06251174211502075 488
1689089740179 0.06251182407140732 489
1689089740193 0.06251173466444016 490
1689089740207 0.06251181662082672 491
1689089740219 0.06251173466444016 492
1689089740232 0.06251183152198792 493
1689089740247 0.06251174211502075 494
1689089740261 0.06251183152198792 495
1689089740274 0.06251175701618195 496
1689089740287 0.06251183152198792 497
1689089740301 0.06251174211502075 498
1689089740314 0.06251183152198792 499
