1689089732438 0.49824225902557373 0
1689089732465 0.4918025732040405 1
1689089732478 0.4872806668281555 2
1689089732491 0.4835716485977173 3
1689089732504 0.4803314805030823 4
1689089732517 0.47740188241004944 5
1689089732532 0.47469526529312134 6
1689089732546 0.47215735912323 7
1689089732582 0.4697517156600952 8
1689089732595 0.467452734708786 9
1689089732608 0.46524161100387573 10
1689089732622 0.4631040394306183 11
1689089732636 0.4610289931297302 12
1689089732649 0.45900750160217285 13
1689089732664 0.4570324718952179 14
1689089732679 0.45509791374206543 15
1689089732692 0.4531990885734558 16
1689089732704 0.4513317942619324 17
1689089732718 0.4494924247264862 18
1689089732731 0.4476780295372009 19
1689089732744 0.4458859860897064 20
1689089732760 0.44411399960517883 21
1689089732817 0.44236013293266296 22
1689089732831 0.4406225383281708 23
1689089732845 0.4388997554779053 24
1689089732858 0.43719029426574707 25
1689089732872 0.43549296259880066 26
1689089732884 0.43380671739578247 27
1689089732899 0.43213048577308655 28
1689089732912 0.4304635524749756 29
1689089732926 0.42880505323410034 30
1689089732937 0.4271543622016907 31
1689089732952 0.4255109131336212 32
1689089732965 0.4238741993904114 33
1689089732978 0.42224380373954773 34
1689089732993 0.4206193685531616 35
1689089733007 0.4190007448196411 36
1689089733019 0.4173875153064728 37
1689089733033 0.41577959060668945 38
1689089733047 0.4141768217086792 39
1689089733060 0.41257917881011963 40
1689089733072 0.4109865427017212 41
1689089733085 0.4093989133834839 42
1689089733098 0.4078162908554077 43
1689089733112 0.40623873472213745 44
1689089733125 0.4046661853790283 45
1689089733138 0.4030986428260803 46
1689089733151 0.4015361964702606 47
1689089733166 0.399978905916214 48
1689089733179 0.39842677116394043 49
1689089733193 0.39687982201576233 50
1689089733272 0.39533817768096924 51
1689089733287 0.393801748752594 52
1689089733300 0.39227062463760376 53
1689089733314 0.39074480533599854 54
1689089733327 0.3892242908477783 55
1689089733338 0.38770920038223267 56
1689089733352 0.38619938492774963 57
1689089733365 0.3846948742866516 58
1689089733378 0.38319578766822815 59
1689089733392 0.3817019462585449 60
1689089733405 0.3802134394645691 61
1689089733418 0.37873032689094543 62
1689089733432 0.37725239992141724 63
1689089733446 0.37577974796295166 64
1689089733460 0.3743123412132263 65
1689089733472 0.3728501796722412 66
1689089733485 0.37139302492141724 67
1689089733498 0.3699411153793335 68
1689089733511 0.3684941530227661 69
1689089733524 0.36705219745635986 70
1689089733537 0.3656151294708252 71
1689089733550 0.3641829192638397 72
1689089733564 0.3627554774284363 73
1689089733578 0.36133265495300293 74
1689089733591 0.3599143624305725 75
1689089733604 0.35850054025650024 76
1689089733617 0.35709095001220703 77
1689089733631 0.3556855022907257 78
1689089733645 0.35428398847579956 79
1689089733658 0.35288622975349426 80
1689089733671 0.3514919877052307 81
1689089733687 0.3501009941101074 82
1689089733702 0.3487130403518677 83
1689089733720 0.34732773900032043 84
1689089733733 0.34594494104385376 85
1689089733749 0.3445642590522766 86
1689089733763 0.34318533539772034 87
1689089733777 0.34180811047554016 88
1689089733790 0.3404322564601898 89
1689089733802 0.3390576243400574 90
1689089733817 0.33768415451049805 91
1689089733833 0.33631178736686707 92
1689089733846 0.3349405825138092 93
1689089733960 0.3335703909397125 94
1689089733974 0.3322017192840576 95
1689089733986 0.33083343505859375 96
1689089734000 0.32946905493736267 97
1689089734013 0.32809877395629883 98
1689089734028 0.32675138115882874 99
1689089734043 0.3253690004348755 100
1689089734056 0.3240274488925934 101
1689089734070 0.32266128063201904 102
1689089734083 0.3213108777999878 103
1689089734098 0.31995368003845215 104
1689089734111 0.31860339641571045 105
1689089734124 0.3172508776187897 106
1689089734137 0.3159029483795166 107
1689089734151 0.3145539164543152 108
1689089734166 0.3132089376449585 109
1689089734180 0.3118627965450287 110
1689089734193 0.3105211555957794 111
1689089734206 0.30917686223983765 112
1689089734222 0.30783921480178833 113
1689089734238 0.30649495124816895 114
1689089734255 0.3051633834838867 115
1689089734309 0.3038150370121002 116
1689089734335 0.3024928569793701 117
1689089734358 0.3011413812637329 118
1689089734382 0.2998208999633789 119
1689089734398 0.2984722852706909 120
1689089734417 0.2976612150669098 121
1689089734431 0.29579925537109375 122
1689089734445 0.2957461178302765 123
1689089734461 0.2940770983695984 124
1689089734474 0.2939763069152832 125
1689089734485 0.2922777533531189 126
1689089734500 0.29232555627822876 127
1689089734513 0.2903696894645691 128
1689089734527 0.29080235958099365 129
1689089734541 0.28834235668182373 130
1689089734552 0.28930920362472534 131
1689089734566 0.28640881180763245 132
1689089734579 0.28756648302078247 133
1689089734594 0.28480690717697144 134
1689089734608 0.2856297492980957 135
1689089734620 0.28329533338546753 136
1689089734634 0.2837446928024292 137
1689089734649 0.28169602155685425 138
1689089734662 0.2819659411907196 139
1689089734676 0.27999579906463623 140
1689089734688 0.28027671575546265 141
1689089734701 0.2782052755355835 142
1689089734715 0.2786572575569153 143
1689089734728 0.2763449549674988 144
1689089734741 0.27705779671669006 145
1689089734753 0.27449503540992737 146
1689089734766 0.27537885308265686 147
1689089734779 0.27276408672332764 148
1689089734793 0.27358561754226685 149
1689089734807 0.2711315155029297 150
1689089734819 0.271761417388916 151
1689089734833 0.26949870586395264 152
1689089734981 0.2699786126613617 153
1689089734994 0.2678152322769165 154
1689089735008 0.2682543396949768 155
1689089735020 0.26607459783554077 156
1689089735034 0.2665785849094391 157
1689089735048 0.2642914652824402 158
1689089735061 0.26492294669151306 159
1689089735074 0.2625042796134949 160
1689089735086 0.26324334740638733 161
1689089735101 0.2607618570327759 162
1689089735115 0.26151275634765625 163
1689089735130 0.2590760290622711 164
1689089735146 0.25975143909454346 165
1689089735161 0.25741246342658997 166
1689089735175 0.2579984664916992 167
1689089735188 0.25573474168777466 168
1689089735201 0.25627586245536804 169
1689089735215 0.25402799248695374 170
1689089735229 0.25458502769470215 171
1689089735242 0.2522961497306824 172
1689089735254 0.252912312746048 173
1689089735268 0.25055763125419617 174
1689089735282 0.25123605132102966 175
1689089735296 0.25 176
1689089735309 0.2499999850988388 177
1689089735322 0.25 178
1689089735335 0.2499999701976776 179
1689089735349 0.25 180
1689089735362 0.2500000298023224 181
1689089735376 0.2499999850988388 182
1689089735390 0.25 183
1689089735402 0.25 184
1689089735414 0.25 185
1689089735428 0.2500000298023224 186
1689089735441 0.25 187
1689089735453 0.2499999850988388 188
1689089735467 0.25 189
1689089735482 0.25 190
1689089735495 0.25 191
1689089735508 0.25 192
1689089735520 0.25 193
1689089735534 0.25 194
1689089735549 0.25 195
1689089735563 0.25 196
1689089735576 0.25 197
1689089735588 0.25 198
1689089735602 0.25 199
1689089735615 0.2499999701976776 200
1689089735629 0.25 201
1689089735643 0.2500000298023224 202
1689089735656 0.25 203
1689089735669 0.25 204
1689089735682 0.25 205
1689089735697 0.25 206
1689089735711 0.25 207
1689089735724 0.25 208
1689089735736 0.25 209
1689089735751 0.25 210
1689089735765 0.25 211
1689089735778 0.25 212
1689089735790 0.25 213
1689089735803 0.25 214
1689089735817 0.25 215
1689089735830 0.25 216
1689089735843 0.2499999701976776 217
1689089735859 0.2499999850988388 218
1689089735877 0.25 219
1689089735895 0.2499999701976776 220
1689089735912 0.2499999850988388 221
1689089735927 0.2499999850988388 222
1689089735943 0.25 223
1689089735957 0.25 224
1689089735970 0.25 225
1689089735985 0.25 226
1689089735999 0.25 227
1689089736012 0.25 228
1689089736026 0.25 229
1689089736040 0.2499999850988388 230
1689089736052 0.25 231
1689089736066 0.25 232
1689089736079 0.25 233
1689089736093 0.25 234
1689089736106 0.2499999850988388 235
1689089736118 0.2499999850988388 236
1689089736133 0.2500000298023224 237
1689089736146 0.25 238
1689089736160 0.2500000298023224 239
1689089736173 0.25 240
1689089736389 0.2499999850988388 241
1689089736403 0.2499999850988388 242
1689089736416 0.25 243
1689089736429 0.25 244
1689089736442 0.25 245
1689089736457 0.25 246
1689089736470 0.25 247
1689089736484 0.2499999850988388 248
1689089736499 0.25 249
1689089736514 0.2499999850988388 250
1689089736529 0.25 251
1689089736544 0.25 252
1689089736561 0.25 253
1689089736576 0.25 254
1689089736590 0.25 255
1689089736603 0.25 256
1689089736617 0.25 257
1689089736632 0.2499999850988388 258
1689089736646 0.25 259
1689089736662 0.25 260
1689089736676 0.25 261
1689089736690 0.2499999850988388 262
1689089736702 0.25 263
1689089736715 0.25 264
1689089736729 0.25 265
1689089736742 0.25 266
1689089736754 0.25 267
1689089736769 0.2500000298023224 268
1689089736783 0.25 269
1689089736797 0.25 270
1689089736810 0.2499999850988388 271
1689089736823 0.2499999701976776 272
1689089736835 0.25 273
1689089736851 0.2499999701976776 274
1689089736867 0.2499999850988388 275
1689089736881 0.25 276
1689089736893 0.25 277
1689089736906 0.25 278
1689089736918 0.25 279
1689089736932 0.25 280
1689089736946 0.2500000298023224 281
1689089736959 0.2499999850988388 282
1689089736971 0.25 283
1689089736984 0.25 284
1689089736997 0.25 285
1689089737013 0.25 286
1689089737028 0.2499999850988388 287
1689089737044 0.25 288
1689089737057 0.25 289
1689089737069 0.25 290
1689089737084 0.2499999850988388 291
1689089737098 0.2499999850988388 292
1689089737111 0.25 293
1689089737125 0.25 294
1689089737138 0.2499999701976776 295
1689089737151 0.2499999850988388 296
1689089737164 0.25 297
1689089737178 0.25 298
1689089737205 0.25 299
1689089737233 0.25 300
1689089737252 0.25 301
1689089737267 0.25 302
1689089737281 0.25 303
1689089737294 0.25 304
1689089737308 0.2500000298023224 305
1689089737320 0.25 306
1689089737334 0.25 307
1689089737347 0.25 308
1689089737361 0.25 309
1689089737374 0.2499999850988388 310
1689089737386 0.25 311
1689089737400 0.25 312
1689089737416 0.25 313
1689089737429 0.25 314
1689089737442 0.25 315
1689089737456 0.2499999850988388 316
1689089737469 0.25 317
1689089737482 0.2499999850988388 318
1689089737496 0.25 319
1689089737509 0.25 320
1689089737521 0.25 321
1689089737534 0.25 322
1689089737548 0.25 323
1689089737561 0.25 324
1689089737574 0.25 325
1689089737586 0.25 326
1689089737599 0.2499999850988388 327
1689089737614 0.2499999701976776 328
1689089737628 0.25 329
1689089737641 0.2499999850988388 330
1689089737653 0.2500000298023224 331
1689089737667 0.2499999850988388 332
1689089737681 0.25 333
1689089737694 0.25 334
1689089737707 0.25 335
1689089737719 0.25 336
1689089737732 0.2500000298023224 337
1689089737746 0.2499999701976776 338
1689089737760 0.25 339
1689089737772 0.25 340
1689089737784 0.25 341
1689089737798 0.2499999850988388 342
1689089737812 0.2499999701976776 343
1689089737826 0.25 344
1689089737839 0.25 345
1689089737851 0.25 346
1689089737865 0.25 347
1689089737879 0.25 348
1689089737893 0.25 349
1689089737906 0.25 350
1689089737919 0.25 351
1689089737932 0.25 352
1689089737948 0.25 353
1689089737962 0.2500000596046448 354
1689089737975 0.25 355
1689089737987 0.2499999701976776 356
1689089738001 0.2499999701976776 357
1689089738014 0.2499999850988388 358
1689089738027 0.2499999850988388 359
1689089738040 0.2499999701976776 360
1689089738052 0.25 361
1689089738068 0.2500000298023224 362
1689089738082 0.2499999850988388 363
1689089738095 0.25 364
1689089738109 0.25 365
1689089738395 0.25 366
1689089738408 0.25 367
1689089738421 0.25 368
1689089738434 0.25 369
1689089738448 0.2499999701976776 370
1689089738462 0.25 371
1689089738476 0.25 372
1689089738488 0.25 373
1689089738501 0.2499999701976776 374
1689089738514 0.25 375
1689089738528 0.25 376
1689089738540 0.2499999850988388 377
1689089738553 0.2499999850988388 378
1689089738567 0.25 379
1689089738581 0.2499999701976776 380
1689089738594 0.25 381
1689089738607 0.25 382
1689089738621 0.25 383
1689089738636 0.2499999850988388 384
1689089738650 0.25 385
1689089738665 0.25 386
1689089738680 0.25 387
1689089738692 0.2500000298023224 388
1689089738706 0.2500000298023224 389
1689089738718 0.25 390
1689089738732 0.2499999850988388 391
1689089738745 0.25 392
1689089738759 0.25 393
1689089738773 0.25 394
1689089738785 0.25 395
1689089738799 0.25 396
1689089738812 0.2500000298023224 397
1689089738825 0.25 398
1689089738837 0.25 399
1689089738851 0.25 400
1689089738864 0.25 401
1689089738878 0.2500000298023224 402
1689089738892 0.2499999850988388 403
1689089738904 0.2499999850988388 404
1689089738918 0.25 405
1689089738931 0.2499999701976776 406
1689089738944 0.2500000298023224 407
1689089738957 0.25 408
1689089738969 0.25 409
1689089738982 0.25 410
1689089738995 0.25 411
1689089739009 0.25 412
1689089739021 0.25 413
1689089739033 0.2499999850988388 414
1689089739047 0.25 415
1689089739061 0.25 416
1689089739076 0.2500000298023224 417
1689089739093 0.2499999850988388 418
1689089739108 0.25 419
1689089739133 0.2499999850988388 420
1689089739156 0.25 421
1689089739177 0.25 422
1689089739205 0.25 423
1689089739227 0.2499999701976776 424
1689089739245 0.2500000298023224 425
1689089739260 0.25 426
1689089739275 0.25 427
1689089739290 0.2499999701976776 428
1689089739303 0.25 429
1689089739317 0.2499999850988388 430
1689089739333 0.25 431
1689089739347 0.25 432
1689089739360 0.25 433
1689089739374 0.2499999701976776 434
1689089739386 0.25 435
1689089739399 0.2499999850988388 436
1689089739413 0.25 437
1689089739426 0.25 438
1689089739439 0.25 439
1689089739452 0.2499999850988388 440
1689089739466 0.25 441
1689089739479 0.2499999850988388 442
1689089739493 0.25 443
1689089739507 0.2500000298023224 444
1689089739518 0.2499999701976776 445
1689089739532 0.25 446
1689089739547 0.2500000298023224 447
1689089739560 0.25 448
1689089739573 0.25 449
1689089739585 0.2500000298023224 450
1689089739599 0.25 451
1689089739614 0.25 452
1689089739628 0.2500000298023224 453
1689089739641 0.25 454
1689089739654 0.25 455
1689089739668 0.25 456
1689089739681 0.2499999701976776 457
1689089739695 0.2500000298023224 458
1689089739709 0.25 459
1689089739721 0.25 460
1689089739735 0.25 461
1689089739749 0.2500000298023224 462
1689089739766 0.25 463
1689089739792 0.25 464
1689089739811 0.2499999850988388 465
1689089739830 0.25 466
1689089739845 0.25 467
1689089739860 0.25 468
1689089739876 0.2499999850988388 469
1689089739892 0.2499999850988388 470
1689089739907 0.25 471
1689089739922 0.2499999850988388 472
1689089739936 0.25 473
1689089739950 0.2499999850988388 474
1689089739967 0.25 475
1689089739984 0.25 476
1689089740001 0.2499999850988388 477
1689089740018 0.25 478
1689089740037 0.25 479
1689089740052 0.25 480
1689089740069 0.25 481
1689089740083 0.25 482
1689089740098 0.25 483
1689089740112 0.2500000298023224 484
1689089740125 0.2500000298023224 485
1689089740137 0.25 486
1689089740151 0.2499999850988388 487
1689089740164 0.25 488
1689089740179 0.25 489
1689089740193 0.25 490
1689089740207 0.2499999850988388 491
1689089740219 0.25 492
1689089740232 0.25 493
1689089740247 0.25 494
1689089740261 0.25 495
1689089740274 0.2500000596046448 496
1689089740287 0.25 497
1689089740301 0.25 498
1689089740314 0.25 499
