1690136467152 0.5001688599586487 0
1690136467184 0.4997712969779968 1
1690136467208 0.49938154220581055 2
1690136467232 0.49883607029914856 3
1690136467248 0.4979955554008484 4
1690136467264 0.49676111340522766 5
1690136467288 0.4950280487537384 6
1690136467304 0.49266988039016724 7
1690136467320 0.4895249605178833 8
1690136467376 0.485386461019516 9
1690136467392 0.4888623058795929 10
1690136467400 0.47786903381347656 11
1690136467424 0.47587981820106506 12
1690136467432 0.474020779132843 13
1690136467449 0.47213199734687805 14
1690136467473 0.5325369834899902 15
1690136467481 0.48729223012924194 16
1690136467497 0.4613630175590515 17
1690136467513 0.45728737115859985 18
1690136467529 0.45369952917099 19
1690136467546 0.4504413902759552 20
1690136467561 0.4707713723182678 21
1690136467577 0.468427836894989 22
1690136467593 0.44313937425613403 23
1690136467617 0.44084620475769043 24
1690136467625 0.4381371736526489 25
1690136467649 0.4349699914455414 26
1690136467657 0.4313025176525116 27
1690136467673 0.4270906448364258 28
1690136467689 0.42228633165359497 29
1690136467705 0.4168357253074646 30
1690136467721 0.4106772840023041 31
1690136467833 0.4037402272224426 32
1690136467849 0.3959432542324066 33
1690136467873 0.38719385862350464 34
1690136467889 0.39413392543792725 35
1690136467905 0.3684057295322418 36
1690136467921 0.3585975170135498 37
1690136467937 0.34779584407806396 38
1690136467953 0.33581995964050293 39
1690136467961 0.32247814536094666 40
1690136467985 0.34225258231163025 41
1690136468001 0.3179379999637604 42
1690136468017 0.28076377511024475 43
1690136468041 0.286207914352417 44
1690136468057 0.27645713090896606 45
1690136468073 0.26780444383621216 46
1690136468089 0.28073233366012573 47
1690136468105 0.2696089744567871 48
1690136468121 0.2605517506599426 49
1690136468137 0.2597982585430145 50
1690136468153 0.23531785607337952 51
1690136468169 0.24369682371616364 52
1690136468193 0.2216377705335617 53
1690136468217 0.22341109812259674 54
1690136468233 0.2144465148448944 55
1690136468249 0.220113605260849 56
1690136468265 0.20190618932247162 57
1690136468282 0.19790348410606384 58
1690136468297 0.1857922375202179 59
1690136468313 0.1853908896446228 60
1690136468329 0.16883783042430878 61
1690136468346 0.1773545742034912 62
1690136468361 0.1585848033428192 63
1690136468377 0.18113955855369568 64
1690136468393 0.17687419056892395 65
1690136468410 0.1370420753955841 66
1690136468425 0.172019824385643 67
1690136468441 0.1687011569738388 68
1690136468458 0.13952404260635376 69
1690136468474 0.11761206388473511 70
1690136468490 0.15408006310462952 71
1690136468498 0.15583033859729767 72
1690136468514 0.12231127917766571 73
1690136468530 0.08626256883144379 74
1690136468554 0.10668475925922394 75
1690136468562 0.1103234738111496 76
1690136468586 0.08595019578933716 77
1690136468602 0.040936343371868134 78
1690136468850 0.05829959362745285 79
1690136468866 0.034039951860904694 80
1690136468882 0.0455898717045784 81
1690136468890 0.028489060699939728 82
1690136468906 0.06603056192398071 83
1690136468922 0.07030867040157318 84
1690136468938 0.03336744010448456 85
1690136468955 0.06857751309871674 86
1690136468971 0.0601457878947258 87
1690136468987 0.03629709780216217 88
1690136469003 0.0584307461977005 89
1690136469019 0.06105640530586243 90
1690136469035 0.021314844489097595 91
1690136469051 0.062360964715480804 92
1690136469067 0.04195934534072876 93
1690136469091 0.044647157192230225 94
1690136469107 0.05367407202720642 95
1690136469131 0.024162426590919495 96
1690136469155 0.06637593358755112 97
1690136469179 0.056811362504959106 98
1690136469203 0.014697417616844177 99
1690136469227 0.016076743602752686 100
1690136469251 0.019460201263427734 101
1690136469267 0.011247098445892334 102
1690136469275 0.01855449378490448 103
1690136469291 0.013711422681808472 104
1690136469307 0.028041377663612366 105
1690136469339 0.016168564558029175 106
1690136469371 0.043600037693977356 107
1690136469395 0.019117429852485657 108
1690136469419 0.03332933783531189 109
1690136469451 0.017627477645874023 110
1690136469467 0.05454742908477783 111
1690136469475 0.06111598014831543 112
1690136469491 0.013787433505058289 113
1690136469507 0.07027849555015564 114
1690136469531 0.0857163742184639 115
1690136469547 0.04458247125148773 116
1690136469563 0.04686759412288666 117
1690136469587 0.07394275069236755 118
1690136469603 0.04389280080795288 119
1690136469619 0.04060988128185272 120
1690136469643 0.07545898854732513 121
1690136469659 0.058627963066101074 122
1690136469683 0.026564329862594604 123
1690136469707 0.06679156422615051 124
1690136469723 0.06721754372119904 125
1690136469739 0.019189774990081787 126
1690136469763 0.05281183123588562 127
1690136469779 0.06447772681713104 128
1690136469795 0.025723472237586975 129
1690136469811 0.058002978563308716 130
1690136469827 0.0837920606136322 131
1690136469843 0.05802716314792633 132
1690136469859 0.02969345450401306 133
1690136469883 0.054031357169151306 134
1690136469891 0.04400959610939026 135
1690136469907 0.028319478034973145 136
1690136469931 0.05314941704273224 137
1690136469955 0.04360939562320709 138
1690136469971 0.01773037016391754 139
1690136469979 0.0384405255317688 140
1690136469995 0.025558456778526306 141
1690136470011 0.02336113154888153 142
1690136470035 0.017295867204666138 143
1690136470052 0.02077743411064148 144
1690136470068 0.011765539646148682 145
1690136470084 0.01280762255191803 146
1690136470100 0.00803685188293457 147
1690136470108 0.005697578191757202 148
1690136470124 0.022359013557434082 149
1690136470140 0.012245237827301025 150
1690136470156 0.01833944022655487 151
1690136470180 0.013580739498138428 152
1690136470196 0.017984479665756226 153
1690136470212 0.00499078631401062 154
1690136470220 0.009607478976249695 155
1690136470236 0.018568456172943115 156
1690136470260 0.007962539792060852 157
1690136470276 0.007433488965034485 158
1690136470292 0.011760309338569641 159
1690136470308 0.022933974862098694 160
1690136470324 0.023547425866127014 161
1690136470332 0.007015839219093323 162
1690136470356 0.009153366088867188 163
1690136470372 0.03230354189872742 164
1690136470388 0.025323301553726196 165
1690136470404 0.028312548995018005 166
1690136470420 0.04291956126689911 167
1690136470436 0.02446204423904419 168
1690136470452 0.016302525997161865 169
1690136470468 0.006469979882240295 170
1690136470484 0.0315575897693634 171
1690136470508 0.018377229571342468 172
1690136470524 0.0413859486579895 173
1690136470873 0.05945456027984619 174
1690136470908 0.04193927347660065 175
1690136470932 0.02102254331111908 176
1690136470948 0.06053045392036438 177
1690136470972 0.0631418228149414 178
1690136470988 0.0253564715385437 179
1690136471004 0.03911374509334564 180
1690136471020 0.07853446900844574 181
1690136471036 0.0728035569190979 182
1690136471048 0.025575906038284302 183
1690136471060 0.0311271995306015 184
1690136471084 0.040336623787879944 185
1690136471108 0.012088879942893982 186
1690136471124 0.03673595190048218 187
1690136471148 0.03438211977481842 188
1690136471164 0.011854365468025208 189
1690136471172 0.03457912802696228 190
1690136471196 0.016516119241714478 191
1690136471212 0.04039955139160156 192
1690136471228 0.05070039629936218 193
1690136471244 0.02887992560863495 194
1690136471260 0.02392798662185669 195
1690136471284 0.0348840206861496 196
1690136471292 0.010473683476448059 197
1690136471308 0.038467809557914734 198
1690136471324 0.03844703733921051 199
