1689601783521 92502.0546875 0
1689601783737 26670.80078125 1
1689601783945 5967.09619140625 2
1689601784169 743.1849365234375 3
1689601784399 48.9586296081543 4
1689601784596 3.633855104446411 5
1689601784817 2.326575756072998 6
1689601785041 2.3036727905273438 7
1689601785277 2.3004705905914307 8
1689601785544 2.2888407707214355 9
1689601785764 2.281141519546509 10
1689601785981 2.270313262939453 11
1689601786184 2.2631406784057617 12
1689601786414 2.2534990310668945 13
1689601786627 2.244884490966797 14
1689601786850 2.2389039993286133 15
1689601787067 2.2222278118133545 16
1689601787292 2.213956117630005 17
1689601787507 2.2022783756256104 18
1689601787725 2.194005012512207 19
1689601787937 2.1775662899017334 20
1689601788162 2.163029432296753 21
1689601788376 2.146111011505127 22
1689601788593 2.1414191722869873 23
1689601788813 2.131195306777954 24
1689601789023 2.10966420173645 25
1689601789251 2.095783233642578 26
1689601789457 2.091644048690796 27
1689601789681 2.117419958114624 28
1689601789903 2.0470190048217773 29
1689601790116 2.034102201461792 30
1689601790340 2.0216779708862305 31
1689601790560 2.0026426315307617 32
1689601790774 1.9897783994674683 33
1689601790996 1.9673173427581787 34
1689601791193 1.962874174118042 35
1689601791424 1.9493216276168823 36
1689601791638 1.9398939609527588 37
1689601791866 1.9024308919906616 38
1689601792092 1.8955025672912598 39
1689601792320 1.88276207447052 40
1689601792553 1.8573014736175537 41
1689601792767 1.8480281829833984 42
1689601792991 1.8236254453659058 43
1689601793206 1.8101719617843628 44
1689601793431 1.7855160236358643 45
1689601793657 1.7728947401046753 46
1689601793858 1.7580013275146484 47
1689601794079 1.7451575994491577 48
1689601794296 1.7285754680633545 49
1689601794502 1.7196496725082397 50
1689601794716 1.699104905128479 51
1689601794936 1.6745699644088745 52
1689601795164 1.673781156539917 53
1689601795390 1.6501399278640747 54
1689601795612 1.6307871341705322 55
1689601795828 1.6213798522949219 56
1689601796038 1.6157830953598022 57
1689601796261 1.617719054222107 58
1689601796487 1.62061607837677 59
1689601796706 1.597158670425415 60
1689601796915 1.5574551820755005 61
1689601797134 1.5665918588638306 62
1689601797405 1.521763801574707 63
1689601797622 1.5353035926818848 64
1689601797850 1.5232208967208862 65
1689601798079 1.5015007257461548 66
1689601798283 1.4797557592391968 67
1689601798506 1.4901610612869263 68
1689601798730 1.484383225440979 69
1689601798952 1.4614723920822144 70
1689601799181 1.4889708757400513 71
1689601799382 1.4402759075164795 72
1689601799622 1.4387931823730469 73
1689601799834 1.442470669746399 74
1689601800065 1.4061893224716187 75
1689601800290 1.450583577156067 76
1689601800499 1.4152612686157227 77
1689601800735 1.4193613529205322 78
1689601800965 1.4042540788650513 79
1689601801184 1.4011375904083252 80
1689601801403 1.3834244012832642 81
1689601801629 1.4163196086883545 82
1689601801866 1.4518837928771973 83
1689601802088 1.3748481273651123 84
1689601802321 1.4205158948898315 85
1689601802538 1.3862537145614624 86
1689601802764 1.4453647136688232 87
1689601802974 1.4058603048324585 88
1689601803194 1.4679443836212158 89
1689601803426 1.404645323753357 90
1689601803646 1.381701946258545 91
1689601803868 1.4402230978012085 92
1689601804074 1.3895992040634155 93
1689601804285 1.384108304977417 94
1689601804516 1.3800694942474365 95
1689601804732 1.3959155082702637 96
1689601804963 1.372959852218628 97
1689601805188 1.40505850315094 98
1689601805415 1.3824440240859985 99
1689601805647 1.4116909503936768 100
1689601805877 1.4050891399383545 101
1689601806109 1.4055931568145752 102
1689601806320 1.4655158519744873 103
1689601806527 1.3974213600158691 104
1689601806744 1.420933485031128 105
1689601806963 1.3873846530914307 106
1689601807190 1.4218897819519043 107
1689601807400 1.4041924476623535 108
1689601807629 1.5634959936141968 109
1689601807859 1.3903582096099854 110
1689601808113 1.431649088859558 111
1689601808342 1.4403047561645508 112
1689601808546 1.6032850742340088 113
1689601808770 1.4171688556671143 114
1689601808975 1.712714672088623 115
1689601809187 1.5146563053131104 116
1689601809407 1.592818021774292 117
1689601809633 1.4006130695343018 118
1689601809855 1.5363211631774902 119
1689601810066 1.5421464443206787 120
1689601810267 1.4890066385269165 121
1689601810498 1.57283353805542 122
1689601810709 1.7995721101760864 123
1689601810936 1.8753219842910767 124
1689601811156 1.6586192846298218 125
1689601811366 1.664113163948059 126
1689601811605 1.4084246158599854 127
1689601811832 1.3986420631408691 128
1689601812059 1.4002469778060913 129
1689601812285 1.4018275737762451 130
1689601812510 1.490150809288025 131
1689601812735 1.691570520401001 132
1689601812959 1.5237361192703247 133
1689601813176 1.4076800346374512 134
1689601813400 1.802749752998352 135
1689601813630 1.5524076223373413 136
1689601813861 2.0823099613189697 137
1689601814058 1.5035382509231567 138
1689601814291 1.752244472503662 139
1689601814509 1.8020983934402466 140
1689601814728 1.5567123889923096 141
1689601814928 1.4912583827972412 142
1689601815153 1.4725418090820312 143
1689601815393 1.7113960981369019 144
1689601815602 1.5178719758987427 145
1689601815834 1.6015818119049072 146
1689601816056 1.7869645357131958 147
1689601816266 1.781692385673523 148
1689601816507 2.230710744857788 149
