1689601783521 247.23098754882812 0
1689601783737 132.00112915039062 1
1689601783945 61.683868408203125 2
1689601784169 20.965116500854492 3
1689601784399 5.314656734466553 4
1689601784596 1.5546883344650269 5
1689601784817 1.2492362260818481 6
1689601785041 1.244371771812439 7
1689601785277 1.2421501874923706 8
1689601785544 1.2387964725494385 9
1689601785764 1.237541675567627 10
1689601785981 1.2351747751235962 11
1689601786184 1.2328613996505737 12
1689601786414 1.2307960987091064 13
1689601786627 1.2299449443817139 14
1689601786850 1.228074550628662 15
1689601787067 1.222669243812561 16
1689601787292 1.220253348350525 17
1689601787507 1.2192875146865845 18
1689601787725 1.215010643005371 19
1689601787937 1.2116278409957886 20
1689601788162 1.2081300020217896 21
1689601788376 1.20433509349823 22
1689601788593 1.2024043798446655 23
1689601788813 1.2014374732971191 24
1689601789023 1.1955679655075073 25
1689601789251 1.1920058727264404 26
1689601789457 1.1915671825408936 27
1689601789681 1.1992084980010986 28
1689601789903 1.181249976158142 29
1689601790116 1.1756858825683594 30
1689601790340 1.1728872060775757 31
1689601790560 1.1689367294311523 32
1689601790774 1.1653786897659302 33
1689601790996 1.1574517488479614 34
1689601791193 1.1596994400024414 35
1689601791424 1.1562187671661377 36
1689601791638 1.1546039581298828 37
1689601791866 1.1437824964523315 38
1689601792092 1.1407181024551392 39
1689601792320 1.138092279434204 40
1689601792553 1.1317410469055176 41
1689601792767 1.1288889646530151 42
1689601792991 1.1211402416229248 43
1689601793206 1.1154769659042358 44
1689601793431 1.1152211427688599 45
1689601793657 1.1085419654846191 46
1689601793858 1.104162573814392 47
1689601794079 1.1060060262680054 48
1689601794296 1.1017297506332397 49
1689601794502 1.098542332649231 50
1689601794716 1.092626690864563 51
1689601794936 1.0859700441360474 52
1689601795164 1.0848982334136963 53
1689601795390 1.0811543464660645 54
1689601795612 1.076582670211792 55
1689601795828 1.0776194334030151 56
1689601796038 1.073014736175537 57
1689601796261 1.071982741355896 58
1689601796487 1.0737650394439697 59
1689601796706 1.0672221183776855 60
1689601796915 1.0516119003295898 61
1689601797134 1.060400366783142 62
1689601797405 1.044973373413086 63
1689601797622 1.053359866142273 64
1689601797850 1.048317790031433 65
1689601798079 1.0425864458084106 66
1689601798283 1.0368674993515015 67
1689601798506 1.0378509759902954 68
1689601798730 1.0338821411132812 69
1689601798952 1.035707712173462 70
1689601799181 1.0383591651916504 71
1689601799382 1.0263060331344604 72
1689601799622 1.0261727571487427 73
1689601799834 1.02654230594635 74
1689601800065 1.0182886123657227 75
1689601800290 1.0309444665908813 76
1689601800499 1.026656150817871 77
1689601800735 1.0219043493270874 78
1689601800965 1.0136682987213135 79
1689601801184 1.016530156135559 80
1689601801403 1.0146960020065308 81
1689601801629 1.024618148803711 82
1689601801866 1.0402570962905884 83
1689601802088 1.007022738456726 84
1689601802321 1.0105702877044678 85
1689601802538 1.0145703554153442 86
1689601802764 1.0303895473480225 87
1689601802974 1.0160338878631592 88
1689601803194 1.0431451797485352 89
1689601803426 1.0162302255630493 90
1689601803646 1.0128388404846191 91
1689601803868 1.0265096426010132 92
1689601804074 1.019749641418457 93
1689601804285 1.0181642770767212 94
1689601804516 1.0153859853744507 95
1689601804732 1.0144633054733276 96
1689601804963 1.0096441507339478 97
1689601805188 1.0224167108535767 98
1689601805415 1.0074092149734497 99
1689601805647 1.0046333074569702 100
1689601805877 1.0175775289535522 101
1689601806109 1.0189101696014404 102
1689601806320 1.0364608764648438 103
1689601806527 1.0162053108215332 104
1689601806744 1.0109273195266724 105
1689601806963 1.0124750137329102 106
1689601807190 1.0239732265472412 107
1689601807400 1.0185325145721436 108
1689601807629 1.0519236326217651 109
1689601807859 1.019254207611084 110
1689601808113 1.0160096883773804 111
1689601808342 1.0188769102096558 112
1689601808546 1.0576330423355103 113
1689601808770 1.0045257806777954 114
1689601808975 1.0955438613891602 115
1689601809187 1.0633357763290405 116
1689601809407 1.067885398864746 117
1689601809633 1.0185997486114502 118
1689601809855 1.0564192533493042 119
1689601810066 1.0525548458099365 120
1689601810267 1.0407884120941162 121
1689601810498 1.049048900604248 122
1689601810709 1.1116890907287598 123
1689601810936 1.1577736139297485 124
1689601811156 1.0763556957244873 125
1689601811366 1.0741572380065918 126
1689601811605 1.0211260318756104 127
1689601811832 1.0186724662780762 128
1689601812059 1.0125263929367065 129
1689601812285 1.0196747779846191 130
1689601812510 1.0479594469070435 131
1689601812735 1.0948898792266846 132
1689601812959 1.0679705142974854 133
1689601813176 1.019416332244873 134
1689601813400 1.10481858253479 135
1689601813630 1.057637333869934 136
1689601813861 1.1805226802825928 137
1689601814058 1.0490024089813232 138
1689601814291 1.0966264009475708 139
1689601814509 1.1133787631988525 140
1689601814728 1.0582631826400757 141
1689601814928 1.0444999933242798 142
1689601815153 1.030129313468933 143
1689601815393 1.0757662057876587 144
1689601815602 1.044039011001587 145
1689601815834 1.071577787399292 146
1689601816056 1.1232657432556152 147
1689601816266 1.1060912609100342 148
1689601816507 1.2023093700408936 149
