1688633005495 0.13534723222255707 0
1688633005549 0.12697120010852814 1
1688633005596 0.123475082218647 2
1688633005656 0.1211148202419281 3
1688633005702 0.11957144737243652 4
1688633005759 0.11776217818260193 5
1688633005806 0.11675712466239929 6
1688633005865 0.11558461934328079 7
1688633005913 0.11415842920541763 8
1688633005972 0.11316654831171036 9
1688633006020 0.11245527118444443 10
1688633006076 0.1114647164940834 11
1688633006125 0.11068467050790787 12
1688633006182 0.10974543541669846 13
1688633006231 0.10907008498907089 14
1688633006292 0.10817024856805801 15
1688633006338 0.1074647530913353 16
1688633006394 0.10654475539922714 17
1688633006441 0.10555467754602432 18
1688633006503 0.10482458025217056 19
1688633006551 0.1040850281715393 20
1688633006612 0.10333305597305298 21
1688633006662 0.10259278863668442 22
1688633006723 0.10203516483306885 23
1688633006770 0.10141734033823013 24
1688633006828 0.10044770687818527 25
1688633006873 0.10006169229745865 26
1688633006930 0.09935007244348526 27
1688633006976 0.09839407354593277 28
1688633007036 0.09809967130422592 29
1688633007082 0.09717598557472229 30
1688633007139 0.09635233134031296 31
1688633007185 0.09588510543107986 32
1688633007245 0.09533340483903885 33
1688633007299 0.09472694993019104 34
1688633007359 0.09372163563966751 35
1688633007408 0.09340054541826248 36
1688633007466 0.09248023480176926 37
1688633007520 0.0919041857123375 38
1688633007614 0.09133436530828476 39
1688633007665 0.09091547876596451 40
1688633007726 0.09045571088790894 41
1688633007774 0.0897645577788353 42
1688633007833 0.08876992017030716 43
1688633007879 0.0882052481174469 44
1688633007937 0.08781665563583374 45
1688633007986 0.08703932166099548 46
1688633008052 0.08674132078886032 47
1688633008103 0.08586820214986801 48
1688633008160 0.08557816594839096 49
1688633008207 0.08489653468132019 50
1688633008266 0.08447643369436264 51
1688633008313 0.08376265317201614 52
1688633008370 0.0829414650797844 53
1688633008417 0.08275461941957474 54
1688633008479 0.08207773417234421 55
1688633008527 0.0815015435218811 56
1688633008585 0.08067537099123001 57
1688633008630 0.08018705993890762 58
1688633008688 0.07993799448013306 59
1688633008739 0.0793108120560646 60
1688633008799 0.07858729362487793 61
1688633008846 0.07807420194149017 62
1688633008904 0.07774443179368973 63
1688633008951 0.07726040482521057 64
1688633009010 0.07647315412759781 65
1688633009056 0.07598816603422165 66
1688633009114 0.07567112892866135 67
1688633009161 0.07512069493532181 68
1688633009217 0.07458018511533737 69
1688633009263 0.07418888062238693 70
1688633009322 0.07360117882490158 71
1688633009372 0.07303746789693832 72
1688633009429 0.07220209389925003 73
1688633009480 0.07205963879823685 74
1688633009539 0.07121569663286209 75
1688633009588 0.07094188779592514 76
1688633009644 0.07049980759620667 77
1688633009690 0.07003141194581985 78
1688633009746 0.06946960836648941 79
1688633009792 0.06901516765356064 80
1688633009849 0.0685357078909874 81
1688633009898 0.06773427128791809 82
1688633009959 0.06729766726493835 83
1688633010008 0.06715232133865356 84
1688633010065 0.0665423795580864 85
1688633010113 0.0660654678940773 86
1688633010224 0.06565911322832108 87
1688633010284 0.06510626524686813 88
1688633010341 0.06437035650014877 89
1688633010389 0.06412340700626373 90
1688633010450 0.06374158710241318 91
1688633010499 0.06298452615737915 92
1688633010558 0.06284626573324203 93
1688633010605 0.062264371663331985 94
1688633010662 0.061759669333696365 95
1688633010708 0.06113577261567116 96
1688633010765 0.060891468077898026 97
1688633010822 0.06046752259135246 98
1688633010895 0.06006878986954689 99
1688633029749 0.05804100260138512 0
1688633029814 0.05198584496974945 1
1688633029859 0.04908652976155281 2
1688633029915 0.04666823148727417 3
1688633029962 0.04443104937672615 4
1688633030019 0.04252812638878822 5
1688633030066 0.04091012105345726 6
1688633030127 0.039234425872564316 7
1688633030174 0.03770756348967552 8
1688633030231 0.03628043085336685 9
1688633030278 0.034933965653181076 10
1688633030338 0.033638544380664825 11
1688633030384 0.03243014216423035 12
1688633030442 0.03136279433965683 13
1688633030493 0.030169526115059853 14
1688633030564 0.02919095754623413 15
1688633030619 0.028149500489234924 16
1688633030663 0.027098968625068665 17
1688633030721 0.026117896661162376 18
1688633030767 0.025126894935965538 19
1688633030824 0.024318968877196312 20
1688633030871 0.02342943288385868 21
1688633030928 0.022554373368620872 22
1688633030975 0.021766269579529762 23
1688633031034 0.02096920646727085 24
1688633031089 0.020239992067217827 25
1688633031137 0.019538186490535736 26
1688633031198 0.018785180523991585 27
1688633031251 0.018040278926491737 28
1688633031311 0.01738775335252285 29
1688633031357 0.016724733635783195 30
1688633031413 0.01609533466398716 31
1688633031466 0.015534642152488232 32
1688633031525 0.014874234795570374 33
1688633031573 0.014342854730784893 34
1688633031641 0.013727310113608837 35
1688633031689 0.013216215185821056 36
1688633031745 0.012683562934398651 37
1688633031793 0.012219213880598545 38
1688633031851 0.011681550182402134 39
1688633031897 0.011200749315321445 40
1688633031965 0.010714951902627945 41
1688633032011 0.01025283895432949 42
1688633032071 0.009801828302443027 43
1688633032117 0.00934810284525156 44
1688633032164 0.008985697291791439 45
1688633032229 0.00854523479938507 46
1688633032276 0.008194183930754662 47
1688633032355 0.007815610617399216 48
1688633032435 0.007473725825548172 49
1688633032483 0.007126053795218468 50
1688633032535 0.006777442991733551 51
1688633032598 0.006445564795285463 52
1688633032655 0.006123999133706093 53
1688633032705 0.005842594895511866 54
1688633032766 0.005505690351128578 55
1688633032812 0.005238507408648729 56
1688633032875 0.0049380105920135975 57
1688633032924 0.004640711005777121 58
1688633032987 0.004334036726504564 59
1688633033035 0.004088244866579771 60
1688633033093 0.003860817989334464 61
1688633033139 0.0035864608362317085 62
1688633033194 0.003406418254598975 63
1688633033243 0.003178228856995702 64
1688633033301 0.002937726443633437 65
1688633033350 0.002749601611867547 66
1688633033413 0.0025501351337879896 67
1688633033459 0.0023522614501416683 68
1688633033507 0.00217628525570035 69
1688633033567 0.0020073489286005497 70
1688633033613 0.0018347091972827911 71
1688633033670 0.0016431888798251748 72
1688633033717 0.0015651962021365762 73
1688633033775 0.001376649015583098 74
1688633033822 0.001231864676810801 75
1688633033879 0.0011078405659645796 76
1688633033928 0.0009650555439293385 77
1688633033986 0.000869744224473834 78
1688633034032 0.0007534304750151932 79
1688633034096 0.0006471244851127267 80
1688633034142 0.0005660786991938949 81
1688633034199 0.00047874124720692635 82
1688633034245 0.00039807145367376506 83
1688633034304 0.00031746813328936696 84
1688633034351 0.00024267371918540448 85
1688633034410 0.0002986097242683172 86
1688633034458 0.0001710907235974446 87
1688633034519 0.00012555338616948575 88
1688633034565 0.00010849471436813474 89
1688633034622 6.943594780750573e-05 90
1688633034670 6.30817303317599e-05 91
1688633034726 3.2961670513032004e-05 92
1688633034781 3.0496297767967917e-05 93
1688633034841 0.00011255251592956483 94
1688633034889 1.4749076399311889e-05 95
1688633034948 1.0755590665212367e-05 96
1688633034998 1.2005945791315753e-05 97
1688633035057 2.5247580197174102e-05 98
1688633035104 3.291676694061607e-05 99
1688633050256 0.5225526094436646 0
1688633050345 0.49955427646636963 1
1688633050417 0.48279300332069397 2
1688633050494 0.4685990512371063 3
1688633050555 0.4558364152908325 4
1688633050604 0.4431948959827423 5
1688633050660 0.4316160976886749 6
1688633050716 0.4211767613887787 7
1688633050765 0.41157266497612 8
1688633050824 0.40179336071014404 9
1688633050874 0.39277079701423645 10
1688633050933 0.3835386335849762 11
1688633050983 0.37464770674705505 12
1688633051066 0.3656391203403473 13
1688633051147 0.3573232889175415 14
1688633051197 0.3496178388595581 15
1688633051253 0.3420298397541046 16
1688633051302 0.334579199552536 17
1688633051360 0.32733288407325745 18
1688633051409 0.3198991119861603 19
1688633051472 0.3124109208583832 20
1688633051521 0.30524635314941406 21
1688633051581 0.2982807159423828 22
1688633051626 0.2918601334095001 23
1688633051683 0.28592780232429504 24
1688633051728 0.28005319833755493 25
1688633051791 0.2743073105812073 26
1688633051844 0.2688353359699249 27
1688633051901 0.2628004550933838 28
1688633051959 0.25702106952667236 29
1688633052006 0.25165387988090515 30
1688633052064 0.24694330990314484 31
1688633052111 0.2415836900472641 32
1688633052171 0.23676107823848724 33
1688633052216 0.23215271532535553 34
1688633052276 0.2272312045097351 35
1688633052325 0.22307945787906647 36
1688633052383 0.21921223402023315 37
1688633052430 0.21472953259944916 38
1688633052499 0.2105712890625 39
1688633052552 0.20692771673202515 40
1688633052615 0.2031537890434265 41
1688633052667 0.1992061734199524 42
1688633052725 0.19551722705364227 43
1688633052773 0.19227837026119232 44
1688633052834 0.1889064908027649 45
1688633052881 0.1855674833059311 46
1688633052939 0.1823509931564331 47
1688633052989 0.17938505113124847 48
1688633053083 0.17615348100662231 49
1688633053151 0.17323052883148193 50
1688633053201 0.1703968048095703 51
1688633053261 0.16754472255706787 52
1688633053309 0.16501717269420624 53
1688633053369 0.16249339282512665 54
1688633053418 0.16018714010715485 55
1688633053478 0.1575738489627838 56
1688633053528 0.15503062307834625 57
1688633053597 0.1523597091436386 58
1688633053651 0.15019160509109497 59
1688633053713 0.1481696218252182 60
1688633053764 0.14592154324054718 61
1688633053825 0.1436469703912735 62
1688633053873 0.1417139619588852 63
1688633053934 0.1397460550069809 64
1688633053986 0.13740646839141846 65
1688633054046 0.13564644753932953 66
1688633054091 0.1336916983127594 67
1688633054136 0.1318102329969406 68
1688633054198 0.12997758388519287 69
1688633054252 0.12827451527118683 70
1688633054317 0.12629880011081696 71
1688633054372 0.12446079403162003 72
1688633054429 0.12296188622713089 73
1688633054476 0.12131792306900024 74
1688633054534 0.1196439266204834 75
1688633054581 0.11786086112260818 76
1688633054638 0.11619603633880615 77
1688633054694 0.11470624059438705 78
1688633054750 0.11336002498865128 79
1688633054799 0.11162968724966049 80
1688633054859 0.11020412296056747 81
1688633054904 0.1088767871260643 82
1688633054961 0.1074068546295166 83
1688633055013 0.10589408874511719 84
1688633055070 0.10440514236688614 85
1688633055116 0.10308963060379028 86
1688633055174 0.10166722536087036 87
1688633055219 0.10021207481622696 88
1688633055278 0.09884852170944214 89
1688633055322 0.09750533103942871 90
1688633055385 0.09618095308542252 91
1688633055438 0.09487366676330566 92
1688633055504 0.09367685765028 93
1688633055557 0.09225677698850632 94
1688633055617 0.09116432815790176 95
1688633055666 0.08987442404031754 96
1688633055727 0.08862960338592529 97
1688633055775 0.08760058879852295 98
1688633055839 0.08619385957717896 99
1688633070471 0.02795320935547352 0
1688633070549 0.02320299856364727 1
1688633070605 0.01993359811604023 2
1688633070677 0.017606575042009354 3
1688633070730 0.015577700920403004 4
1688633070779 0.013933195732533932 5
1688633070844 0.0124938003718853 6
1688633070898 0.01116605568677187 7
1688633070957 0.010050453245639801 8
1688633071003 0.009085987694561481 9
1688633071059 0.00822302047163248 10
1688633071104 0.007358498405665159 11
1688633071162 0.0065964218229055405 12
1688633071207 0.0059420145116746426 13
1688633071263 0.005344248842447996 14
1688633071309 0.0047998069785535336 15
1688633071367 0.004305606707930565 16
1688633071414 0.003858572104945779 17
1688633071476 0.0034555187448859215 18
1688633071522 0.0030994571279734373 19
1688633071581 0.002745679346844554 20
1688633071628 0.0024440831039100885 21
1688633071687 0.0021568143274635077 22
1688633071739 0.0019370022928342223 23
1688633071795 0.0017268365481868386 24
1688633071850 0.0015500736190006137 25
1688633071897 0.0013777186395600438 26
1688633071958 0.0012279626680538058 27
1688633072006 0.001094662002287805 28
1688633072062 0.0009464967879466712 29
1688633072115 0.0008470310713164508 30
1688633072158 0.000737171561922878 31
1688633072217 0.0006169323460198939 32
1688633072265 0.0005213855183683336 33
1688633072325 0.00043718868982978165 34
1688633072378 0.0003637205809354782 35
1688633072436 0.0002786454278975725 36
1688633072487 0.0002531940408516675 37
1688633072544 0.00017607260087970644 38
1688633072590 0.00013597645738627762 39
1688633072647 9.313401096733287e-05 40
1688633072694 7.445846131304279e-05 41
1688633072751 5.256011718302034e-05 42
1688633072799 3.547464802977629e-05 43
1688633072857 4.651004201150499e-05 44
1688633072907 2.8631560780922882e-05 45
1688633072965 1.3710101484321058e-05 46
1688633073015 1.4992718206485733e-05 47
1688633073066 1.4155138160276692e-05 48
1688633073135 1.0104365173901897e-05 49
1688633073212 5.682722985511646e-06 50
1688633073288 1.8845572412828915e-05 51
1688633073332 6.590297562070191e-05 52
1688633073377 2.5239496608264744e-05 53
1688633073424 2.8460024168452946e-06 54
1688633073492 6.499074515886605e-06 55
1688633073541 2.324152046639938e-05 56
1688633073587 3.3864940633066e-05 57
1688633073647 3.318400786156417e-06 58
1688633073702 3.7990969303791644e-06 59
1688633073760 2.582754495961126e-05 60
1688633073828 3.730688331415877e-05 61
1688633073880 2.9396862373687327e-05 62
1688633073924 5.6889239203883335e-05 63
1688633073986 1.8626580640557222e-05 64
1688633074033 1.3872327144781593e-05 65
1688633074091 3.1286424928111956e-05 66
1688633074136 4.1223484004149213e-05 67
1688633074195 3.0961680749896914e-05 68
1688633074241 3.761559128179215e-06 69
1688633074300 6.782732725696405e-06 70
1688633074344 1.0494318303244654e-05 71
1688633074391 3.0389050152734853e-05 72
1688633074451 6.826481694588438e-05 73
1688633074508 4.210402039461769e-05 74
1688633074567 1.5029200767457951e-05 75
1688633074613 3.0215326205507154e-06 76
1688633074670 3.6676447052741423e-06 77
1688633074717 3.507897417875938e-06 78
1688633074775 5.7267702686658595e-06 79
1688633074821 1.2157833225501236e-05 80
1688633074876 1.5552766853943467e-05 81
1688633074920 5.012059409637004e-05 82
1688633074981 2.239872446807567e-05 83
1688633075028 4.3369513150537387e-05 84
1688633075086 4.258927583578043e-05 85
1688633075137 3.3857813832582906e-05 86
1688633075196 2.091226815537084e-05 87
1688633075248 1.0966684385493863e-05 88
1688633075303 1.5747378711239435e-05 89
1688633075350 1.4829686733719427e-05 90
1688633075407 3.228913192288019e-05 91
1688633075463 6.897428102092817e-05 92
1688633075511 2.3097874873201363e-05 93
1688633075569 1.2728626643365715e-05 94
1688633075615 3.986895535490476e-06 95
1688633075673 1.1081640877819154e-05 96
1688633075722 8.816175977699459e-06 97
1688633075782 3.874345111398725e-06 98
1688633075829 1.1955745321756694e-05 99
