1688633005495 0.3490431606769562 0
1688633005549 0.34113988280296326 1
1688633005596 0.33654406666755676 2
1688633005656 0.33202454447746277 3
1688633005702 0.3316842019557953 4
1688633005759 0.32947754859924316 5
1688633005806 0.3268992006778717 6
1688633005865 0.32665738463401794 7
1688633005913 0.3254390060901642 8
1688633005972 0.3231557607650757 9
1688633006020 0.3214500844478607 10
1688633006076 0.322200208902359 11
1688633006125 0.31933319568634033 12
1688633006182 0.3201274871826172 13
1688633006231 0.31783244013786316 14
1688633006292 0.31620511412620544 15
1688633006338 0.3164313733577728 16
1688633006394 0.31427890062332153 17
1688633006441 0.3152488172054291 18
1688633006503 0.3133237659931183 19
1688633006551 0.3133043050765991 20
1688633006612 0.31228673458099365 21
1688633006662 0.31127914786338806 22
1688633006723 0.3099668622016907 23
1688633006770 0.30713126063346863 24
1688633006828 0.30766189098358154 25
1688633006873 0.30622628331184387 26
1688633006930 0.30529749393463135 27
1688633006976 0.30495020747184753 28
1688633007036 0.3035641014575958 29
1688633007082 0.303576797246933 30
1688633007139 0.30308419466018677 31
1688633007185 0.30173009634017944 32
1688633007245 0.2990131080150604 33
1688633007299 0.2991257607936859 34
1688633007359 0.29880496859550476 35
1688633007408 0.29647305607795715 36
1688633007466 0.2978365123271942 37
1688633007520 0.2962094843387604 38
1688633007614 0.29534798860549927 39
1688633007665 0.2946917712688446 40
1688633007726 0.2928357422351837 41
1688633007774 0.2919609248638153 42
1688633007833 0.29246166348457336 43
1688633007879 0.2915482521057129 44
1688633007937 0.29014095664024353 45
1688633007986 0.2897694408893585 46
1688633008052 0.2875995635986328 47
1688633008103 0.2879492938518524 48
1688633008160 0.2857895791530609 49
1688633008207 0.2856227159500122 50
1688633008266 0.2837669551372528 51
1688633008313 0.2832549512386322 52
1688633008370 0.2835402190685272 53
1688633008417 0.28111132979393005 54
1688633008479 0.27963903546333313 55
1688633008527 0.2789049446582794 56
1688633008585 0.28015002608299255 57
1688633008630 0.2787230312824249 58
1688633008688 0.2772904634475708 59
1688633008739 0.2769944369792938 60
1688633008799 0.2766248285770416 61
1688633008846 0.27569589018821716 62
1688633008904 0.2742179334163666 63
1688633008951 0.2728043794631958 64
1688633009010 0.2725086212158203 65
1688633009056 0.2716369330883026 66
1688633009114 0.27065572142601013 67
1688633009161 0.2697793245315552 68
1688633009217 0.2689054310321808 69
1688633009263 0.2670259177684784 70
1688633009322 0.26618707180023193 71
1688633009372 0.265360563993454 72
1688633009429 0.26549655199050903 73
1688633009480 0.26360824704170227 74
1688633009539 0.26375874876976013 75
1688633009588 0.262805312871933 76
1688633009644 0.2614979147911072 77
1688633009690 0.25957295298576355 78
1688633009746 0.259785920381546 79
1688633009792 0.2578943073749542 80
1688633009849 0.25757989287376404 81
1688633009898 0.25766101479530334 82
1688633009959 0.2571553885936737 83
1688633010008 0.2547535002231598 84
1688633010065 0.2544635832309723 85
1688633010113 0.2535618841648102 86
1688633010224 0.25208672881126404 87
1688633010284 0.2508298456668854 88
1688633010341 0.25142353773117065 89
1688633010389 0.2504248321056366 90
1688633010450 0.24818025529384613 91
1688633010499 0.2491133213043213 92
1688633010558 0.24674630165100098 93
1688633010605 0.2464849352836609 94
1688633010662 0.2458990067243576 95
1688633010708 0.2451261281967163 96
1688633010765 0.24404805898666382 97
1688633010822 0.2428300976753235 98
1688633010895 0.24123699963092804 99
1688633029749 0.16652511060237885 0
1688633029814 0.16255833208560944 1
1688633029859 0.15809883177280426 2
1688633029915 0.15241725742816925 3
1688633029962 0.15320025384426117 4
1688633030019 0.15613900125026703 5
1688633030066 0.1490379422903061 6
1688633030127 0.15214310586452484 7
1688633030174 0.15055857598781586 8
1688633030231 0.1490633189678192 9
1688633030278 0.14760737121105194 10
1688633030338 0.1442277878522873 11
1688633030384 0.1464323252439499 12
1688633030442 0.1435520201921463 13
1688633030493 0.14284293353557587 14
1688633030564 0.14048777520656586 15
1688633030619 0.13593222200870514 16
1688633030663 0.13777947425842285 17
1688633030721 0.13603830337524414 18
1688633030767 0.13535460829734802 19
1688633030824 0.12946827709674835 20
1688633030871 0.1284717172384262 21
1688633030928 0.1284950226545334 22
1688633030975 0.12704533338546753 23
1688633031034 0.1279621571302414 24
1688633031089 0.1233600378036499 25
1688633031137 0.12362118810415268 26
1688633031198 0.1186533197760582 27
1688633031251 0.11827316880226135 28
1688633031311 0.11670362204313278 29
1688633031357 0.11747545748949051 30
1688633031413 0.11521489173173904 31
1688633031466 0.1094113364815712 32
1688633031525 0.1115204468369484 33
1688633031573 0.10589081048965454 34
1688633031641 0.10789501667022705 35
1688633031689 0.10308632999658585 36
1688633031745 0.10413661599159241 37
1688633031793 0.10111197829246521 38
1688633031851 0.09589025378227234 39
1688633031897 0.0976397693157196 40
1688633031965 0.09533548355102539 41
1688633032011 0.0931602492928505 42
1688633032071 0.08851440995931625 43
1688633032117 0.09004496783018112 44
1688633032164 0.08745280653238297 45
1688633032229 0.08601394295692444 46
1688633032276 0.08101630955934525 47
1688633032355 0.08258063346147537 48
1688633032435 0.07734105736017227 49
1688633032483 0.07614243775606155 50
1688633032535 0.07666260749101639 51
1688633032598 0.07402554899454117 52
1688633032655 0.07241436839103699 53
1688633032705 0.0693788081407547 54
1688633032766 0.06727711111307144 55
1688633032812 0.06544756144285202 56
1688633032875 0.06346827745437622 57
1688633032924 0.05903330445289612 58
1688633032987 0.05719665065407753 59
1688633033035 0.05637891963124275 60
1688633033093 0.05720607563853264 61
1688633033139 0.050899624824523926 62
1688633033194 0.05168350413441658 63
1688633033243 0.049605756998062134 64
1688633033301 0.04965388774871826 65
1688633033350 0.04578259587287903 66
1688633033413 0.043920714408159256 67
1688633033459 0.039396751672029495 68
1688633033507 0.04044227674603462 69
1688633033567 0.037595804780721664 70
1688633033613 0.03693797066807747 71
1688633033670 0.03506884351372719 72
1688633033717 0.035132620483636856 73
1688633033775 0.030685430392622948 74
1688633033822 0.02900407649576664 75
1688633033879 0.029051722958683968 76
1688633033928 0.025226548314094543 77
1688633033986 0.023379208520054817 78
1688633034032 0.021981827914714813 79
1688633034096 0.020660536363720894 80
1688633034142 0.018694259226322174 81
1688633034199 0.01781952939927578 82
1688633034245 0.015824735164642334 83
1688633034304 0.013089737854897976 84
1688633034351 0.012628228403627872 85
1688633034410 0.017030930146574974 86
1688633034458 0.010882529430091381 87
1688633034519 0.008346287533640862 88
1688633034565 0.008863306604325771 89
1688633034622 0.0067859250120818615 90
1688633034670 0.00660363445058465 91
1688633034726 0.004593074321746826 92
1688633034781 0.005358055233955383 93
1688633034841 0.008862144313752651 94
1688633034889 0.0034816262777894735 95
1688633034948 0.002487409859895706 96
1688633034998 0.0033489118795841932 97
1688633035057 0.004014832898974419 98
1688633035104 0.004181799944490194 99
1688633050256 0.4369441270828247 0
1688633050345 0.42519256472587585 1
1688633050417 0.4161175489425659 2
1688633050494 0.4082174003124237 3
1688633050555 0.4027383327484131 4
1688633050604 0.3953218460083008 5
1688633050660 0.39412370324134827 6
1688633050716 0.39473554491996765 7
1688633050765 0.3931247293949127 8
1688633050824 0.39366415143013 9
1688633050874 0.39047369360923767 10
1688633050933 0.3899305760860443 11
1688633050983 0.38816288113594055 12
1688633051066 0.3887511193752289 13
1688633051147 0.39067909121513367 14
1688633051197 0.39008232951164246 15
1688633051253 0.38944438099861145 16
1688633051302 0.38873040676116943 17
1688633051360 0.38554349541664124 18
1688633051409 0.3836263120174408 19
1688633051472 0.3829177916049957 20
1688633051521 0.38212791085243225 21
1688633051581 0.3837538957595825 22
1688633051626 0.3839009702205658 23
1688633051683 0.38303688168525696 24
1688633051728 0.38232421875 25
1688633051791 0.38138675689697266 26
1688633051844 0.3772517442703247 27
1688633051901 0.3762103021144867 28
1688633051959 0.37639257311820984 29
1688633052006 0.3776642382144928 30
1688633052064 0.37371745705604553 31
1688633052111 0.37497520446777344 32
1688633052171 0.37401750683784485 33
1688633052216 0.370707631111145 34
1688633052276 0.37291112542152405 35
1688633052325 0.3719581365585327 36
1688633052383 0.3680003881454468 37
1688633052430 0.3677332401275635 38
1688633052499 0.36878350377082825 39
1688633052552 0.36687254905700684 40
1688633052615 0.3635784685611725 41
1688633052667 0.36344727873802185 42
1688633052725 0.36410996317863464 43
1688633052773 0.36240577697753906 44
1688633052834 0.3601095974445343 45
1688633052881 0.3600457012653351 46
1688633052939 0.358829140663147 47
1688633052989 0.35592713952064514 48
1688633053083 0.3552967309951782 49
1688633053151 0.35510358214378357 50
1688633053201 0.3538375198841095 51
1688633053261 0.35331806540489197 52
1688633053309 0.3517747223377228 53
1688633053369 0.3505053222179413 54
1688633053418 0.34693074226379395 55
1688633053478 0.34593072533607483 56
1688633053528 0.34453168511390686 57
1688633053597 0.344836562871933 58
1688633053651 0.3435066044330597 59
1688633053713 0.34093889594078064 60
1688633053764 0.340317964553833 61
1688633053825 0.339185506105423 62
1688633053873 0.33741214871406555 63
1688633053934 0.3347613513469696 64
1688633053986 0.3349761962890625 65
1688633054046 0.33282220363616943 66
1688633054091 0.3312700688838959 67
1688633054136 0.3290494978427887 68
1688633054198 0.32753613591194153 69
1688633054252 0.32569777965545654 70
1688633054317 0.3249712884426117 71
1688633054372 0.32398927211761475 72
1688633054429 0.32121530175209045 73
1688633054476 0.3188888728618622 74
1688633054534 0.3177483081817627 75
1688633054581 0.31682148575782776 76
1688633054638 0.31533679366111755 77
1688633054694 0.3141707479953766 78
1688633054750 0.31072452664375305 79
1688633054799 0.31076836585998535 80
1688633054859 0.3090848922729492 81
1688633054904 0.30680781602859497 82
1688633054961 0.3039334714412689 83
1688633055013 0.3021979033946991 84
1688633055070 0.3015240728855133 85
1688633055116 0.29927870631217957 86
1688633055174 0.2974914610385895 87
1688633055219 0.29514750838279724 88
1688633055278 0.2934076189994812 89
1688633055322 0.2916577160358429 90
1688633055385 0.2898977994918823 91
1688633055438 0.2890419661998749 92
1688633055504 0.28692758083343506 93
1688633055557 0.28536978363990784 94
1688633055617 0.28277137875556946 95
1688633055666 0.2815600037574768 96
1688633055727 0.2799569070339203 97
1688633055775 0.27798721194267273 98
1688633055839 0.27671900391578674 99
1688633070471 0.11401679366827011 0
1688633070549 0.10080820322036743 1
1688633070605 0.09973180294036865 2
1688633070677 0.09463716298341751 3
1688633070730 0.09409686177968979 4
1688633070779 0.09061004966497421 5
1688633070844 0.0851932093501091 6
1688633070898 0.08411988615989685 7
1688633070957 0.08306007832288742 8
1688633071003 0.0798807367682457 9
1688633071059 0.07557914406061172 10
1688633071104 0.07190150022506714 11
1688633071162 0.07056429237127304 12
1688633071207 0.06730570644140244 13
1688633071263 0.06410716474056244 14
1688633071309 0.060946833342313766 15
1688633071367 0.05781674385070801 16
1688633071414 0.0547172911465168 17
1688633071476 0.051654282957315445 18
1688633071522 0.048532307147979736 19
1688633071581 0.04559622332453728 20
1688633071628 0.042042315006256104 21
1688633071687 0.039905644953250885 22
1688633071739 0.03624334558844566 23
1688633071795 0.0341687835752964 24
1688633071850 0.033726032823324203 25
1688633071897 0.03028007596731186 26
1688633071958 0.02783701755106449 27
1688633072006 0.02594299614429474 28
1688633072062 0.023850515484809875 29
1688633072115 0.02262136898934841 30
1688633072158 0.02225961722433567 31
1688633072217 0.018783001229166985 32
1688633072265 0.01680963672697544 33
1688633072325 0.014692896045744419 34
1688633072378 0.014673449099063873 35
1688633072436 0.011912323534488678 36
1688633072487 0.012909616343677044 37
1688633072544 0.010672020725905895 38
1688633072590 0.008657209575176239 39
1688633072647 0.006515365559607744 40
1688633072694 0.007550387177616358 41
1688633072751 0.00664602080360055 42
1688633072799 0.005190630909055471 43
1688633072857 0.005427025258541107 44
1688633072907 0.00524076446890831 45
1688633072965 0.0036841656547039747 46
1688633073015 0.003726990194991231 47
1688633073066 0.00282531906850636 48
1688633073135 0.003025686601176858 49
1688633073212 0.0022186224814504385 50
1688633073288 0.0036355170886963606 51
1688633073332 0.007124175783246756 52
1688633073377 0.0041117495857179165 53
1688633073424 0.0015790514880791306 54
1688633073492 0.0023151098284870386 55
1688633073541 0.004431291949003935 56
1688633073587 0.004892935510724783 57
1688633073647 0.001635587657801807 58
1688633073702 0.0018685931572690606 59
1688633073760 0.004301172215491533 60
1688633073828 0.005424307659268379 61
1688633073880 0.004294732119888067 62
1688633073924 0.006730528082698584 63
1688633073986 0.0036463525611907244 64
1688633074033 0.0030992452520877123 65
1688633074091 0.005000338423997164 66
1688633074136 0.005254631396383047 67
1688633074195 0.004816868808120489 68
1688633074241 0.0017170319333672523 69
1688633074300 0.002542823553085327 70
1688633074344 0.0029678873252123594 71
1688633074391 0.005028297659009695 72
1688633074451 0.006442185491323471 73
1688633074508 0.005010295193642378 74
1688633074567 0.003825356950983405 75
1688633074613 0.0015044530155137181 76
1688633074670 0.0017662690952420235 77
1688633074717 0.001785665168426931 78
1688633074775 0.0016555123729631305 79
1688633074821 0.0029370456468313932 80
1688633074876 0.003272026078775525 81
1688633074920 0.006837678607553244 82
1688633074981 0.0038399286568164825 83
1688633075028 0.005356003995984793 84
1688633075086 0.005547283682972193 85
1688633075137 0.00374055583961308 86
1688633075196 0.003962192218750715 87
1688633075248 0.0030286936089396477 88
1688633075303 0.002774924738332629 89
1688633075350 0.0037868923973292112 90
1688633075407 0.004710950423032045 91
1688633075463 0.007286937441676855 92
1688633075511 0.002826628042384982 93
1688633075569 0.003026532009243965 94
1688633075615 0.0018284149700775743 95
1688633075673 0.002941949525848031 96
1688633075722 0.002674912801012397 97
1688633075782 0.0018232433358207345 98
1688633075829 0.0033018633257597685 99
