1690137154372 0.562657356262207 0
1690137154452 0.5004112720489502 1
1690137154476 0.4998789429664612 2
1690137154492 0.4995291233062744 3
1690137154508 0.4992827773094177 4
1690137154524 0.49909961223602295 5
1690137154540 0.4989549517631531 6
1690137154556 0.4988325834274292 7
1690137154572 0.49872100353240967 8
1690137154588 0.4986114799976349 9
1690137154615 0.49849754571914673 10
1690137154628 0.4983740448951721 11
1690137154644 0.4982367753982544 12
1690137154652 0.4980824291706085 13
1690137154676 0.49790799617767334 14
1690137154692 0.49771085381507874 15
1690137154716 0.49748873710632324 16
1690137154724 0.49723899364471436 17
1690137154740 0.4969590902328491 18
1690137154756 0.49664586782455444 19
1690137154772 0.49629583954811096 20
1690137154796 0.4959051012992859 21
1690137154813 0.4954688251018524 22
1690137154829 0.49498164653778076 23
1690137154837 0.49443742632865906 24
1690137154861 0.4938289523124695 25
1690137154973 0.4931478202342987 26
1690137154989 0.492384672164917 27
1690137155005 0.49152877926826477 28
1690137155021 0.4905681014060974 29
1690137155037 0.4894896447658539 30
1690137155045 0.48827868700027466 31
1690137155061 0.48691943287849426 32
1690137155077 0.4853943884372711 33
1690137155093 0.48368388414382935 34
1690137155109 0.4817662835121155 35
1690137155125 0.47961658239364624 36
1690137155141 0.47720664739608765 37
1690137155149 0.474504292011261 38
1690137155165 0.47147244215011597 39
1690137155181 0.4680684804916382 40
1690137155197 0.4642433822154999 41
1690137155215 0.45994073152542114 42
1690137155229 0.4550965428352356 43
1690137155245 0.4496384263038635 44
1690137155261 0.4434850811958313 45
1690137155277 0.4365445673465729 46
1690137155293 0.42871278524398804 47
1690137155309 0.41987210512161255 48
1690137155325 0.4098917245864868 49
1690137155341 0.3986295461654663 50
1690137155349 0.3859369158744812 51
1690137155365 0.3716650605201721 52
1690137155381 0.35567355155944824 53
1690137155405 0.3378378748893738 54
1690137155429 0.3180556297302246 55
1690137155445 0.2962489724159241 56
1690137155461 0.27236253023147583 57
1690137155477 0.26718324422836304 58
1690137155493 0.23183178901672363 59
1690137155509 0.2200610637664795 60
1690137155517 0.2257731556892395 61
1690137155533 0.2036297619342804 62
1690137155557 0.187321275472641 63
1690137155573 0.18676435947418213 64
1690137155581 0.17070093750953674 65
1690137155597 0.16260495781898499 66
1690137155616 0.15153029561042786 67
1690137155630 0.148921936750412 68
1690137155654 0.13738830387592316 69
1690137155670 0.12298887223005295 70
1690137155686 0.12635183334350586 71
1690137155710 0.11341918259859085 72
1690137155726 0.1312222182750702 73
1690137155734 0.11617473512887955 74
1690137155750 0.1088450700044632 75
1690137155766 0.11606533080339432 76
1690137155782 0.10781420767307281 77
1690137155798 0.09167950600385666 78
1690137155816 0.08806400001049042 79
1690137156071 0.09393080323934555 80
1690137156087 0.07033345103263855 81
1690137156103 0.07612057775259018 82
1690137156116 0.06982754915952682 83
1690137156135 0.05479143559932709 84
1690137156151 0.0633569210767746 85
1690137156167 0.04576478153467178 86
1690137156191 0.05376569181680679 87
1690137156216 0.0488053560256958 88
1690137156239 0.03277582675218582 89
1690137156263 0.05407356470823288 90
1690137156279 0.0313241183757782 91
1690137156303 0.045757681131362915 92
1690137156327 0.06157475709915161 93
1690137156343 0.04710238426923752 94
1690137156359 0.012992754578590393 95
1690137156375 0.050886474549770355 96
1690137156391 0.050744153559207916 97
1690137156407 0.01184234768152237 98
1690137156423 0.05893611162900925 99
1690137156439 0.08515257388353348 100
1690137156455 0.07390289753675461 101
1690137156463 0.03000788390636444 102
1690137156479 0.04329109191894531 103
1690137156495 0.0744393989443779 104
1690137156511 0.06803885847330093 105
1690137156528 0.029233597218990326 106
1690137156544 0.03666844964027405 107
1690137156559 0.06375917792320251 108
1690137156576 0.05777772516012192 109
1690137156584 0.02961944043636322 110
1690137156608 0.0286630317568779 111
1690137156624 0.05103465914726257 112
1690137156640 0.0426463782787323 113
1690137156648 0.018996290862560272 114
1690137156664 0.026179000735282898 115
1690137156680 0.025553196668624878 116
1690137156696 0.011830486357212067 117
1690137156717 0.0312529131770134 118
1690137156736 0.027408257126808167 119
1690137156752 0.009136505424976349 120
1690137156768 0.023888207972049713 121
1690137156776 0.014029137790203094 122
1690137156792 0.022039756178855896 123
1690137156808 0.026992976665496826 124
1690137156824 0.007967516779899597 125
1690137156840 0.021587952971458435 126
1690137156856 0.018434278666973114 127
1690137156872 0.010488957166671753 128
1690137156888 0.010241083800792694 129
1690137156904 0.01578148454427719 130
1690137156920 0.013582959771156311 131
1690137156944 0.013630576431751251 132
1690137156960 0.012719884514808655 133
1690137156976 0.01309289038181305 134
1690137156992 0.011491544544696808 135
1690137157008 0.014454096555709839 136
1690137157024 0.013148732483386993 137
1690137157032 0.01303795725107193 138
1690137157056 0.01994495838880539 139
1690137157072 0.009317122399806976 140
1690137157088 0.017935819923877716 141
1690137157104 0.01236705482006073 142
1690137157120 0.01657089591026306 143
1690137157136 0.01878112554550171 144
1690137157152 0.0037113651633262634 145
1690137157168 0.010901600122451782 146
1690137157184 0.005502022802829742 147
1690137157192 0.00571528822183609 148
1690137157208 0.006037712097167969 149
1690137157224 0.004046551883220673 150
1690137157240 0.005282573401927948 151
1690137157256 0.01051979511976242 152
1690137157272 0.0037947744131088257 153
1690137157296 0.0065305158495903015 154
1690137157312 0.012183859944343567 155
1690137157328 0.015228815376758575 156
1690137157344 0.005292482674121857 157
1690137157360 0.008393429219722748 158
1690137157384 0.011553004384040833 159
1690137157400 0.006599761545658112 160
1690137157418 0.020638734102249146 161
1690137157433 0.022219352424144745 162
1690137157449 0.0024788007140159607 163
1690137157473 0.03139204531908035 164
1690137157489 0.038062289357185364 165
1690137157513 0.02202548086643219 166
1690137157529 0.014592282474040985 167
1690137157545 0.025217317044734955 168
1690137157553 0.012403413653373718 169
1690137157569 0.021081507205963135 170
1690137157585 0.029259897768497467 171
1690137157609 0.015011146664619446 172
1690137157625 0.01954648643732071 173
1690137157641 0.02877616137266159 174
1690137157657 0.015176624059677124 175
1690137157673 0.018553875386714935 176
1690137157689 0.02740531414747238 177
1690137157697 0.01420794427394867 178
1690137157718 0.018951430916786194 179
1690137157737 0.027383528649806976 180
1690137157753 0.013528339564800262 181
1690137157769 0.019986435770988464 182
1690137157785 0.029088027775287628 183
1690137157801 0.01654590666294098 184
1690137157818 0.015592113137245178 185
1690137157833 0.023544959723949432 186
1690137157857 0.009694293141365051 187
1690137157873 0.023398585617542267 188
1690137157889 0.032539986073970795 189
1690137157905 0.02043726295232773 190
1690137157921 0.010903634130954742 191
1690137157937 0.018548324704170227 192
1690137157953 0.008682750165462494 193
1690137157969 0.008836351335048676 194
1690137157985 0.006448172032833099 195
1690137158001 0.0054674893617630005 196
1690137158017 0.005063936114311218 197
1690137158025 0.0072597116231918335 198
1690137158050 0.00566476583480835 199
1690137179059 0.006656065583229065 0
