1690134928772 0.49977821111679077 0
1690134928828 0.4897547960281372 1
1690134928844 0.47930485010147095 2
1690134928868 0.4684268832206726 3
1690134928894 0.4571439027786255 4
1690134928917 0.445488840341568 5
1690134928933 0.4335024356842041 6
1690134928957 0.4212329387664795 7
1690134928973 0.40873464941978455 8
1690134928994 0.39606693387031555 9
1690134929013 0.3832924962043762 10
1690134929094 0.3704752027988434 11
1690134929125 0.3576774299144745 12
1690134929141 0.3449562191963196 13
1690134929165 0.33235761523246765 14
1690134929181 0.3199078440666199 15
1690134929205 0.30760473012924194 16
1690134929221 0.2954239845275879 17
1690134929245 0.2833460569381714 18
1690134929261 0.27138224244117737 19
1690134929285 0.25958341360092163 20
1690134929309 0.24803107976913452 21
1690134929325 0.23678627610206604 22
1690134929349 0.2257796674966812 23
1690134929373 0.2148469090461731 24
1690134929389 0.20390895009040833 25
1690134929413 0.1929924488067627 26
1690134929429 0.1822027564048767 27
1690134929453 0.17169509828090668 28
1690134929477 0.16158726811408997 29
1690134929495 0.15181878209114075 30
1690134929517 0.1422298699617386 31
1690134929541 0.132833793759346 32
1690134929557 0.12381130456924438 33
1690134929573 0.11534685641527176 34
1690134929707 0.10748287290334702 35
1690134929731 0.10011051595211029 36
1690134929755 0.09314565360546112 37
1690134929771 0.08662018179893494 38
1690134929787 0.08060038834810257 39
1690134929811 0.07509370148181915 40
1690134929835 0.07002522051334381 41
1690134929859 0.06529035419225693 42
1690134929883 0.060826558619737625 43
1690134929907 0.056629300117492676 44
1690134929923 0.052713148295879364 45
1690134929939 0.04907176271080971 46
1690134929963 0.045674629509449005 47
1690134929979 0.04249085858464241 48
1690134929995 0.0395079031586647 49
1690134930019 0.03673051297664642 50
1690134930035 0.03416823968291283 51
1690134930051 0.03182372450828552 52
1690134930075 0.029687605798244476 53
1690134930095 0.02774123102426529 54
1690134930115 0.025963693857192993 55
1690134930131 0.024338172748684883 56
1690134930155 0.022853270173072815 57
1690134930179 0.02150009013712406 58
1690134930196 0.020268619060516357 59
1690134930220 0.01914612390100956 60
1690134930236 0.0181183610111475 61
1690134930260 0.017172325402498245 62
1690134930276 0.01629800722002983 63
1690134930300 0.015488719567656517 64
1690134930324 0.01473967730998993 65
1690134930348 0.014046532101929188 66
1690134930372 0.013404594734311104 67
1690134930396 0.012808632105588913 68
1690134930420 0.012253688648343086 69
1690134930444 0.011735603213310242 70
1690134930468 0.011251311749219894 71
1690134930484 0.010798526927828789 72
1690134930500 0.010375389829277992 73
1690134930524 0.009980035945773125 74
1690134930540 0.009610450826585293 75
1690134930556 0.009264466352760792 76
1690134930580 0.008939988911151886 77
1690134930596 0.008635170757770538 78
1690134930612 0.008348423056304455 79
1690134930861 0.008078482933342457 80
1690134930893 0.00782422348856926 81
1690134930917 0.007584613747894764 82
1690134930941 0.007358625065535307 83
1690134930957 0.007145208306610584 84
1690134930981 0.006943363230675459 85
1690134931006 0.0067521147429943085 86
1690134931022 0.006570614408701658 87
1690134931038 0.006398106925189495 88
1690134931062 0.006233964115381241 89
1690134931078 0.006077621132135391 90
1690134931102 0.005928562488406897 91
1690134931118 0.00578630855306983 92
1690134931142 0.005650406237691641 93
1690134931158 0.005520404316484928 94
1690134931174 0.005395921412855387 95
1690134931198 0.005276540759950876 96
1690134931222 0.005161965731531382 97
1690134931238 0.005051879212260246 98
1690134931262 0.004946010187268257 99
1690134931278 0.00484413281083107 100
1690134931297 0.004746038466691971 101
1690134931318 0.0046515013091266155 102
1690134931334 0.004560334607958794 103
1690134931358 0.004472383297979832 104
1690134931374 0.0043874466791749 105
1690134931398 0.004305361770093441 106
1690134931438 0.004225993063300848 107
1690134931454 0.004149199929088354 108
1690134931470 0.0040748585015535355 109
1690134931494 0.004002838861197233 110
1690134931510 0.0039330413565039635 111
1690134931526 0.0038653681986033916 112
1690134931550 0.0037997118197381496 113
1690134931566 0.0037360070273280144 114
1690134931582 0.003674145322293043 115
1690134931606 0.0036140503361821175 116
1690134931622 0.0035556345246732235 117
1690134931638 0.0034988452680408955 118
1690134931662 0.003443592693656683 119
1690134931679 0.0033898139372467995 120
1690134931697 0.0033374710474163294 121
1690134931711 0.0032864874228835106 122
1690134931735 0.0032368062529712915 123
1690134931755 0.0031883963383734226 124
1690134931767 0.0031412052921950817 125
1690134931791 0.003095174441114068 126
1690134931807 0.003050257219001651 127
1690134931823 0.00300642941147089 128
1690134931847 0.0029636493418365717 129
1690134931871 0.002921862993389368 130
1690134931887 0.0028810547664761543 131
1690134931903 0.0028411797247827053 132
1690134931927 0.002802200149744749 133
1690134931943 0.0027641106862574816 134
1690134931959 0.0027268510311841965 135
1690134931983 0.0026904172264039516 136
1690134931999 0.0026547759771347046 137
1690134932023 0.0026199016720056534 138
1690134932039 0.0025857659056782722 139
1690134932055 0.0025523495860397816 140
1690134932079 0.002519642934203148 141
1690134932098 0.0024876014795154333 142
1690134932119 0.00245621963404119 143
1690134932135 0.002425460610538721 144
1690134932151 0.002395343966782093 145
1690134932175 0.0023658149875700474 146
1690134932191 0.0023368638940155506 147
1690134932207 0.002308477181941271 148
1690134932231 0.0022806492634117603 149
1690134932255 0.002253372222185135 150
1690134932271 0.0022265994921326637 151
1690134932295 0.002200330374762416 152
1690134932320 0.0021745662670582533 153
1690134932344 0.0021492831874638796 154
1690134932360 0.0021244585514068604 155
1690134932384 0.0021000863052904606 156
1690134932400 0.0020761643536388874 157
1690134932424 0.0020526740700006485 158
1690134932482 0.002029614755883813 159
1690134932860 0.0020069554448127747 160
1690134932871 0.001984709408134222 161
1690134932895 0.00196283170953393 162
1690134932919 0.00194134924095124 163
1690134932935 0.001920244307257235 164
1690134932960 0.0018994996789842844 165
1690134932975 0.0018790949834510684 166
1690134932999 0.0018590546678751707 167
1690134933015 0.0018393462523818016 168
1690134933039 0.001819961005821824 169
1690134933055 0.0018009085906669497 170
1690134933071 0.001782167237251997 171
1690134933095 0.0017637298442423344 172
1690134933111 0.0017455888446420431 173
1690134933135 0.0017277539009228349 174
1690134933151 0.0017102027777582407 175
1690134933167 0.0016929153352975845 176
1690134933191 0.0016759305726736784 177
1690134933208 0.0016591998282819986 178
1690134933224 0.0016427175141870975 179
1690134933248 0.0016265100566670299 180
1690134933264 0.0016105585964396596 181
1690134933288 0.001594845438376069 182
1690134933304 0.001579368021339178 183
1690134933320 0.0015641239006072283 184
1690134933344 0.0015491261146962643 185
1690134933360 0.0015343428822234273 186
1690134933376 0.0015197878237813711 187
1690134933400 0.0015054433606564999 188
1690134933424 0.0014913072809576988 189
1690134933440 0.0014773919247090816 190
1690134933456 0.0014636670239269733 191
1690134933480 0.0014501592377200723 192
1690134933500 0.0014368375996127725 193
1690134933520 0.0014236988499760628 194
1690134933552 0.0014107555616647005 195
1690134933568 0.0013979910872876644 196
1690134933592 0.0013854166027158499 197
1690134933616 0.0013730155769735575 198
1690134933632 0.0013607860310003161 199
1690134933656 0.0013487401884049177 200
1690134933672 0.0013368444051593542 201
1690134933696 0.0013251281343400478 202
1690134933712 0.0013135583139955997 203
1690134933728 0.00130214705131948 204
1690134933752 0.001290893298573792 205
1690134933768 0.0012797944946214557 206
1690134933784 0.0012688491260632873 207
1690134933808 0.0012580403126776218 208
1690134933824 0.0012473813258111477 209
1690134933840 0.0012368697207421064 210
1690134933856 0.001226489432156086 211
1690134933880 0.0012162409257143736 212
1690134933900 0.0012061359593644738 213
1690134933912 0.0011961589334532619 214
1690134933936 0.0011863067047670484 215
1690134933960 0.0011765796225517988 216
1690134933976 0.0011669762898236513 217
1690134934000 0.0011575105600059032 218
1690134934016 0.0011481503024697304 219
1690134934040 0.001138910185545683 220
1690134934056 0.0011297883465886116 221
1690134934080 0.0011207840871065855 222
1690134934102 0.0011118808761239052 223
1690134934120 0.0011030926834791899 224
1690134934136 0.0010944176465272903 225
1690134934160 0.0010858550667762756 226
1690134934176 0.001077374443411827 227
1690134934192 0.0010690185008570552 228
1690134934216 0.0010607570875436068 229
1690134934232 0.0010525888064876199 230
1690134934248 0.0010445271618664265 231
1690134934272 0.001036557019688189 232
1690134934288 0.0010286911856383085 233
1690134934304 0.0010209005558863282 234
1690134934328 0.0010132126044481993 235
1690134934344 0.0010056106839329004 236
1690134934368 0.0009981095790863037 237
1690134934392 0.000990678439848125 238
1690134934409 0.000983347650617361 239
1690134934432 0.0009760987013578415 240
1690134934449 0.0009689332218840718 241
1690134934473 0.0009618342737667263 242
1690134934489 0.0009548313682898879 243
1690134934505 0.0009479086147621274 244
1690134934529 0.0009410647326149046 245
1690134934553 0.0009342845296487212 246
1690134934569 0.000927597051486373 247
1690134934585 0.0009209720883518457 248
1690134934609 0.0009144234354607761 249
1690134934625 0.0009079508017748594 250
1690134934641 0.0009015531977638602 251
1690134934665 0.0008952151983976364 252
1690134934689 0.0008889510063454509 253
1690134934705 0.000882759690284729 254
1690134934729 0.0008766259998083115 255
1690134934745 0.0008705643704161048 256
1690134934769 0.0008645735797472298 257
1690134934785 0.0008586386684328318 258
1690134934801 0.0008527733734808862 259
1690134934825 0.0008469631429761648 260
1690134934841 0.0008412211900576949 261
1690134934857 0.0008355327881872654 262
1690134934881 0.0008299119072034955 263
1690134934901 0.0008243436459451914 264
1690134934921 0.0008188271895051003 265
1690134934937 0.0008133761584758759 266
1690134934953 0.0008079911931417882 267
1690134934977 0.0008026410359889269 268
1690134934993 0.0007973698666319251 269
1690134935017 0.0007921333890408278 270
1690134935033 0.0007869600667618215 271
1690134935057 0.0007818351732566953 272
1690134935081 0.000776758068241179 273
1690134935101 0.0007717429543845356 274
1690134935121 0.0007667747559025884 275
1690134935137 0.000761853065341711 276
1690134935161 0.0007569773588329554 277
1690134935177 0.0007521476363763213 278
1690134935193 0.0007473777513951063 279
1690134935217 0.0007426529191434383 280
1690134935233 0.0007379719172604382 281
1690134935257 0.0007333354442380369 282
1690134935273 0.0007287424523383379 283
1690134935289 0.0007241925341077149 284
1690134935313 0.000719685573130846 285
1690134935329 0.0007152355974540114 286
1690134935353 0.0007108125137165189 287
1690134935369 0.0007064314559102058 288
1690134935385 0.000702106743119657 289
1690134935409 0.0006978078745305538 290
1690134935425 0.0006935643032193184 291
1690134935441 0.0006893611280247569 292
1690134935465 0.0006851832149550319 293
1690134935482 0.0006810600752942264 294
1690134935506 0.0006769616156816483 295
1690134935522 0.0006729016313329339 296
1690134935546 0.000668881053570658 297
1690134935562 0.0006649135611951351 298
1690134935578 0.0006609692936763167 299
1690134935602 0.0006570632103830576 300
1690134935618 0.0006531952531076968 301
1690134935634 0.0006493491819128394 302
1690134935658 0.0006455550319515169 303
