1690193514994 1.5334926843643188 0
1690193515280 1.0484802722930908 1
1690193515635 0.9793885946273804 2
1690193515997 0.8057126402854919 3
1690193516292 0.6073278188705444 4
1690193516625 0.6530035138130188 5
1690193516905 0.4525717794895172 6
1690193517205 0.4162158966064453 7
1690193517522 0.339050829410553 8
1690193517838 0.3996383845806122 9
1690193518130 0.22215299308300018 10
1690193518439 0.269939124584198 11
1690193518730 0.14855358004570007 12
1690193519090 0.23037084937095642 13
1690193519431 0.1353556364774704 14
1690193519804 0.1573304384946823 15
1690193520103 0.10759604722261429 16
1690193520391 0.1166580468416214 17
1690193520801 0.12398158013820648 18
1690193521112 0.13857345283031464 19
1690193521405 0.134450301527977 20
1690193521654 0.1451212465763092 21
1690193521888 0.06652651727199554 22
1690193522131 0.06299139559268951 23
1690193522370 0.04462895542383194 24
1690193522622 0.10909978300333023 25
1690193522887 0.09125522524118423 26
1690193523207 0.05592745915055275 27
1690193523473 0.10431862622499466 28
1690193523761 0.06053972244262695 29
1690193524004 0.03635736182332039 30
1690193524242 0.09634768962860107 31
1690193524487 0.07035785168409348 32
1690193524732 0.046567048877477646 33
1690193524970 0.09040899574756622 34
1690193525212 0.04910782724618912 35
1690193525453 0.06193425878882408 36
1690193525692 0.05934860184788704 37
1690193525933 0.021775543689727783 38
1690193526220 0.10006806254386902 39
1690193526504 0.03916461020708084 40
1690193526850 0.03392384946346283 41
1690193527103 0.023130368441343307 42
1690193527344 0.07562094926834106 43
1690193527603 0.039627257734537125 44
1690193527931 0.021013163030147552 45
1690193528169 0.031030014157295227 46
1690193528412 0.031234126538038254 47
1690193528658 0.04415293410420418 48
1690193528892 0.029730867594480515 49
