1689602394516 3.1212503910064697 0
1689602394689 3.12109375 1
1689602394853 3.1209399700164795 2
1689602395025 3.120783567428589 3
1689602395193 3.1206300258636475 4
1689602395359 3.1204745769500732 5
1689602395535 3.1203205585479736 6
1689602395706 3.120164155960083 7
1689602395880 3.120009422302246 8
1689602396128 3.1198551654815674 9
1689602396298 3.1197009086608887 10
1689602396468 3.119544267654419 11
1689602396647 3.1193902492523193 12
1689602396815 3.1192333698272705 13
1689602396987 3.1190803050994873 14
1689602397168 3.1189262866973877 15
1689602397337 3.11877179145813 16
1689602397515 3.1186180114746094 17
1689602397697 3.1184616088867188 18
1689602397865 3.118306875228882 19
1689602398047 3.1181490421295166 20
1689602398226 3.117995023727417 21
1689602398399 3.1178386211395264 22
1689602398570 3.1176838874816895 23
1689602398749 3.117527484893799 24
1689602398921 3.117372751235962 25
1689602399089 3.1172192096710205 26
1689602399269 3.11706280708313 27
1689602399448 3.116907835006714 28
1689602399624 3.116752862930298 29
1689602399805 3.11659836769104 30
1689602399985 3.116443157196045 31
1689602400169 3.1162893772125244 32
1689602400356 3.1161322593688965 33
1689602400528 3.1159791946411133 34
1689602400694 3.1158246994018555 35
1689602400872 3.1156702041625977 36
1689602401089 3.1155152320861816 37
1689602401266 3.115360736846924 38
1689602401449 3.1152048110961914 39
