1689602394516 1.4467095136642456 0
1689602394689 1.446670413017273 1
1689602394853 1.4466323852539062 2
1689602395025 1.4465926885604858 3
1689602395193 1.446554183959961 4
1689602395359 1.446515440940857 5
1689602395535 1.4464777708053589 6
1689602395706 1.446437954902649 7
1689602395880 1.4463999271392822 8
1689602396128 1.446361780166626 9
1689602396298 1.446323275566101 10
1689602396468 1.4462828636169434 11
1689602396647 1.4462450742721558 12
1689602396815 1.4462065696716309 13
1689602396987 1.4461686611175537 14
1689602397168 1.4461302757263184 15
1689602397337 1.4460915327072144 16
1689602397515 1.4460537433624268 17
1689602397697 1.4460148811340332 18
1689602397865 1.4459763765335083 19
1689602398047 1.4459378719329834 20
1689602398226 1.4458997249603271 21
1689602398399 1.4458606243133545 22
1689602398570 1.4458225965499878 23
1689602398749 1.445783019065857 24
1689602398921 1.4457449913024902 25
1689602399089 1.4457072019577026 26
1689602399269 1.4456678628921509 27
1689602399448 1.4456300735473633 28
1689602399624 1.4455903768539429 29
1689602399805 1.4455530643463135 30
1689602399985 1.4455146789550781 31
1689602400169 1.4454751014709473 32
1689602400356 1.4454364776611328 33
1689602400528 1.4453999996185303 34
1689602400694 1.4453604221343994 35
1689602400872 1.4453225135803223 36
1689602401089 1.44528329372406 37
1689602401266 1.4452452659606934 38
1689602401449 1.4452072381973267 39
