1689088673161 1.3005751371383667 0
1689088673187 1.2480629682540894 1
1689088673201 1.211719274520874 2
1689088673215 1.1822891235351562 3
1689088673228 1.1568779945373535 4
1689088673240 1.134152889251709 5
1689088673253 1.1133754253387451 6
1689088673286 1.094088077545166 7
1689088673300 1.0759848356246948 8
1689088673313 1.0588510036468506 9
1689088673326 1.042528748512268 10
1689088673340 1.0268981456756592 11
1689088673354 1.0118671655654907 12
1689088673367 0.997361958026886 13
1689088673380 0.9833236932754517 14
1689088673394 0.9697041511535645 15
1689088673406 0.9564632773399353 16
1689088673421 0.9435675144195557 17
1689088673446 0.9309886693954468 18
1689088673513 0.918703019618988 19
1689088673527 0.9066895246505737 20
1689088673539 0.8949306607246399 21
1689088673553 0.8834107518196106 22
1689088673566 0.8721171021461487 23
1689088673580 0.8610371947288513 24
1689088673594 0.8501607179641724 25
1689088673606 0.8394787907600403 26
1689088673619 0.8289830684661865 27
1689088673634 0.8186665773391724 28
1689088673648 0.8085224628448486 29
1689088673661 0.7985450625419617 30
1689088673674 0.7887293100357056 31
1689088673687 0.7790701389312744 32
1689088673700 0.769563615322113 33
1689088673713 0.7602055072784424 34
1689088673726 0.7509924173355103 35
1689088673738 0.7419211268424988 36
1689088673752 0.7329884171485901 37
1689088673765 0.724192202091217 38
1689088673779 0.715529203414917 39
1689088673792 0.7069973945617676 40
1689088673804 0.6985946893692017 41
1689088673817 0.6903188228607178 42
1689088673830 0.6821680068969727 43
1689088673845 0.6741403937339783 44
1689088673858 0.6662346124649048 45
1689088673871 0.6584487557411194 46
1689088673885 0.6507813334465027 47
1689088673898 0.6432310938835144 48
1689088673912 0.6357963681221008 49
1689088673924 0.6284761428833008 50
1689088673937 0.6212692856788635 51
1689088673952 0.6141741275787354 52
1689088674046 0.6071900129318237 53
1689088674060 0.6003154516220093 54
1689088674072 0.5935494899749756 55
1689088674085 0.5868911743164062 56
1689088674099 0.5803394317626953 57
1689088674112 0.5738930702209473 58
1689088674125 0.56755131483078 59
1689088674138 0.5613131523132324 60
1689088674151 0.555177628993988 61
1689088674166 0.54914391040802 62
1689088674183 0.5432108044624329 63
1689088674198 0.5373777151107788 64
1689088674213 0.5316434502601624 65
1689088674228 0.5260074138641357 66
1689088674240 0.5204684138298035 67
1689088674254 0.5150259137153625 68
1689088674268 0.5096789002418518 69
1689088674282 0.5044262409210205 70
1689088674295 0.4992675185203552 71
1689088674307 0.4942014813423157 72
1689088674320 0.4892275035381317 73
1689088674334 0.4843445420265198 74
1689088674347 0.47955185174942017 75
1689088674360 0.4748484790325165 76
1689088674372 0.4702335000038147 77
1689088674386 0.4657062292098999 78
1689088674399 0.46126556396484375 79
1689088674413 0.4569106698036194 80
1689088674427 0.452640563249588 81
1689088674440 0.44845449924468994 82
1689088674455 0.4443512558937073 83
1689088674470 0.44033029675483704 84
1689088674486 0.43639037013053894 85
1689088674501 0.43253055214881897 86
1689088674513 0.4287499189376831 87
1689088674527 0.4250475764274597 88
1689088674539 0.4214223027229309 89
1689088674553 0.4178733229637146 90
1689088674566 0.41439923644065857 91
1689088674580 0.41099920868873596 92
1689088674594 0.4076722264289856 93
1689088674605 0.40441715717315674 94
1689088674619 0.40123268961906433 95
1689088674633 0.3981180787086487 96
1689088674646 0.39507171511650085 97
1689088674659 0.392092764377594 98
1689088674673 0.38917988538742065 99
1689088674685 0.3863318860530853 100
1689088674699 0.38354742527008057 101
1689088674713 0.3808254599571228 102
1689088674728 0.37816447019577026 103
1689088674745 0.3755633234977722 104
1689088674904 0.3730205297470093 105
1689088674918 0.3705348074436188 106
1689088674931 0.36810463666915894 107
1689088674946 0.36572861671447754 108
1689088674959 0.3634054362773895 109
1689088674973 0.361133337020874 110
1689088674985 0.35891085863113403 111
1689088674999 0.35673636198043823 112
1689088675012 0.35460835695266724 113
1689088675025 0.3525250256061554 114
1689088675038 0.3504846692085266 115
1689088675052 0.3484855890274048 116
1689088675066 0.3465258479118347 117
1689088675079 0.3446037769317627 118
1689088675093 0.3427172303199768 119
1689088675105 0.340864360332489 120
1689088675118 0.33904314041137695 121
1689088675132 0.3372516334056854 122
1689088675145 0.3354876935482025 123
1689088675157 0.3337491750717163 124
1689088675170 0.33203423023223877 125
1689088675183 0.33034053444862366 126
1689088675196 0.3286662697792053 127
1689088675211 0.32700926065444946 128
1689088675223 0.32536762952804565 129
1689088675236 0.32373958826065063 130
1689088675252 0.3221234083175659 131
1689088675266 0.32051748037338257 132
1689088675281 0.31892043352127075 133
1689088675296 0.31733086705207825 134
1689088675310 0.3157479166984558 135
1689088675325 0.3141706585884094 136
1689088675343 0.31259843707084656 137
1689088675355 0.3110307455062866 138
1689088675369 0.3094673156738281 139
1689088675383 0.30790793895721436 140
1689088675396 0.3063526749610901 141
1689088675409 0.3048016130924225 142
1689088675422 0.3032549023628235 143
1689088675436 0.30171269178390503 144
1689088675450 0.30017539858818054 145
1689088675464 0.2986432909965515 146
1689088675478 0.2971166968345642 147
1689088675489 0.29559582471847534 148
1689088675503 0.2940812110900879 149
1689088675515 0.2925729751586914 150
1689088675528 0.29107147455215454 151
1689088675541 0.28957703709602356 152
1689088675553 0.2880898118019104 153
1689088675568 0.2866102159023285 154
1689088675581 0.2851383090019226 155
1689088675595 0.283674418926239 156
1689088675608 0.2822185158729553 157
1689088675620 0.28077107667922974 158
1689088675634 0.2793320417404175 159
1689088675647 0.2779015898704529 160
1689088675661 0.2764798402786255 161
1689088675673 0.27506694197654724 162
1689088675686 0.27366289496421814 163
1689088675700 0.27226778864860535 164
1689088675714 0.2708817720413208 165
1689088675727 0.2695048153400421 166
1689088675739 0.26813700795173645 167
1689088675752 0.2667783796787262 168
1689088675764 0.26542890071868896 169
1689088675780 0.26408863067626953 170
1689088675795 0.2627575397491455 171
1689088675811 0.26143571734428406 172
1689088675825 0.26012301445007324 173
1689088675839 0.2588195502758026 174
1689088675853 0.2575252056121826 175
1689088675867 0.25624004006385803 176
1689088675881 0.2549639642238617 177
1689088675894 0.2536969780921936 178
1689088675906 0.252439022064209 179
1689088675920 0.25119009613990784 180
1689088675935 0.24995017051696777 181
1689088675949 0.24871918559074402 182
1689088675962 0.2474970817565918 183
1689088675977 0.24628376960754395 184
1689088675989 0.24507924914360046 185
1689088676003 0.24388349056243896 186
1689088676017 0.24269644916057587 187
1689088676030 0.2415180206298828 188
1689088676043 0.24034813046455383 189
1689088676055 0.2391868531703949 190
1689088676068 0.2380339801311493 191
1689088676081 0.2368895560503006 192
1689088676095 0.23575346171855927 193
1689088676107 0.2346256971359253 194
1689088676119 0.23350617289543152 195
1689088676132 0.23239478468894958 196
1689088676161 0.23129156231880188 197
1689088676187 0.23019641637802124 198
1689088676412 0.22910922765731812 199
1689088676431 0.2280299961566925 200
1689088676444 0.2269587516784668 201
1689088676456 0.2258952260017395 202
1689088676469 0.22483950853347778 203
1689088676484 0.22379150986671448 204
1689088676497 0.2227512001991272 205
1689088676511 0.22171838581562042 206
1689088676522 0.2206932008266449 207
1689088676537 0.21967542171478271 208
1689088676550 0.21866513788700104 209
1689088676563 0.21766214072704315 210
1689088676576 0.21666646003723145 211
1689088676588 0.21567802131175995 212
1689088676602 0.2146967649459839 213
1689088676615 0.2137226164340973 214
1689088676628 0.21275553107261658 215
1689088676640 0.21179547905921936 216
1689088676654 0.2108423262834549 217
1689088676667 0.20989608764648438 218
1689088676681 0.20895665884017944 219
1689088676695 0.2080240249633789 220
1689088676709 0.2070980668067932 221
1689088676721 0.20617879927158356 222
1689088676734 0.2052661031484604 223
1689088676748 0.20435994863510132 224
1689088676762 0.20346027612686157 225
1689088676777 0.2025669813156128 226
1689088676790 0.20168006420135498 227
1689088676804 0.20079943537712097 228
1689088676818 0.19992506504058838 229
1689088676831 0.19905686378479004 230
1689088676845 0.19819480180740356 231
1689088676857 0.1973387598991394 232
1689088676870 0.19648873805999756 233
1689088676884 0.19564461708068848 234
1689088676897 0.19480639696121216 235
1689088676910 0.19397392868995667 236
1689088676924 0.1931472271680832 237
1689088676936 0.19232620298862457 238
1689088676950 0.19151079654693604 239
1689088676963 0.19070088863372803 240
1689088676975 0.18989646434783936 241
1689088676989 0.1890973597764969 242
1689088677001 0.18830367922782898 243
1689088677015 0.18751516938209534 244
1689088677029 0.18673181533813477 245
1689088677042 0.1859535425901413 246
1689088677055 0.18518030643463135 247
1689088677070 0.184411883354187 248
1689088677084 0.18364837765693665 249
1689088677099 0.18288958072662354 250
1689088677115 0.1821359246969223 251
1689088677130 0.18138933181762695 252
1689088677145 0.1806594729423523 253
1689088677159 0.1799136996269226 254
1689088677172 0.17917311191558838 255
1689088677186 0.17843735218048096 256
1689088677202 0.17770835757255554 257
1689088677217 0.17698343098163605 258
1689088677231 0.17626257240772247 259
1689088677246 0.17554503679275513 260
1689088677261 0.17483094334602356 261
1689088677273 0.17411991953849792 262
1689088677287 0.173412024974823 263
1689088677303 0.17270688712596893 264
1689088677317 0.1720046103000641 265
1689088677331 0.1713048368692398 266
1689088677345 0.17060783505439758 267
1689088677358 0.16991323232650757 268
1689088677372 0.1692216992378235 269
1689088677387 0.16853269934654236 270
1689088677401 0.16784760355949402 271
1689088677414 0.1671634465456009 272
1689088677427 0.16648247838020325 273
1689088677439 0.16580171883106232 274
1689088677452 0.16512463986873627 275
1689088677467 0.16444967687129974 276
1689088677481 0.16377809643745422 277
1689088677493 0.16310900449752808 278
1689088677506 0.1624428927898407 279
1689088677520 0.1617794632911682 280
1689088677534 0.16111893951892853 281
1689088677547 0.16046109795570374 282
1689088677561 0.1598062962293625 283
1689088677573 0.1591542512178421 284
1689088677586 0.158505380153656 285
1689088677600 0.15785938501358032 286
1689088677614 0.15721681714057922 287
1689088677627 0.156577005982399 288
1689088677639 0.155940979719162 289
1689088677652 0.1553070843219757 290
1689088677669 0.15467694401741028 291
1689088677687 0.15404871106147766 292
1689088677704 0.1534242182970047 293
1689088677720 0.15280210971832275 294
1689088677736 0.1521836817264557 295
1689088677752 0.1515679657459259 296
1689088677767 0.1509557068347931 297
1689088677781 0.1503462940454483 298
1689088677797 0.14974024891853333 299
1689088677812 0.14913704991340637 300
1689088677826 0.1485372930765152 301
1689088677842 0.14794030785560608 302
1689088677857 0.1473468542098999 303
1689088677871 0.14675620198249817 304
1689088677885 0.14616915583610535 305
1689088677902 0.14558464288711548 306
1689088677918 0.14500385522842407 307
1689088677934 0.1444253921508789 308
1689088677948 0.14385059475898743 309
1689088677962 0.14327816665172577 310
1689088677977 0.1427094042301178 311
1689088677992 0.14214324951171875 312
1689088678009 0.14158058166503906 313
1689088678024 0.14102061092853546 314
1689088678041 0.1404641568660736 315
1689088678058 0.13991039991378784 316
1689088678074 0.13936005532741547 317
1689088678087 0.13881251215934753 318
1689088678101 0.1382683515548706 319
1689088678115 0.13772694766521454 320
1689088678129 0.13718900084495544 321
1689088678145 0.13665366172790527 322
1689088678159 0.13612182438373566 323
1689088678173 0.1355924755334854 324
1689088678187 0.13506671786308289 325
1689088678201 0.13454332947731018 326
1689088678214 0.134023517370224 327
1689088678229 0.133506178855896 328
1689088678537 0.13299229741096497 329
1689088678552 0.13248100876808167 330
1689088678567 0.13197311758995056 331
1689088678582 0.13146787881851196 332
1689088678596 0.1309659779071808 333
1689088678612 0.1304667592048645 334
1689088678627 0.12997081875801086 335
1689088678642 0.12947751581668854 336
1689088678655 0.1289876103401184 337
1689088678671 0.12850019335746765 338
1689088678688 0.1280161738395691 339
1689088678704 0.1275346279144287 340
1689088678719 0.12705649435520172 341
1689088678734 0.12658078968524933 342
1689088678748 0.12610845267772675 343
1689088678762 0.12563854455947876 344
1689088678778 0.125171959400177 345
1689088678793 0.124707892537117 346
1689088678808 0.12424708902835846 347
1689088678820 0.12378876656293869 348
1689088678835 0.12333372235298157 349
1689088678850 0.12288117408752441 350
1689088678864 0.12243184447288513 351
1689088678879 0.12198502570390701 352
1689088678894 0.12154144793748856 353
1689088678907 0.12110025435686111 354
1689088678921 0.12066228687763214 355
1689088678935 0.12022672593593597 356
1689088678950 0.11979436874389648 357
1689088678964 0.11936438828706741 358
1689088678979 0.11893756687641144 359
1689088678994 0.11851311475038528 360
1689088679009 0.11809182167053223 361
1689088679024 0.117672860622406 362
1689088679037 0.11725703626871109 363
1689088679050 0.11684354394674301 364
1689088679065 0.11643317341804504 365
1689088679080 0.11602509021759033 366
1689088679094 0.11562012135982513 367
1689088679110 0.11521746218204498 368
1689088679124 0.11481780558824539 369
1689088679137 0.11442045867443085 370
1689088679153 0.11402616649866104 371
1689088679167 0.11363400518894196 372
1689088679181 0.11324496567249298 373
1689088679196 0.11285808682441711 374
1689088679211 0.112474225461483 375
1689088679227 0.11209246516227722 376
1689088679241 0.11171374469995499 377
1689088679257 0.1113370805978775 378
1689088679318 0.11096348613500595 379
1689088679343 0.11059193313121796 380
1689088679363 0.11022333800792694 381
1689088679380 0.10985682159662247 382
1689088679399 0.10949323326349258 383
1689088679419 0.10913170874118805 384
1689088679436 0.1087731122970581 385
1689088679455 0.10841645300388336 386
1689088679476 0.10806270688772202 387
1689088679495 0.10771096497774124 388
1689088679516 0.1073620393872261 389
1689088679535 0.10701514780521393 390
1689088679552 0.10667101293802261 391
1689088679571 0.10632884502410889 392
1689088679592 0.1059894859790802 393
1689088679611 0.10565202683210373 394
1689088679630 0.1053173691034317 395
1689088679647 0.10498455911874771 396
1689088679663 0.10465455055236816 397
1689088679678 0.10432640463113785 398
1689088679694 0.10400096327066422 399
1689088679709 0.10367732495069504 400
1689088679725 0.10335644334554672 401
1689088679739 0.10303732752799988 402
1689088679756 0.10272093862295151 403
1689088679778 0.10240626335144043 404
1689088679799 0.10209425538778305 405
1689088679818 0.10178397595882416 406
1689088679837 0.1014762818813324 407
1689088679856 0.10117033123970032 408
1689088679880 0.10086692869663239 409
1689088679898 0.10056520998477936 410
1689088679920 0.10026601701974869 411
1689088679942 0.09996843338012695 412
1689088679960 0.09967339038848877 413
1689088679977 0.09937991946935654 414
1689088679994 0.09908892214298248 415
1689088680015 0.09879938513040543 416
1689088680035 0.09851228445768356 417
1689088680052 0.0982266440987587 418
1689088680070 0.09794332832098007 419
1689088680088 0.09766142815351486 420
1689088680108 0.09738180041313171 421
1689088680127 0.09710348397493362 422
1689088680143 0.09682734310626984 423
1689088680158 0.09655237197875977 424
1689088680175 0.09627950191497803 425
1689088680189 0.09600770473480225 426
1689088680208 0.09573782980442047 427
1689088680224 0.09546888619661331 428
1689088680245 0.09520167112350464 429
1689088680264 0.09493514895439148 430
1689088680287 0.09467018395662308 431
1689088680308 0.09440569579601288 432
1689088680325 0.09414245188236237 433
1689088680344 0.09387943148612976 434
1689088680361 0.09361742436885834 435
1689088680378 0.09335535764694214 436
1689088680397 0.093094103038311 437
1689088680417 0.09283263236284256 438
1689088680435 0.09257180988788605 439
1689088680454 0.09231068938970566 440
1689088680471 0.09205023944377899 441
1689088680489 0.09178952127695084 442
1689088680506 0.09152951091527939 443
1689088680522 0.09126926213502884 444
1689088680536 0.09100988507270813 445
1689088680551 0.0907503291964531 446
1689088680566 0.09049177169799805 447
1689088680580 0.09023313224315643 448
1689088680594 0.08997557312250137 449
1689088680606 0.08971802145242691 450
1689088680619 0.08946163207292557 451
1689088680632 0.08920536190271378 452
1689088680646 0.0889502689242363 453
1689088680660 0.08869540691375732 454
1689088680672 0.08844179660081863 455
1689088680685 0.08818841725587845 456
1689088680699 0.08793637156486511 457
1689088680712 0.08768460154533386 458
1689088680727 0.08743420988321304 459
1689088680740 0.0871841311454773 460
1689088680752 0.08693549782037735 461
1689088680766 0.08668719232082367 462
1689088680781 0.08644033223390579 463
1689088680795 0.08619385212659836 464
1689088680809 0.08594886213541031 465
1689088680821 0.0857042744755745 466
1689088680834 0.08546118438243866 467
1689088680848 0.08521854877471924 468
1689088680863 0.0849774181842804 469
1689088680876 0.08473677188158035 470
1689088680889 0.08449763059616089 471
1689088680903 0.08425898849964142 472
1689088680918 0.0840219184756279 473
1689088680932 0.08378531038761139 474
1689088680945 0.08355031907558441 475
1689088680958 0.08331581950187683 476
1689088680970 0.0830829069018364 477
1689088680985 0.08285056799650192 478
1689088681000 0.0826198160648346 479
1689088681014 0.08238962292671204 480
1689088681029 0.08216102421283722 481
1689088681043 0.08193301409482956 482
1689088681057 0.08170664310455322 483
1689088681072 0.08148084580898285 484
1689088681087 0.0812566876411438 485
1689088681101 0.08103311061859131 486
1689088681116 0.08081124722957611 487
1689088681132 0.08058995008468628 488
1689088681149 0.08037034422159195 489
1689088681574 0.08015134185552597 490
1689088681588 0.07993404567241669 491
1689088681601 0.07971736788749695 492
1689088681615 0.0795024037361145 493
1689088681628 0.0792880654335022 494
1689088681642 0.07907547056674957 495
1689088681657 0.07886351644992828 496
1689088681671 0.0786532610654831 497
1689088681685 0.07844369113445282 498
1689088681700 0.07823587954044342 499
