1689088673161 0.7815968990325928 0
1689088673187 0.7623958587646484 1
1689088673201 0.7487808465957642 2
1689088673215 0.737547755241394 3
1689088673228 0.7276910543441772 4
1689088673240 0.7187466621398926 5
1689088673253 0.710457444190979 6
1689088673286 0.7067258358001709 7
1689088673300 0.7041795253753662 8
1689088673313 0.7017402052879333 9
1689088673326 0.6993888020515442 10
1689088673340 0.6971108317375183 11
1689088673354 0.6948951482772827 12
1689088673367 0.6927329301834106 13
1689088673380 0.6906169056892395 14
1689088673394 0.6885413527488708 15
1689088673406 0.6865014433860779 16
1689088673421 0.6844929456710815 17
1689088673446 0.6825125217437744 18
1689088673513 0.6805573105812073 19
1689088673527 0.67862468957901 20
1689088673539 0.6767125725746155 21
1689088673553 0.6748189926147461 22
1689088673566 0.6729424595832825 23
1689088673580 0.6710814833641052 24
1689088673594 0.6692347526550293 25
1689088673606 0.6674011945724487 26
1689088673619 0.6655799150466919 27
1689088673634 0.6637700796127319 28
1689088673648 0.6619706153869629 29
1689088673661 0.6601811647415161 30
1689088673674 0.6584010124206543 31
1689088673687 0.6566295027732849 32
1689088673700 0.6548664569854736 33
1689088673713 0.6531110405921936 34
1689088673726 0.6513630747795105 35
1689088673738 0.6496222019195557 36
1689088673752 0.6478880047798157 37
1689088673765 0.646160364151001 38
1689088673779 0.6444388628005981 39
1689088673792 0.6427233219146729 40
1689088673804 0.6410135626792908 41
1689088673817 0.6393093466758728 42
1689088673830 0.6376104354858398 43
1689088673845 0.6359167098999023 44
1689088673858 0.6342282295227051 45
1689088673871 0.6325445175170898 46
1689088673885 0.6308656334877014 47
1689088673898 0.629191517829895 48
1689088673912 0.627521812915802 49
1689088673924 0.6258566975593567 50
1689088673937 0.6241960525512695 51
1689088673952 0.6225395202636719 52
1689088674046 0.6208873987197876 53
1689088674060 0.619239330291748 54
1689088674072 0.6175953149795532 55
1689088674085 0.6159553527832031 56
1689088674099 0.614319384098053 57
1689088674112 0.6126872301101685 58
1689088674125 0.6110588908195496 59
1689088674138 0.6094343066215515 60
1689088674151 0.6078134179115295 61
1689088674166 0.6061962246894836 62
1689088674183 0.6045824885368347 63
1689088674198 0.6029723882675171 64
1689088674213 0.6013656258583069 65
1689088674228 0.5997623205184937 66
1689088674240 0.5981622934341431 67
1689088674254 0.5965656042098999 68
1689088674268 0.5949721336364746 69
1689088674282 0.5933817625045776 70
1689088674295 0.591794490814209 71
1689088674307 0.5902100801467896 72
1689088674320 0.5886287689208984 73
1689088674334 0.587050199508667 74
1689088674347 0.5854744911193848 75
1689088674360 0.5839014053344727 76
1689088674372 0.5823309421539307 77
1689088674386 0.5807631015777588 78
1689088674399 0.5791976451873779 79
1689088674413 0.5776345729827881 80
1689088674427 0.5760737657546997 81
1689088674440 0.5745152235031128 82
1689088674455 0.5729587078094482 83
1689088674470 0.5714043378829956 84
1689088674486 0.5698518753051758 85
1689088674501 0.5683012008666992 86
1689088674513 0.5667524337768555 87
1689088674527 0.565205454826355 88
1689088674539 0.5636600852012634 89
1689088674553 0.5621163845062256 90
1689088674566 0.5605741739273071 91
1689088674580 0.5590335130691528 92
1689088674594 0.5574944019317627 93
1689088674605 0.5559567809104919 94
1689088674619 0.554420530796051 95
1689088674633 0.5528858304023743 96
1689088674646 0.5513525009155273 97
1689088674659 0.5498206615447998 98
1689088674673 0.5482903718948364 99
1689088674685 0.5467615127563477 100
1689088674699 0.5452342629432678 101
1689088674713 0.5437086224555969 102
1689088674728 0.542184591293335 103
1689088674745 0.5406622886657715 104
1689088674904 0.5391417741775513 105
1689088674918 0.5376230478286743 106
1689088674931 0.5361061692237854 107
1689088674946 0.5345911979675293 108
1689088674959 0.5330783128738403 109
1689088674973 0.531567394733429 110
1689088674985 0.5300585031509399 111
1689088674999 0.5285516977310181 112
1689088675012 0.5270471572875977 113
1689088675025 0.5255447626113892 114
1689088675038 0.5240445137023926 115
1689088675052 0.5225465297698975 116
1689088675066 0.521050751209259 117
1689088675079 0.5195572972297668 118
1689088675093 0.5180660486221313 119
1689088675105 0.5165769457817078 120
1689088675118 0.5150901079177856 121
1689088675132 0.5136054754257202 122
1689088675145 0.5121230483055115 123
1689088675157 0.5106426477432251 124
1689088675170 0.5091644525527954 125
1689088675183 0.5076882839202881 126
1689088675196 0.5062142610549927 127
1689088675211 0.5047421455383301 128
1689088675223 0.5032720565795898 129
1689088675236 0.5018039345741272 130
1689088675252 0.5003377199172974 131
1689088675266 0.49887335300445557 132
1689088675281 0.49741092324256897 133
1689088675296 0.49595028162002563 134
1689088675310 0.4944915175437927 135
1689088675325 0.49303463101387024 136
1689088675343 0.4915795922279358 137
1689088675355 0.49012643098831177 138
1689088675369 0.48867517709732056 139
1689088675383 0.48722589015960693 140
1689088675396 0.4857786297798157 141
1689088675409 0.48433345556259155 142
1689088675422 0.48289036750793457 143
1689088675436 0.48144954442977905 144
1689088675450 0.4800109267234802 145
1689088675464 0.4785747528076172 146
1689088675478 0.47714096307754517 147
1689088675489 0.4757096469402313 148
1689088675503 0.4742809534072876 149
1689088675515 0.4728548526763916 150
1689088675528 0.4714314937591553 151
1689088675541 0.4700108766555786 152
1689088675553 0.4685930907726288 153
1689088675568 0.46717822551727295 154
1689088675581 0.4657662510871887 155
1689088675595 0.46435728669166565 156
1689088675608 0.46295127272605896 157
1689088675620 0.461548388004303 158
1689088675634 0.46014857292175293 159
1689088675647 0.4587518572807312 160
1689088675661 0.45735830068588257 161
1689088675673 0.45596790313720703 162
1689088675686 0.45458075404167175 163
1689088675700 0.45319676399230957 164
1689088675714 0.45181602239608765 165
1689088675727 0.45043858885765076 166
1689088675739 0.44906437397003174 167
1689088675752 0.44769349694252014 168
1689088675764 0.44632595777511597 169
1689088675780 0.44496166706085205 170
1689088675795 0.44360077381134033 171
1689088675811 0.44224321842193604 172
1689088675825 0.44088900089263916 173
1689088675839 0.43953824043273926 174
1689088675853 0.438190758228302 175
1689088675867 0.4368467330932617 176
1689088675881 0.43550604581832886 177
1689088675894 0.43416881561279297 178
1689088675906 0.4328349828720093 179
1689088675920 0.4315045475959778 180
1689088675935 0.43017762899398804 181
1689088675949 0.4288540780544281 182
1689088675962 0.42753398418426514 183
1689088675977 0.42621731758117676 184
1689088675989 0.42490410804748535 185
1689088676003 0.42359429597854614 186
1689088676017 0.42228806018829346 187
1689088676030 0.42098522186279297 188
1689088676043 0.41968584060668945 189
1689088676055 0.4183899462223053 190
1689088676068 0.4170975089073181 191
1689088676081 0.4158085584640503 192
1689088676095 0.41452306509017944 193
1689088676107 0.41324105858802795 194
1689088676119 0.4119625687599182 195
1689088676132 0.41068750619888306 196
1689088676161 0.40941593050956726 197
1689088676187 0.4081478714942932 198
1689088676412 0.40688323974609375 199
1689088676431 0.40562209486961365 200
1689088676444 0.40436452627182007 201
1689088676456 0.4031103253364563 202
1689088676469 0.40185967087745667 203
1689088676484 0.4006125330924988 204
1689088676497 0.39936888217926025 205
1689088676511 0.3981286585330963 206
1689088676522 0.3968919515609741 207
1689088676537 0.3956587612628937 208
1689088676550 0.394429087638855 209
1689088676563 0.3932027816772461 210
1689088676576 0.39198005199432373 211
1689088676588 0.39076077938079834 212
1689088676602 0.3895450234413147 213
1689088676615 0.388332724571228 214
1689088676628 0.38712388277053833 215
1689088676640 0.3859185576438904 216
1689088676654 0.3847167193889618 217
1689088676667 0.3835183382034302 218
1689088676681 0.38232341408729553 219
1689088676695 0.381132036447525 220
1689088676709 0.3799440860748291 221
1689088676721 0.37875962257385254 222
1689088676734 0.37757861614227295 223
1689088676748 0.37640106678009033 224
1689088676762 0.3752269744873047 225
1689088676777 0.374056339263916 226
1689088676790 0.3728891611099243 227
1689088676804 0.3717254400253296 228
1689088676818 0.37056511640548706 229
1689088676831 0.3694082498550415 230
1689088676845 0.3682548701763153 231
1689088676857 0.3671048581600189 232
1689088676870 0.3659582734107971 233
1689088676884 0.3648150563240051 234
1689088676897 0.36367523670196533 235
1689088676910 0.36253881454467773 236
1689088676924 0.36140573024749756 237
1689088676936 0.3602760434150696 238
1689088676950 0.35914963483810425 239
1689088676963 0.35802656412124634 240
1689088676975 0.35690680146217346 241
1689088676989 0.35579025745391846 242
1689088677001 0.3546769917011261 243
1689088677015 0.35356688499450684 244
1689088677029 0.35246002674102783 245
1689088677042 0.35135626792907715 246
1689088677055 0.3502555787563324 247
1689088677070 0.34915798902511597 248
1689088677084 0.34806323051452637 249
1689088677099 0.3469719886779785 250
1689088677115 0.34588193893432617 251
1689088677130 0.34479907155036926 252
1689088677145 0.3437078595161438 253
1689088677159 0.3426460921764374 254
1689088677172 0.3415544629096985 255
1689088677186 0.34049192070961 256
1689088677202 0.3394128978252411 257
1689088677217 0.338347852230072 258
1689088677231 0.33727607131004333 259
1689088677246 0.33621200919151306 260
1689088677261 0.33514416217803955 261
1689088677273 0.33408182859420776 262
1689088677287 0.33301615715026855 263
1689088677303 0.33195534348487854 264
1689088677317 0.3308902382850647 265
1689088677331 0.32983070611953735 266
1689088677345 0.32876455783843994 267
1689088677358 0.3277069330215454 268
1689088677372 0.3266375660896301 269
1689088677387 0.3255842328071594 270
1689088677401 0.3245092034339905 271
1689088677414 0.32346370816230774 272
1689088677427 0.3223840594291687 273
1689088677439 0.3213420510292053 274
1689088677452 0.3202652335166931 275
1689088677467 0.3192185163497925 276
1689088677481 0.3181470036506653 277
1689088677493 0.3170959949493408 278
1689088677506 0.31602805852890015 279
1689088677520 0.31497523188591003 280
1689088677534 0.3139094114303589 281
1689088677547 0.3128565549850464 282
1689088677561 0.3117918372154236 283
1689088677573 0.31074059009552 284
1689088677586 0.3096761703491211 285
1689088677600 0.3086281418800354 286
1689088677614 0.30756306648254395 287
1689088677627 0.30652010440826416 288
1689088677639 0.30545347929000854 289
1689088677652 0.30441686511039734 290
1689088677669 0.3033497631549835 291
1689088677687 0.30231717228889465 292
1689088677704 0.30125293135643005 293
1689088677720 0.30022045969963074 294
1689088677736 0.299160897731781 295
1689088677752 0.2981276512145996 296
1689088677767 0.29707229137420654 297
1689088677781 0.29603931307792664 298
1689088677797 0.2949869632720947 299
1689088677812 0.29395565390586853 300
1689088677826 0.292905330657959 301
1689088677842 0.29187697172164917 302
1689088677857 0.2908276319503784 303
1689088677871 0.28980371356010437 304
1689088677885 0.2887547016143799 305
1689088677902 0.28773602843284607 306
1689088677918 0.28668755292892456 307
1689088677934 0.2856735587120056 308
1689088677948 0.28462693095207214 309
1689088677962 0.28361576795578003 310
1689088677977 0.28257256746292114 311
1689088677992 0.28156280517578125 312
1689088678009 0.28052347898483276 313
1689088678024 0.2795149087905884 314
1689088678041 0.27847903966903687 315
1689088678058 0.27747249603271484 316
1689088678074 0.27643927931785583 317
1689088678087 0.27543580532073975 318
1689088678101 0.2744044065475464 319
1689088678115 0.2734050750732422 320
1689088678129 0.2723749876022339 321
1689088678145 0.2722395658493042 322
1689088678159 0.27062085270881653 323
1689088678173 0.27158209681510925 324
1689088678187 0.269935667514801 325
1689088678201 0.2708921432495117 326
1689088678214 0.2692853808403015 327
1689088678229 0.2701861262321472 328
1689088678537 0.2686496675014496 329
1689088678552 0.2694866359233856 330
1689088678567 0.26800739765167236 331
1689088678582 0.26880666613578796 332
1689088678596 0.2673474848270416 333
1689088678612 0.26814794540405273 334
1689088678627 0.26666855812072754 335
1689088678642 0.26750367879867554 336
1689088678655 0.2659773528575897 337
1689088678671 0.26686179637908936 338
1689088678688 0.2652865946292877 339
1689088678704 0.26620909571647644 340
1689088678719 0.2646092176437378 341
1689088678734 0.2655397057533264 342
1689088678748 0.2639485001564026 343
1689088678762 0.2648584842681885 344
1689088678778 0.2632972002029419 345
1689088678793 0.26417604088783264 346
1689088678808 0.2626441717147827 347
1689088678820 0.26350095868110657 348
1689088678835 0.26198121905326843 349
1689088678850 0.26283594965934753 350
1689088678864 0.26130592823028564 351
1689088678879 0.2621780037879944 352
1689088678894 0.2606211006641388 353
1689088678907 0.2615203559398651 354
1689088678921 0.2599329352378845 355
1689088678935 0.2608557641506195 356
1689088678950 0.25924789905548096 357
1689088678964 0.2601802349090576 358
1689088678979 0.25856834650039673 359
1689088678994 0.25949519872665405 360
1689088679009 0.25789108872413635 361
1689088679024 0.25880569219589233 362
1689088679037 0.2572106719017029 363
1689088679050 0.25811630487442017 364
1689088679065 0.25652241706848145 365
1689088679080 0.2574288845062256 366
1689088679094 0.255824476480484 367
1689088679110 0.25674203038215637 368
1689088679124 0.2551184296607971 369
1689088679137 0.25605201721191406 370
1689088679153 0.2544078826904297 371
1689088679167 0.25535500049591064 372
1689088679181 0.2536963224411011 373
1689088679196 0.2546493709087372 374
1689088679211 0.25298550724983215 375
1689088679227 0.2539360821247101 376
1689088679241 0.25227442383766174 377
1689088679257 0.25321829319000244 378
1689088679318 0.25156092643737793 379
1689088679343 0.2524991035461426 380
1689088679363 0.2508430778980255 381
1689088679380 0.25178012251853943 382
1689088679399 0.25012072920799255 383
1689088679419 0.25106117129325867 384
1689088679436 0.2500000298023224 385
1689088679455 0.25034087896347046 386
1689088679476 0.25 387
1689088679495 0.25 388
1689088679516 0.2499999701976776 389
1689088679535 0.2500000298023224 390
1689088679552 0.2499999850988388 391
1689088679571 0.25 392
1689088679592 0.25 393
1689088679611 0.25 394
1689088679630 0.25 395
1689088679647 0.2499999850988388 396
1689088679663 0.25 397
1689088679678 0.2500000298023224 398
1689088679694 0.25 399
1689088679709 0.2499999701976776 400
1689088679725 0.2499999850988388 401
1689088679739 0.2499999850988388 402
1689088679756 0.25 403
1689088679778 0.25 404
1689088679799 0.25 405
1689088679818 0.2500000298023224 406
1689088679837 0.25 407
1689088679856 0.2500000298023224 408
1689088679880 0.2499999850988388 409
1689088679898 0.25 410
1689088679920 0.2499999850988388 411
1689088679942 0.2499999701976776 412
1689088679960 0.2499999701976776 413
1689088679977 0.25 414
1689088679994 0.2500000596046448 415
1689088680015 0.2500000298023224 416
1689088680035 0.25 417
1689088680052 0.25 418
1689088680070 0.2499999701976776 419
1689088680088 0.2499999701976776 420
1689088680108 0.2499999850988388 421
1689088680127 0.2500000298023224 422
1689088680143 0.25 423
1689088680158 0.25 424
1689088680175 0.2499999701976776 425
1689088680189 0.25 426
1689088680208 0.2499999850988388 427
1689088680224 0.2500000298023224 428
1689088680245 0.25 429
1689088680264 0.2499999850988388 430
1689088680287 0.2499999850988388 431
1689088680308 0.2500000298023224 432
1689088680325 0.2499999850988388 433
1689088680344 0.25 434
1689088680361 0.25 435
1689088680378 0.25 436
1689088680397 0.2499999850988388 437
1689088680417 0.2500000298023224 438
1689088680435 0.25 439
1689088680454 0.2499999850988388 440
1689088680471 0.2499999701976776 441
1689088680489 0.25 442
1689088680506 0.25 443
1689088680522 0.25 444
1689088680536 0.25 445
1689088680551 0.2499999701976776 446
1689088680566 0.25 447
1689088680580 0.2499999850988388 448
1689088680594 0.25 449
1689088680606 0.2499999850988388 450
1689088680619 0.25 451
1689088680632 0.25 452
1689088680646 0.2499999701976776 453
1689088680660 0.25 454
1689088680672 0.25 455
1689088680685 0.25 456
1689088680699 0.25 457
1689088680712 0.2499999850988388 458
1689088680727 0.25 459
1689088680740 0.25 460
1689088680752 0.2500000298023224 461
1689088680766 0.25 462
1689088680781 0.25 463
1689088680795 0.25 464
1689088680809 0.25 465
1689088680821 0.2499999850988388 466
1689088680834 0.25 467
1689088680848 0.25 468
1689088680863 0.25 469
1689088680876 0.25 470
1689088680889 0.25 471
1689088680903 0.25 472
1689088680918 0.2500000298023224 473
1689088680932 0.2499999701976776 474
1689088680945 0.25 475
1689088680958 0.25 476
1689088680970 0.2499999701976776 477
1689088680985 0.25 478
1689088681000 0.25 479
1689088681014 0.25 480
1689088681029 0.25 481
1689088681043 0.2499999701976776 482
1689088681057 0.25 483
1689088681072 0.2500000298023224 484
1689088681087 0.25 485
1689088681101 0.2499999701976776 486
1689088681116 0.2500000298023224 487
1689088681132 0.25 488
1689088681149 0.25 489
1689088681574 0.25 490
1689088681588 0.25 491
1689088681601 0.2499999701976776 492
1689088681615 0.25 493
1689088681628 0.2499999701976776 494
1689088681642 0.25 495
1689088681657 0.25 496
1689088681671 0.25 497
1689088681685 0.2499999701976776 498
1689088681700 0.25 499
