1689602160342 76.7051773071289 0
1689602160580 3.087482452392578 1
1689602160798 2.114771604537964 2
1689602161010 1.783246636390686 3
1689602161278 1.6515170335769653 4
1689602161506 1.7823182344436646 5
1689602161727 1.7517962455749512 6
1689602161950 2.560112953186035 7
1689602162238 1.8398120403289795 8
1689602162465 1.7381205558776855 9
1689602162689 4.5302886962890625 10
1689602162885 3.1804425716400146 11
1689602163110 8.816205978393555 12
1689602163321 2.4569828510284424 13
1689602163536 2.084050178527832 14
1689602163756 2.6759963035583496 15
1689602163974 4.022336006164551 16
1689602164204 4.487346172332764 17
1689602164432 6.9904656410217285 18
1689602164639 2.438582181930542 19
1689602164872 1.7068886756896973 20
1689602165085 5.107577800750732 21
1689602165316 1.8334426879882812 22
1689602165548 1.8290951251983643 23
1689602165791 1.9425930976867676 24
1689602166010 2.495298147201538 25
1689602166232 1.8586509227752686 26
1689602166451 2.2377545833587646 27
1689602166673 7.053873062133789 28
1689602166891 2.050084114074707 29
1689602167097 2.177156686782837 30
1689602167325 1.667401671409607 31
1689602167563 2.198279619216919 32
1689602167763 4.035521030426025 33
1689602167994 2.3619794845581055 34
1689602168207 3.7312042713165283 35
1689602168422 3.270890712738037 36
1689602168653 6.455289840698242 37
1689602168876 6.0700201988220215 38
1689602169096 1.9622575044631958 39
1689602169309 1.724932312965393 40
1689602169532 2.1024324893951416 41
1689602169780 2.4416935443878174 42
1689602169981 1.8668135404586792 43
1689602170214 1.5894832611083984 44
1689602170437 1.6858521699905396 45
1689602170640 1.5695501565933228 46
1689602170866 1.75496244430542 47
1689602171095 1.6173031330108643 48
1689602171312 2.379671812057495 49
1689602171523 1.9151939153671265 50
1689602171728 2.143094062805176 51
1689602171952 2.269001007080078 52
1689602172184 1.571015477180481 53
1689602172402 1.8779375553131104 54
1689602172621 1.6917206048965454 55
1689602172854 1.652500033378601 56
