1689602160342 5.267056465148926 0
1689602160580 1.445011019706726 1
1689602160798 1.1863436698913574 2
1689602161010 1.1082181930541992 3
1689602161278 1.08118736743927 4
1689602161506 1.1156426668167114 5
1689602161727 1.0843133926391602 6
1689602161950 1.2818793058395386 7
1689602162238 1.1397736072540283 8
1689602162465 1.0975185632705688 9
1689602162689 1.6211885213851929 10
1689602162885 1.3803688287734985 11
1689602163110 2.2574753761291504 12
1689602163321 1.254686713218689 13
1689602163536 1.1964744329452515 14
1689602163756 1.2846426963806152 15
1689602163974 1.5808509588241577 16
1689602164204 1.6639982461929321 17
1689602164432 1.9181694984436035 18
1689602164639 1.2317790985107422 19
1689602164872 1.10490083694458 20
1689602165085 1.7437994480133057 21
1689602165316 1.1234110593795776 22
1689602165548 1.1269862651824951 23
1689602165791 1.1594536304473877 24
1689602166010 1.3023560047149658 25
1689602166232 1.1343189477920532 26
1689602166451 1.2183115482330322 27
1689602166673 1.9395421743392944 28
1689602166891 1.1671921014785767 29
1689602167097 1.20982027053833 30
1689602167325 1.0831549167633057 31
1689602167563 1.2076659202575684 32
1689602167763 1.534911870956421 33
1689602167994 1.2531394958496094 34
1689602168207 1.4970113039016724 35
1689602168422 1.436673879623413 36
1689602168653 1.9511959552764893 37
1689602168876 1.8914012908935547 38
1689602169096 1.1554077863693237 39
1689602169309 1.0778716802597046 40
1689602169532 1.182212233543396 41
1689602169780 1.2822966575622559 42
1689602169981 1.1331099271774292 43
1689602170214 1.0741260051727295 44
1689602170437 1.0861542224884033 45
1689602170640 1.0567095279693604 46
1689602170866 1.1362160444259644 47
1689602171095 1.0718313455581665 48
1689602171312 1.2224938869476318 49
1689602171523 1.1489967107772827 50
1689602171728 1.1966136693954468 51
1689602171952 1.2281633615493774 52
1689602172184 1.0697051286697388 53
1689602172402 1.121534824371338 54
1689602172621 1.0841175317764282 55
1689602172854 1.074880599975586 56
