1689602289755 1.6293076276779175 0
1689602289972 1.3502039909362793 1
1689602290182 1.3683371543884277 2
1689602290405 1.4001001119613647 3
1689602290616 1.385353684425354 4
1689602290842 1.4178194999694824 5
1689602291072 1.58126699924469 6
1689602291300 1.4164482355117798 7
1689602291542 1.4357199668884277 8
1689602291759 1.4487415552139282 9
1689602291995 1.4382351636886597 10
1689602292210 1.381675124168396 11
1689602292419 1.4657386541366577 12
1689602292644 1.4474668502807617 13
1689602292874 1.4329079389572144 14
1689602293089 1.4473798274993896 15
1689602293307 1.4012162685394287 16
1689602293511 1.4043703079223633 17
1689602293728 1.4760133028030396 18
1689602293933 1.3898125886917114 19
1689602294147 1.4036005735397339 20
1689602294395 1.4305990934371948 21
1689602294653 1.4014278650283813 22
1689602294888 1.3821935653686523 23
1689602295106 1.4474354982376099 24
1689602295331 1.5020651817321777 25
1689602295546 1.363646149635315 26
1689602295778 1.3737367391586304 27
1689602296001 1.378919243812561 28
1689602296235 1.4200161695480347 29
1689602296475 1.4552744626998901 30
1689602296727 1.4181729555130005 31
1689602296965 1.3601622581481934 32
1689602297216 1.423736810684204 33
1689602297442 1.3922125101089478 34
1689602297686 1.362115740776062 35
