1689602289755 1.0982086658477783 0
1689602289972 1.002614974975586 1
1689602290182 0.9968231320381165 2
1689602290405 1.0246676206588745 3
1689602290616 1.0125160217285156 4
1689602290842 1.0259639024734497 5
1689602291072 1.0648812055587769 6
1689602291300 1.020291805267334 7
1689602291542 1.0332896709442139 8
1689602291759 1.0377564430236816 9
1689602291995 1.0190534591674805 10
1689602292210 1.0198354721069336 11
1689602292419 1.0295803546905518 12
1689602292644 1.0323203802108765 13
1689602292874 1.024186611175537 14
1689602293089 1.032354712486267 15
1689602293307 1.0194343328475952 16
1689602293511 1.0191937685012817 17
1689602293728 1.040539264678955 18
1689602293933 1.012394905090332 19
1689602294147 1.0240460634231567 20
1689602294395 1.0187445878982544 21
1689602294653 1.015404224395752 22
1689602294888 1.0175830125808716 23
1689602295106 1.0307573080062866 24
1689602295331 1.0472437143325806 25
1689602295546 1.001415491104126 26
1689602295778 1.013664960861206 27
1689602296001 1.004550576210022 28
1689602296235 1.0273847579956055 29
1689602296475 1.0347506999969482 30
1689602296727 1.0195584297180176 31
1689602296965 1.0089035034179688 32
1689602297216 1.0114002227783203 33
1689602297442 1.0194376707077026 34
1689602297686 1.0105336904525757 35
