1689084333871 0.11550194770097733 0
1689084333898 0.11225375533103943 1
1689084333912 0.11068098992109299 2
1689084333926 0.1096314787864685 3
1689084333939 0.10879740864038467 4
1689084333954 0.10806542634963989 5
1689084333966 0.10739254951477051 6
1689084333998 0.10676156729459763 7
1689084334011 0.10616457462310791 8
1689084334025 0.10559669137001038 9
1689084334038 0.10505467653274536 10
1689084334050 0.10453595966100693 11
1689084334065 0.10403837263584137 12
1689084334078 0.1035602018237114 13
1689084334090 0.10309996455907822 14
1689084334102 0.10265633463859558 15
1689084334115 0.10222811996936798 16
1689084334129 0.10181427747011185 17
1689084334143 0.10141384601593018 18
1689084334190 0.10102592408657074 19
1689084334204 0.10064972937107086 20
1689084334216 0.10028443485498428 21
1689084334229 0.09992925822734833 22
1689084334243 0.09958349168300629 23
1689084334256 0.09924635291099548 24
1689084334268 0.09891720116138458 25
1689084334283 0.09859532117843628 26
1689084334297 0.09828013181686401 27
1689084334309 0.09797103703022003 28
1689084334352 0.09766771644353867 29
1689084334371 0.09736956655979156 30
1689084334385 0.0970764085650444 31
1689084334399 0.09678800404071808 32
1689084334413 0.09650400280952454 33
1689084334426 0.09622444212436676 34
1689084334440 0.09594911336898804 35
1689084334452 0.095677949488163 36
1689084334465 0.09541082382202148 37
1689084334478 0.09514766931533813 38
1689084334492 0.0948883593082428 39
1689084334556 0.09463287889957428 40
1689084334570 0.09438113123178482 41
1689084334583 0.09413294494152069 42
1689084334596 0.09388817101716995 43
1689084334609 0.09364676475524902 44
1689084334622 0.09340862184762955 45
1689084334634 0.0931735634803772 46
1689084334648 0.09294141083955765 47
1689084334661 0.09271202236413956 48
1689084334675 0.09248536825180054 49
1689084334688 0.09226115047931671 50
1689084334699 0.09203928709030151 51
1689084334713 0.0918196439743042 52
1689084334726 0.09160211682319641 53
1689084334740 0.09138654172420502 54
1689084334754 0.09117286652326584 55
1689084334766 0.09096099436283112 56
1689084334780 0.09075085818767548 57
1689084334794 0.09054241329431534 58
1689084334807 0.09033560752868652 59
1689084334821 0.09013046324253082 60
1689084334833 0.08992694318294525 61
1689084334848 0.08972499519586563 62
1689084334863 0.08952465653419495 63
1689084334875 0.08932597935199738 64
1689084334890 0.08912888169288635 65
1689084334903 0.08893345296382904 66
1689084334916 0.08873965591192245 67
1689084334929 0.08854752779006958 68
1689084334943 0.08835703134536743 69
1689084334957 0.08816824853420258 70
1689084334969 0.08798110485076904 71
1689084334983 0.08779557049274445 72
1689084334996 0.08761178702116013 73
1689084335099 0.08742964267730713 74
1689084335112 0.08724910020828247 75
1689084335126 0.08707024902105331 76
1689084335138 0.08689305186271667 77
1689084335150 0.08671745657920837 78
1689084335165 0.08654344081878662 79
1689084335179 0.08637106418609619 80
1689084335191 0.08620026707649231 81
1689084335204 0.08603101968765259 82
1689084335216 0.08586333692073822 83
1689084335230 0.08569719642400742 84
1689084335243 0.0855325311422348 85
1689084335256 0.08536949008703232 86
1689084335269 0.08520908653736115 87
1689084335282 0.08505687117576599 88
1689084335296 0.08492077887058258 89
1689084335309 0.08475144952535629 90
1689084335323 0.08458738029003143 91
1689084335342 0.08442970365285873 92
1689084335363 0.0842757299542427 93
1689084335396 0.08412379026412964 94
1689084335426 0.08397312462329865 95
1689084335449 0.08382377028465271 96
1689084335467 0.08367551118135452 97
1689084335482 0.08352832496166229 98
1689084335497 0.08338224142789841 99
1689084335511 0.08323732018470764 100
1689084335525 0.08309359103441238 101
1689084335540 0.08295132219791412 102
1689084335552 0.08281107991933823 103
1689084335569 0.08267323672771454 104
1689084335586 0.08253826200962067 105
1689084335599 0.08240188658237457 106
1689084335612 0.08226385712623596 107
1689084335626 0.08212447166442871 108
1689084335639 0.08198630809783936 109
1689084335651 0.08184987306594849 110
1689084335665 0.08171485364437103 111
1689084335677 0.08158127218484879 112
1689084335692 0.08144873380661011 113
1689084335705 0.08131735771894455 114
1689084335717 0.0811869353055954 115
1689084335731 0.08105775713920593 116
1689084335744 0.08092975616455078 117
1689084335757 0.0808030366897583 118
1689084335772 0.080677330493927 119
1689084335783 0.08055231720209122 120
1689084335798 0.08042719215154648 121
1689084335812 0.08030199259519577 122
1689084335825 0.08017658442258835 123
1689084335839 0.0800519734621048 124
1689084335851 0.07992789149284363 125
1689084335866 0.07980502396821976 126
1689084335990 0.07968295365571976 127
1689084336004 0.0795619860291481 128
1689084336016 0.07944180071353912 129
1689084336029 0.0793227106332779 130
1689084336043 0.07920433580875397 131
1689084336057 0.0790870189666748 132
1689084336069 0.07897023111581802 133
1689084336083 0.0788542628288269 134
1689084336096 0.07873845100402832 135
1689084336109 0.07862329483032227 136
1689084336124 0.07850805670022964 137
1689084336137 0.07839353382587433 138
1689084336150 0.07827924937009811 139
1689084336164 0.0781659409403801 140
1689084336178 0.07805297523736954 141
1689084336191 0.07794111222028732 142
1689084336203 0.0778297632932663 143
1689084336216 0.07771937549114227 144
1689084336230 0.07760947942733765 145
1689084336242 0.07750057429075241 146
1689084336255 0.07739201188087463 147
1689084336267 0.07728438079357147 148
1689084336281 0.07717685401439667 149
1689084336294 0.07707016170024872 150
1689084336308 0.07696354389190674 151
1689084336320 0.07685770839452744 152
1689084336332 0.07675199210643768 153
1689084336346 0.07664717733860016 154
1689084336361 0.07654258608818054 155
1689084336377 0.07643894851207733 156
1689084336393 0.0763356164097786 157
1689084336409 0.07623326033353806 158
1689084336424 0.0761311799287796 159
1689084336437 0.07603005319833755 160
1689084336452 0.07592916488647461 161
1689084336465 0.07582919299602509 162
1689084336479 0.0757293552160263 163
1689084336492 0.07563035935163498 164
1689084336505 0.0755314752459526 165
1689084336517 0.0754333883523941 166
1689084336530 0.07533542811870575 167
1689084336543 0.07523828744888306 168
1689084336557 0.07514134049415588 169
1689084336569 0.07504525780677795 170
1689084336582 0.07494937628507614 171
1689084336595 0.07485443353652954 172
1689084336608 0.07475962489843369 173
1689084336622 0.07466572523117065 174
1689084336634 0.07457202672958374 175
1689084336648 0.0744791254401207 176
1689084336662 0.07438645511865616 177
1689084336674 0.07429447025060654 178
1689084336688 0.07420267909765244 179
1689084336700 0.074111707508564 180
1689084336715 0.07402079552412033 181
1689084336729 0.07393072545528412 182
1689084336742 0.07384070754051208 183
1689084336755 0.0737515538930893 184
1689084336767 0.07366255670785904 185
1689084336780 0.07357434183359146 186
1689084336794 0.07348635792732239 187
1689084336806 0.07339908182621002 188
1689084336818 0.07331202179193497 189
1689084336831 0.0732257217168808 190
1689084336845 0.07313954830169678 191
1689084336859 0.07305409014225006 192
1689084336873 0.07296881079673767 193
1689084336886 0.0728842094540596 194
1689084336901 0.07279978692531586 195
1689084336915 0.07271604239940643 196
1689084336931 0.07263240963220596 197
1689084336945 0.0725494921207428 198
1689084336960 0.07246676832437515 199
1689084337123 0.07238467037677765 200
1689084337135 0.07230281084775925 201
1689084337148 0.07222156971693039 202
1689084337160 0.07214052975177765 203
1689084337174 0.07206009328365326 204
1689084337188 0.07197988033294678 205
1689084337200 0.07190027832984924 206
1689084337214 0.07182081043720245 207
1689084337236 0.07174191623926163 208
1689084337272 0.0716632753610611 209
1689084337292 0.07158510386943817 210
1689084337306 0.07150720059871674 211
1689084337319 0.07142980396747589 212
1689084337332 0.07135258615016937 213
1689084337347 0.07127593457698822 214
1689084337361 0.0711994618177414 215
1689084337376 0.07112352550029755 216
1689084337390 0.07104777544736862 217
1689084337402 0.07097257673740387 218
1689084337414 0.07089745998382568 219
1689084337430 0.07082290947437286 220
1689084337443 0.07074850797653198 221
1689084337456 0.07067464292049408 222
1689084337470 0.07060085237026215 223
1689084337485 0.07052759826183319 224
1689084337499 0.0704544335603714 225
1689084337514 0.0703817754983902 226
1689084337528 0.07030926644802094 227
1689084337541 0.07023721933364868 228
1689084337556 0.07016527652740479 229
1689084337571 0.0700937956571579 230
1689084337586 0.07002247869968414 231
1689084337599 0.06995156407356262 232
1689084337614 0.06988075375556946 233
1689084337627 0.06981037557125092 234
1689084337640 0.06974008679389954 235
1689084337652 0.06967027485370636 236
1689084337665 0.06960046291351318 237
1689084337678 0.06953111290931702 238
1689084337692 0.06946182250976562 239
1689084337705 0.06939292699098587 240
1689084337719 0.06932409852743149 241
1689084337731 0.06925570964813232 242
1689084337745 0.06918730586767197 243
1689084337758 0.06911930441856384 244
1689084337771 0.0690513551235199 245
1689084337783 0.06898374855518341 246
1689084337798 0.06891622394323349 247
1689084337812 0.06884901225566864 248
1689084337824 0.06878185272216797 249
1689084337837 0.06871502846479416 250
1689084337849 0.06864826381206512 251
1689084337863 0.06858175992965698 252
1689084337877 0.0685153603553772 253
1689084337890 0.0684492439031601 254
1689084337902 0.06838320195674896 255
1689084337915 0.06831739097833633 256
1689084337928 0.06825169920921326 257
1689084337941 0.06818622350692749 258
1689084337955 0.06812089681625366 259
1689084337967 0.06805571913719177 260
1689084337980 0.0679907575249672 261
1689084337997 0.06792593002319336 262
1689084338013 0.06786129623651505 263
1689084338029 0.06779676675796509 264
1689084338044 0.06773251295089722 265
1689084338058 0.06766832619905472 266
1689084338073 0.0676044151186943 267
1689084338085 0.06754058599472046 268
1689084338099 0.06747705489397049 269
1689084338112 0.06741359829902649 270
1689084338124 0.06735043972730637 271
1689084338139 0.0672873705625534 272
1689084338151 0.0672246590256691 273
1689084338164 0.06716189533472061 274
1689084338177 0.06709958612918854 275
1689084338190 0.06703729927539825 276
1689084338203 0.0669754147529602 277
1689084338216 0.06691354513168335 278
1689084338230 0.06685212254524231 279
1689084338243 0.06679072976112366 280
1689084338256 0.06672976911067963 281
1689084338268 0.06666881591081619 282
1689084338281 0.06660834699869156 283
1689084338297 0.06654791533946991 284
1689084338310 0.06648799031972885 285
1689084338324 0.06642808020114899 286
1689084338336 0.06636868417263031 287
1689084338350 0.06630931794643402 288
1689084338363 0.06625048816204071 289
1689084338378 0.06619168817996979 290
1689084338392 0.06613343954086304 291
1689084338406 0.06607523560523987 292
1689084338419 0.06601761281490326 293
1689084338432 0.06595999747514725 294
1689084338657 0.06590299308300018 295
1689084338673 0.06584606319665909 296
1689084338687 0.06578968465328217 297
1689084338700 0.06573344767093658 298
1689084338713 0.06567777693271637 299
1689084338728 0.06562213599681854 300
1689084338741 0.06556721031665802 301
1689084338756 0.0655122846364975 302
1689084338771 0.06545807421207428 303
1689084338786 0.06540392339229584 304
1689084338799 0.06535043567419052 305
1689084338813 0.06529702991247177 306
1689084338826 0.06524431705474854 307
1689084338841 0.06519168615341187 308
1689084338855 0.06513980031013489 309
1689084338867 0.06508795917034149 310
1689084338880 0.06503686308860779 311
1689084338894 0.06498584896326065 312
1689084338908 0.0649355798959732 313
1689084338922 0.0648854523897171 314
1689084338934 0.0648360326886177 315
1689084338949 0.06478673219680786 316
1689084338963 0.0647381991147995 317
1689084338978 0.06468977779150009 318
1689084338991 0.06464214622974396 319
1689084339006 0.06459465622901917 320
1689084339020 0.06454795598983765 321
1689084339032 0.06450137495994568 322
1689084339047 0.06445563584566116 323
1689084339061 0.064410001039505 324
1689084339074 0.06436516344547272 325
1689084339089 0.06432054936885834 326
1689084339101 0.06427668780088425 327
1689084339115 0.06423304975032806 328
1689084339129 0.06419016420841217 329
1689084339143 0.06414751708507538 330
1689084339158 0.06410565972328186 331
1689084339172 0.06406404078006744 332
1689084339183 0.0640232264995575 333
1689084339198 0.06398261338472366 334
1689084339214 0.06394285708665848 335
1689084339227 0.0639033243060112 336
1689084339243 0.06386458873748779 337
1689084339257 0.06382616609334946 338
1689084339272 0.0637885183095932 339
1689084339285 0.06375116109848022 340
1689084339297 0.06371461600065231 341
1689084339312 0.06367835402488708 342
1689084339325 0.06364290416240692 343
1689084339340 0.06360777467489243 344
1689084339354 0.063573457300663 345
1689084339366 0.06353940069675446 346
1689084339379 0.06350624561309814 347
1689084339394 0.06347335129976273 348
1689084339408 0.06344132125377655 349
1689084339422 0.06340961158275604 350
1689084339434 0.0633786991238594 351
1689084339449 0.06334815919399261 352
1689084339467 0.06331843137741089 353
1689084339484 0.06328903138637543 354
1689084339500 0.06326046586036682 355
1689084339515 0.06323225796222687 356
1689084339532 0.06320483982563019 357
1689084339548 0.06317785382270813 358
1689084339562 0.06315164268016815 359
1689084339577 0.06312580406665802 360
1689084339593 0.06310077011585236 361
1689084339610 0.06307616084814072 362
1689084339625 0.06305228918790817 363
1689084339639 0.06302885711193085 364
1689084339651 0.063006192445755 365
1689084339664 0.0629839301109314 366
1689084339676 0.06296244263648987 367
1689084339691 0.06294140964746475 368
1689084339707 0.06292109191417694 369
1689084339723 0.06290121376514435 370
1689084339737 0.06288208067417145 371
1689084339749 0.06286337971687317 372
1689084339764 0.062845379114151 373
1689084339778 0.06282787024974823 374
1689084339793 0.06281104683876038 375
1689084339808 0.06279466301202774 376
1689084339822 0.06277896463871002 377
1689084339835 0.06276373565196991 378
1689084339848 0.06274916231632233 379
1689084339863 0.06273503601551056 380
1689084339876 0.06272155046463013 381
1689084339891 0.06270856410264969 382
1689084339906 0.06269613653421402 383
1689084339920 0.06268420070409775 384
1689084339970 0.06267285346984863 385
1689084339989 0.06266195327043533 386
1689084340006 0.0626516342163086 387
1689084340023 0.06264171004295349 388
1689084340038 0.06263236701488495 389
1689084340051 0.06262345612049103 390
1689084340065 0.06261508166790009 391
1689084340081 0.06260709464550018 392
1689084340096 0.0625995621085167 393
1689084340110 0.06259249150753021 394
1689084340124 0.06258583068847656 395
1689084340138 0.06257958710193634 396
1689084340151 0.06257373839616776 397
1689084340164 0.062568299472332 398
1689084340177 0.06256318837404251 399
1689084340192 0.06255847960710526 400
1689084340207 0.06255410611629486 401
1689084340220 0.06255007535219193 402
1689084340232 0.06254631280899048 403
1689084340248 0.06254294514656067 404
1689084340263 0.06253978610038757 405
1689084340276 0.06253696233034134 406
1689084340290 0.06253433227539062 407
1689084340304 0.0625319704413414 408
1689084340316 0.0625298023223877 409
1689084340330 0.06252789497375488 410
1689084340345 0.0625261515378952 411
1689084340358 0.06252462416887283 412
1689084340373 0.06252320110797882 413
1689084340389 0.06252198666334152 414
1689084340402 0.06252089142799377 415
1689084340415 0.06251996755599976 416
1689084340430 0.06251908838748932 417
1689084340444 0.0625184029340744 418
1689084340459 0.0625176876783371 419
1689084340473 0.06251717358827591 420
1689084340485 0.06251661479473114 421
1689084340498 0.06251625716686249 422
1689084340815 0.06251585483551025 423
1689084340832 0.06251560151576996 424
1689084340847 0.0625152587890625 425
1689084340861 0.06251507252454758 426
1689084340875 0.06251481175422668 427
1689084340890 0.06251469254493713 428
1689084340904 0.062514528632164 429
1689084340918 0.06251443922519684 430
1689084340933 0.06251426041126251 431
1689084340948 0.0625142753124237 432
1689084340963 0.06251411139965057 433
1689084340976 0.06251414865255356 434
1689084340990 0.06251400709152222 435
1689084341003 0.06251402199268341 436
1689084341015 0.06251392513513565 437
1689084341029 0.06251396238803864 438
1689084341043 0.06251385807991028 439
1689084341058 0.06251393258571625 440
1689084341071 0.0625138133764267 441
1689084341083 0.06251387298107147 442
1689084341097 0.06251377612352371 443
1689084341111 0.06251384317874908 444
1689084341125 0.06251378357410431 445
1689084341140 0.06251384317874908 446
1689084341153 0.0625137984752655 447
1689084341166 0.06251383572816849 448
1689084341180 0.06251375377178192 449
1689084341194 0.0625138133764267 450
1689084341208 0.06251370906829834 451
1689084341221 0.06251383572816849 452
1689084341236 0.06251375377178192 453
1689084341249 0.0625138133764267 454
1689084341264 0.06251374632120132 455
1689084341280 0.0625137984752655 456
1689084341295 0.06251372396945953 457
1689084341308 0.0625138059258461 458
1689084341322 0.06251372396945953 459
1689084341337 0.0625137984752655 460
1689084341350 0.06251372396945953 461
1689084341363 0.0625138133764267 462
1689084341381 0.06251369416713715 463
1689084341396 0.06251378357410431 464
1689084341414 0.06251372396945953 465
1689084341430 0.0625138133764267 466
1689084341446 0.06251371651887894 467
1689084341460 0.06251377612352371 468
1689084341474 0.06251372396945953 469
1689084341489 0.0625138133764267 470
1689084341506 0.06251372396945953 471
1689084341522 0.0625137984752655 472
1689084341536 0.06251375377178192 473
1689084341550 0.0625137984752655 474
1689084341565 0.06251372396945953 475
1689084341580 0.0625137984752655 476
1689084341596 0.06251373887062073 477
1689084341611 0.06251378357410431 478
1689084341626 0.06251372396945953 479
1689084341641 0.0625137910246849 480
1689084341657 0.06251374632120132 481
1689084341672 0.06251378357410431 482
1689084341687 0.06251374632120132 483
1689084341704 0.0625137984752655 484
1689084341718 0.06251372396945953 485
1689084341732 0.06251378357410431 486
1689084341748 0.06251372396945953 487
1689084341762 0.0625138133764267 488
1689084341776 0.06251372396945953 489
1689084341791 0.0625137984752655 490
1689084341805 0.06251372396945953 491
1689084341818 0.0625137984752655 492
1689084341833 0.06251373142004013 493
1689084341848 0.0625137984752655 494
1689084341862 0.06251373142004013 495
1689084341875 0.06251378357410431 496
1689084341890 0.06251370906829834 497
1689084341903 0.06251376867294312 498
1689084341915 0.06251372396945953 499
