1689084333871 0.25 0
1689084333898 0.2548517882823944 1
1689084333912 0.25677400827407837 2
1689084333926 0.2572154998779297 3
1689084333939 0.25668999552726746 4
1689084333954 0.25556135177612305 5
1689084333966 0.25409770011901855 6
1689084333998 0.25246912240982056 7
1689084334011 0.2507709264755249 8
1689084334025 0.2499999850988388 9
1689084334038 0.25 10
1689084334050 0.2500000298023224 11
1689084334065 0.25 12
1689084334078 0.2499999701976776 13
1689084334090 0.2499999850988388 14
1689084334102 0.25 15
1689084334115 0.2500000298023224 16
1689084334129 0.2500000298023224 17
1689084334143 0.2500000298023224 18
1689084334190 0.25 19
1689084334204 0.25 20
1689084334216 0.25 21
1689084334229 0.2499999701976776 22
1689084334243 0.25 23
1689084334256 0.25 24
1689084334268 0.25 25
1689084334283 0.25 26
1689084334297 0.25 27
1689084334309 0.24999994039535522 28
1689084334352 0.2500000298023224 29
1689084334371 0.2499999850988388 30
1689084334385 0.25 31
1689084334399 0.2500000596046448 32
1689084334413 0.25 33
1689084334426 0.25 34
1689084334440 0.25 35
1689084334452 0.25 36
1689084334465 0.25 37
1689084334478 0.25 38
1689084334492 0.2499999701976776 39
1689084334556 0.2499999701976776 40
1689084334570 0.2500000298023224 41
1689084334583 0.2500000298023224 42
1689084334596 0.25 43
1689084334609 0.2499999701976776 44
1689084334622 0.25 45
1689084334634 0.2500000298023224 46
1689084334648 0.25 47
1689084334661 0.24999994039535522 48
1689084334675 0.25 49
1689084334688 0.25 50
1689084334699 0.25 51
1689084334713 0.2499999850988388 52
1689084334726 0.25 53
1689084334740 0.2499999701976776 54
1689084334754 0.2499999850988388 55
1689084334766 0.2499999850988388 56
1689084334780 0.2499999701976776 57
1689084334794 0.2499999701976776 58
1689084334807 0.2499999701976776 59
1689084334821 0.25 60
1689084334833 0.2500000298023224 61
1689084334848 0.25 62
1689084334863 0.2499999701976776 63
1689084334875 0.25 64
1689084334890 0.2499999701976776 65
1689084334903 0.2499999701976776 66
1689084334916 0.2499999701976776 67
1689084334929 0.25 68
1689084334943 0.2499999701976776 69
1689084334957 0.2500000298023224 70
1689084334969 0.2500000298023224 71
1689084334983 0.2499999701976776 72
1689084334996 0.25 73
1689084335099 0.2500000298023224 74
1689084335112 0.25 75
1689084335126 0.25 76
1689084335138 0.2500000298023224 77
1689084335150 0.25 78
1689084335165 0.2499999701976776 79
1689084335179 0.25 80
1689084335191 0.25 81
1689084335204 0.2499999701976776 82
1689084335216 0.2499999850988388 83
1689084335230 0.25 84
1689084335243 0.25 85
1689084335256 0.2499999850988388 86
1689084335269 0.2500000298023224 87
1689084335282 0.25 88
1689084335296 0.2500000596046448 89
1689084335309 0.2499999850988388 90
1689084335323 0.25 91
1689084335342 0.2500000298023224 92
1689084335363 0.2500000298023224 93
1689084335396 0.2500000596046448 94
1689084335426 0.24999994039535522 95
1689084335449 0.2499999850988388 96
1689084335467 0.25 97
1689084335482 0.2499999701976776 98
1689084335497 0.2499999850988388 99
1689084335511 0.25 100
1689084335525 0.25 101
1689084335540 0.2499999850988388 102
1689084335552 0.2499999850988388 103
1689084335569 0.25 104
1689084335586 0.25 105
1689084335599 0.25 106
1689084335612 0.2499999850988388 107
1689084335626 0.2499999701976776 108
1689084335639 0.2499999701976776 109
1689084335651 0.25 110
1689084335665 0.2499999850988388 111
1689084335677 0.2499999850988388 112
1689084335692 0.2499999701976776 113
1689084335705 0.2500000298023224 114
1689084335717 0.2499999701976776 115
1689084335731 0.2499999701976776 116
1689084335744 0.25 117
1689084335757 0.25 118
1689084335772 0.2499999850988388 119
1689084335783 0.2499999850988388 120
1689084335798 0.2500000298023224 121
1689084335812 0.2499999701976776 122
1689084335825 0.2499999701976776 123
1689084335839 0.2500000298023224 124
1689084335851 0.25 125
1689084335866 0.2499999850988388 126
1689084335990 0.25 127
1689084336004 0.2499999850988388 128
1689084336016 0.25 129
1689084336029 0.25 130
1689084336043 0.2500000298023224 131
1689084336057 0.25 132
1689084336069 0.2500000298023224 133
1689084336083 0.24999995529651642 134
1689084336096 0.25 135
1689084336109 0.25 136
1689084336124 0.25 137
1689084336137 0.2499999701976776 138
1689084336150 0.2499999850988388 139
1689084336164 0.2500000298023224 140
1689084336178 0.2499999701976776 141
1689084336191 0.25 142
1689084336203 0.2500000596046448 143
1689084336216 0.25 144
1689084336230 0.25 145
1689084336242 0.2499999850988388 146
1689084336255 0.25 147
1689084336267 0.25 148
1689084336281 0.2499999850988388 149
1689084336294 0.2499999701976776 150
1689084336308 0.25 151
1689084336320 0.2499999850988388 152
1689084336332 0.2499999701976776 153
1689084336346 0.25 154
1689084336361 0.2499999850988388 155
1689084336377 0.2499999850988388 156
1689084336393 0.25 157
1689084336409 0.2500000298023224 158
1689084336424 0.25 159
1689084336437 0.25 160
1689084336452 0.2499999701976776 161
1689084336465 0.2500000298023224 162
1689084336479 0.25 163
1689084336492 0.25 164
1689084336505 0.2500000298023224 165
1689084336517 0.25 166
1689084336530 0.25 167
1689084336543 0.25 168
1689084336557 0.25 169
1689084336569 0.25 170
1689084336582 0.25 171
1689084336595 0.2500000596046448 172
1689084336608 0.2500000298023224 173
1689084336622 0.25 174
1689084336634 0.2500000596046448 175
1689084336648 0.2499999850988388 176
1689084336662 0.2500000596046448 177
1689084336674 0.24999994039535522 178
1689084336688 0.24999995529651642 179
1689084336700 0.25 180
1689084336715 0.2499999701976776 181
1689084336729 0.2500000298023224 182
1689084336742 0.24999994039535522 183
1689084336755 0.2499999850988388 184
1689084336767 0.2499999701976776 185
1689084336780 0.24999995529651642 186
1689084336794 0.2500000298023224 187
1689084336806 0.2499999850988388 188
1689084336818 0.25 189
1689084336831 0.2500000298023224 190
1689084336845 0.25 191
1689084336859 0.25 192
1689084336873 0.25 193
1689084336886 0.2499999850988388 194
1689084336901 0.25 195
1689084336915 0.2500000596046448 196
1689084336931 0.2499999701976776 197
1689084336945 0.2499999850988388 198
1689084336960 0.25 199
1689084337123 0.25 200
1689084337135 0.25 201
1689084337148 0.25 202
1689084337160 0.25 203
1689084337174 0.2499999701976776 204
1689084337188 0.2499999850988388 205
1689084337200 0.2500000298023224 206
1689084337214 0.25 207
1689084337236 0.24999995529651642 208
1689084337272 0.25 209
1689084337292 0.24999995529651642 210
1689084337306 0.2500000298023224 211
1689084337319 0.25 212
1689084337332 0.25 213
1689084337347 0.25 214
1689084337361 0.25 215
1689084337376 0.25 216
1689084337390 0.25 217
1689084337402 0.2500000596046448 218
1689084337414 0.2499999701976776 219
1689084337430 0.2499999850988388 220
1689084337443 0.2499999850988388 221
1689084337456 0.2500000596046448 222
1689084337470 0.25 223
1689084337485 0.2500000298023224 224
1689084337499 0.25 225
1689084337514 0.25 226
1689084337528 0.25 227
1689084337541 0.2500000298023224 228
1689084337556 0.25 229
1689084337571 0.2499999850988388 230
1689084337586 0.2500000298023224 231
1689084337599 0.2500000298023224 232
1689084337614 0.25 233
1689084337627 0.25 234
1689084337640 0.24999995529651642 235
1689084337652 0.25 236
1689084337665 0.2499999850988388 237
1689084337678 0.25 238
1689084337692 0.2499999701976776 239
1689084337705 0.25 240
1689084337719 0.2499999701976776 241
1689084337731 0.2500000596046448 242
1689084337745 0.25 243
1689084337758 0.2500000298023224 244
1689084337771 0.25 245
1689084337783 0.2499999850988388 246
1689084337798 0.2500000298023224 247
1689084337812 0.25 248
1689084337824 0.2499999850988388 249
1689084337837 0.2500000298023224 250
1689084337849 0.25 251
1689084337863 0.2499999701976776 252
1689084337877 0.2499999701976776 253
1689084337890 0.2500000298023224 254
1689084337902 0.25 255
1689084337915 0.25 256
1689084337928 0.25 257
1689084337941 0.25 258
1689084337955 0.25 259
1689084337967 0.2499999850988388 260
1689084337980 0.25 261
1689084337997 0.25 262
1689084338013 0.25 263
1689084338029 0.2499999701976776 264
1689084338044 0.2500000298023224 265
1689084338058 0.24999995529651642 266
1689084338073 0.2499999701976776 267
1689084338085 0.24999995529651642 268
1689084338099 0.2499999850988388 269
1689084338112 0.2499999850988388 270
1689084338124 0.2499999701976776 271
1689084338139 0.2500000298023224 272
1689084338151 0.2500000596046448 273
1689084338164 0.24999995529651642 274
1689084338177 0.2499999850988388 275
1689084338190 0.25 276
1689084338203 0.25 277
1689084338216 0.2499999850988388 278
1689084338230 0.25 279
1689084338243 0.2500000298023224 280
1689084338256 0.25 281
1689084338268 0.2499999850988388 282
1689084338281 0.24999995529651642 283
1689084338297 0.2499999701976776 284
1689084338310 0.2499999850988388 285
1689084338324 0.2500000298023224 286
1689084338336 0.25 287
1689084338350 0.2500000298023224 288
1689084338363 0.25 289
1689084338378 0.2500000298023224 290
1689084338392 0.25 291
1689084338406 0.2500000298023224 292
1689084338419 0.2500000298023224 293
1689084338432 0.25 294
1689084338657 0.2499999850988388 295
1689084338673 0.2500000298023224 296
1689084338687 0.24999995529651642 297
1689084338700 0.2500000596046448 298
1689084338713 0.2500000298023224 299
1689084338728 0.24999995529651642 300
1689084338741 0.25 301
1689084338756 0.2499999701976776 302
1689084338771 0.2499999701976776 303
1689084338786 0.25 304
1689084338799 0.25 305
1689084338813 0.25 306
1689084338826 0.2499999850988388 307
1689084338841 0.2499999701976776 308
1689084338855 0.2500000596046448 309
1689084338867 0.25 310
1689084338880 0.25 311
1689084338894 0.2499999850988388 312
1689084338908 0.2499999850988388 313
1689084338922 0.2500000298023224 314
1689084338934 0.25 315
1689084338949 0.2499999850988388 316
1689084338963 0.25 317
1689084338978 0.24999994039535522 318
1689084338991 0.2499999701976776 319
1689084339006 0.24999995529651642 320
1689084339020 0.25 321
1689084339032 0.2499999701976776 322
1689084339047 0.2500000596046448 323
1689084339061 0.25 324
1689084339074 0.25 325
1689084339089 0.2500000596046448 326
1689084339101 0.2500000298023224 327
1689084339115 0.2500000596046448 328
1689084339129 0.25 329
1689084339143 0.25 330
1689084339158 0.25 331
1689084339172 0.25 332
1689084339183 0.25 333
1689084339198 0.2499999701976776 334
1689084339214 0.25 335
1689084339227 0.25 336
1689084339243 0.2499999701976776 337
1689084339257 0.25 338
1689084339272 0.25 339
1689084339285 0.25 340
1689084339297 0.25 341
1689084339312 0.25 342
1689084339325 0.2499999850988388 343
1689084339340 0.25 344
1689084339354 0.2500000298023224 345
1689084339366 0.24999994039535522 346
1689084339379 0.25 347
1689084339394 0.24999995529651642 348
1689084339408 0.2499999850988388 349
1689084339422 0.25 350
1689084339434 0.25 351
1689084339449 0.25 352
1689084339467 0.25 353
1689084339484 0.25 354
1689084339500 0.25 355
1689084339515 0.25 356
1689084339532 0.2499999701976776 357
1689084339548 0.25 358
1689084339562 0.2500000298023224 359
1689084339577 0.25 360
1689084339593 0.25 361
1689084339610 0.2500000596046448 362
1689084339625 0.25 363
1689084339639 0.2500000298023224 364
1689084339651 0.2500000298023224 365
1689084339664 0.25 366
1689084339676 0.25 367
1689084339691 0.2500000596046448 368
1689084339707 0.2500000298023224 369
1689084339723 0.25 370
1689084339737 0.2500000298023224 371
1689084339749 0.25 372
1689084339764 0.2499999701976776 373
1689084339778 0.25 374
1689084339793 0.25 375
1689084339808 0.25 376
1689084339822 0.25 377
1689084339835 0.25 378
1689084339848 0.25 379
1689084339863 0.2499999701976776 380
1689084339876 0.24999994039535522 381
1689084339891 0.25 382
1689084339906 0.2499999701976776 383
1689084339920 0.2499999701976776 384
1689084339970 0.2499999850988388 385
1689084339989 0.2499999701976776 386
1689084340006 0.25 387
1689084340023 0.24999995529651642 388
1689084340038 0.2499999701976776 389
1689084340051 0.2499999701976776 390
1689084340065 0.2500000596046448 391
1689084340081 0.25 392
1689084340096 0.2499999850988388 393
1689084340110 0.25 394
1689084340124 0.25 395
1689084340138 0.2499999701976776 396
1689084340151 0.25 397
1689084340164 0.25 398
1689084340177 0.2499999701976776 399
1689084340192 0.24999994039535522 400
1689084340207 0.2499999850988388 401
1689084340220 0.2499999701976776 402
1689084340232 0.24999994039535522 403
1689084340248 0.2499999850988388 404
1689084340263 0.25 405
1689084340276 0.2500000596046448 406
1689084340290 0.2500000596046448 407
1689084340304 0.25 408
1689084340316 0.25 409
1689084340330 0.2499999701976776 410
1689084340345 0.2500000596046448 411
1689084340358 0.25 412
1689084340373 0.25 413
1689084340389 0.24999994039535522 414
1689084340402 0.2500000596046448 415
1689084340415 0.25 416
1689084340430 0.2500000298023224 417
1689084340444 0.2500000298023224 418
1689084340459 0.25 419
1689084340473 0.25 420
1689084340485 0.2499999701976776 421
1689084340498 0.25 422
1689084340815 0.2500000298023224 423
1689084340832 0.2500000298023224 424
1689084340847 0.25 425
1689084340861 0.2499999850988388 426
1689084340875 0.2499999701976776 427
1689084340890 0.24999995529651642 428
1689084340904 0.2500000298023224 429
1689084340918 0.2499999701976776 430
1689084340933 0.24999995529651642 431
1689084340948 0.25 432
1689084340963 0.2499999701976776 433
1689084340976 0.2500000298023224 434
1689084340990 0.25 435
1689084341003 0.2499999850988388 436
1689084341015 0.25 437
1689084341029 0.25 438
1689084341043 0.25 439
1689084341058 0.2500000596046448 440
1689084341071 0.2499999850988388 441
1689084341083 0.2499999850988388 442
1689084341097 0.2499999701976776 443
1689084341111 0.25 444
1689084341125 0.25 445
1689084341140 0.2500000298023224 446
1689084341153 0.2500000596046448 447
1689084341166 0.25 448
1689084341180 0.25 449
1689084341194 0.2499999850988388 450
1689084341208 0.24999991059303284 451
1689084341221 0.2500000596046448 452
1689084341236 0.25 453
1689084341249 0.25 454
1689084341264 0.25 455
1689084341280 0.25 456
1689084341295 0.2499999701976776 457
1689084341308 0.25 458
1689084341322 0.25 459
1689084341337 0.25 460
1689084341350 0.25 461
1689084341363 0.25 462
1689084341381 0.24999991059303284 463
1689084341396 0.2499999701976776 464
1689084341414 0.2499999701976776 465
1689084341430 0.25 466
1689084341446 0.2499999701976776 467
1689084341460 0.24999995529651642 468
1689084341474 0.25 469
1689084341489 0.2500000298023224 470
1689084341506 0.25 471
1689084341522 0.25 472
1689084341536 0.2500000596046448 473
1689084341550 0.25 474
1689084341565 0.2499999701976776 475
1689084341580 0.25 476
1689084341596 0.2500000298023224 477
1689084341611 0.2499999701976776 478
1689084341626 0.2499999850988388 479
1689084341641 0.2499999850988388 480
1689084341657 0.2500000596046448 481
1689084341672 0.2499999701976776 482
1689084341687 0.2500000298023224 483
1689084341704 0.25 484
1689084341718 0.25 485
1689084341732 0.2499999850988388 486
1689084341748 0.25 487
1689084341762 0.2500000298023224 488
1689084341776 0.25 489
1689084341791 0.25 490
1689084341805 0.2499999850988388 491
1689084341818 0.25 492
1689084341833 0.25 493
1689084341848 0.25 494
1689084341862 0.25 495
1689084341875 0.2499999850988388 496
1689084341890 0.2499999850988388 497
1689084341903 0.2499999701976776 498
1689084341915 0.25 499
