1690133761015 0.49800896644592285 0
1690133761079 0.49739205837249756 1
1690133761095 0.4969392418861389 2
1690133761119 0.4965571165084839 3
1690133761148 0.4962156116962433 4
1690133761160 0.49590086936950684 5
1690133761184 0.49560508131980896 6
1690133761200 0.49532341957092285 7
1690133761232 0.49505260586738586 8
1690133761256 0.4947904050350189 9
1690133761280 0.49453502893447876 10
1690133761304 0.4942852854728699 11
1690133761320 0.4940401315689087 12
1690133761344 0.49379873275756836 13
1690133761432 0.4935605823993683 14
1690133761448 0.49332502484321594 15
1690133761473 0.49309173226356506 16
1690133761489 0.49286022782325745 17
1690133761505 0.4926303029060364 18
1690133761529 0.492401659488678 19
1690133761545 0.49217402935028076 20
1690133761561 0.4919472932815552 21
1690133761585 0.4917212724685669 22
1690133761601 0.4914957582950592 23
1690133761617 0.4912707209587097 24
1690133761641 0.4910460114479065 25
1690133761657 0.4908215403556824 26
1690133761681 0.490597128868103 27
1690133761697 0.49037283658981323 28
1690133761713 0.49014854431152344 29
1690133761729 0.4899241626262665 30
1690133761753 0.48969969153404236 31
1690133761770 0.4894750416278839 32
1690133761793 0.4892502427101135 33
1690133761809 0.48902517557144165 34
1690133761825 0.4887998104095459 35
1690133761849 0.48857420682907104 36
1690133761865 0.48834824562072754 37
1690133761881 0.4881219267845154 38
1690133761905 0.48789525032043457 39
1690133761921 0.4876682162284851 40
1690133761937 0.48744070529937744 41
1690133761961 0.4872128367424011 42
1690133761977 0.4869844913482666 43
1690133762001 0.4867557883262634 44
1690133762017 0.4865265488624573 45
1690133762033 0.4862968623638153 46
1690133762057 0.4860667586326599 47
1690133762255 0.48583608865737915 48
1690133762274 0.48560500144958496 49
1690133762290 0.48537343740463257 50
1690133762306 0.4851413071155548 51
1690133762330 0.48490872979164124 52
1690133762354 0.4846756160259247 53
1690133762371 0.4844420254230499 54
1690133762394 0.4842078983783722 55
1690133762418 0.48397326469421387 56
1690133762442 0.48373809456825256 57
1690133762458 0.48350241780281067 58
1690133762482 0.4832662343978882 59
1690133762506 0.48302948474884033 60
1690133762530 0.4827922582626343 61
1690133762546 0.48255446553230286 62
1690133762571 0.48231619596481323 63
1690133762586 0.48207733035087585 64
1690133762610 0.4818379580974579 65
1690133762626 0.4815980792045593 66
1690133762642 0.4813576936721802 67
1690133762666 0.48111674189567566 68
1690133762682 0.48087525367736816 69
1690133762698 0.4806332588195801 70
1690133762722 0.4803906977176666 71
1690133762738 0.4801476299762726 72
1690133762762 0.47990405559539795 73
1690133762778 0.47965991497039795 74
1690133762794 0.47941523790359497 75
1690133762818 0.4791700839996338 76
1690133762842 0.47892433404922485 77
1690133762866 0.4786781072616577 78
1690133762882 0.4784313440322876 79
1690133762898 0.4781840443611145 80
1690133762922 0.4779362082481384 81
1690133762946 0.47768789529800415 82
1690133762970 0.4774389863014221 83
1690133762986 0.4771896004676819 84
1690133763002 0.47693967819213867 85
1690133763026 0.47668924927711487 86
1690133763042 0.4764382541179657 87
1690133763066 0.47618675231933594 88
1690133763082 0.475934773683548 89
1690133763101 0.47568225860595703 90
1690133763123 0.4754292070865631 91
1690133763147 0.4751756489276886 92
1690133763163 0.4749215841293335 93
1690133763179 0.4746669828891754 94
1690133763203 0.47441190481185913 95
1690133763219 0.47415629029273987 96
1690133763244 0.4739001393318176 97
1690133763260 0.4736434817314148 98
1690133763276 0.47338634729385376 99
1690133763300 0.4731287360191345 100
1690133763316 0.4728705585002899 101
1690133763332 0.4726119041442871 102
1690133763356 0.4723527133464813 103
1690133763371 0.4720930755138397 104
1690133763387 0.47183290123939514 105
1690133763411 0.47157222032546997 106
1690133763427 0.4713110327720642 107
1690133763443 0.47104936838150024 108
1690133763467 0.4707872271537781 109
1690133763483 0.4705245792865753 110
1690133763507 0.47026142477989197 111
1690133763813 0.469997763633728 112
1690133763845 0.46973365545272827 113
1690133763861 0.4694690406322479 114
1690133763893 0.469203919172287 115
1690133763917 0.46893832087516785 116
1690133763949 0.4686722755432129 117
1690133763973 0.46840575337409973 118
1690133764005 0.4681386947631836 119
1690133764037 0.46787118911743164 120
1690133764061 0.4676032066345215 121
1690133764085 0.4673347473144531 122
1690133764117 0.4670657813549042 123
1690133764141 0.4667963683605194 124
1690133764173 0.46652647852897644 125
1690133764198 0.46625611186027527 126
1690133764222 0.4659852981567383 127
1690133764246 0.4657140076160431 128
1690133764272 0.4654422998428345 129
1690133764294 0.46517008543014526 130
1690133764326 0.46489739418029785 131
1690133764350 0.4646242558956146 132
1690133764374 0.4643506705760956 133
1690133764390 0.4640766382217407 134
1690133764422 0.46380215883255005 135
1690133764454 0.46352720260620117 136
1690133764486 0.46325182914733887 137
1690133764510 0.46297597885131836 138
1690133764535 0.4626997113227844 139
1690133764559 0.4624229967594147 140
1690133764583 0.4621458351612091 141
1690133764599 0.4618682563304901 142
1690133764615 0.4615902006626129 143
1690133764640 0.4613116979598999 144
1690133764664 0.46103280782699585 145
1690133764680 0.4607534408569336 146
1690133764696 0.4604736864566803 147
1690133764720 0.4601934850215912 148
1690133764736 0.45991289615631104 149
1690133764760 0.45963186025619507 150
1690133764776 0.4593503773212433 151
1690133764792 0.45906850695610046 152
1690133764816 0.4587861895561218 153
1690133764832 0.45850348472595215 154
1690133764848 0.45822039246559143 155
1690133764864 0.4579368531703949 156
1690133764890 0.4576529264450073 157
1690133764907 0.4573686122894287 158
1690133764923 0.4570838510990143 159
1690133764940 0.4567987322807312 160
1690133764962 0.4565131664276123 161
1690133764978 0.45622727274894714 162
1690133764994 0.4559409022331238 163
1690133765018 0.45565420389175415 164
1690133765034 0.4553670883178711 165
1690133765050 0.4550796151161194 166
1690133765066 0.45479175448417664 167
1690133765090 0.45450350642204285 168
1690133765107 0.45421481132507324 169
1690133765123 0.45392584800720215 170
1690133765147 0.45363643765449524 171
1690133765163 0.45334672927856445 172
1690133765179 0.45305660367012024 173
1690133765203 0.452766090631485 174
1690133765219 0.45247524976730347 175
1690133765243 0.4521840512752533 176
1690133765259 0.4518924951553345 177
1690133765283 0.4516005516052246 178
1690133765299 0.4513082802295685 179
1690133765315 0.4510156512260437 180
1690133765331 0.4507226347923279 181
1690133765356 0.4504293203353882 182
1690133765373 0.45013564825057983 183
1690133765390 0.4498416781425476 184
1690133765406 0.44954732060432434 185
1690133765428 0.4492526054382324 186
1690133765444 0.448957622051239 187
1690133765460 0.44866228103637695 188
1690133765484 0.448366641998291 189
1690133765500 0.44807058572769165 190
1690133765516 0.4477742910385132 191
1690133765540 0.44747763872146606 192
1690133765556 0.44718071818351746 193
1690133765581 0.4468834400177002 194
1690133765597 0.44658583402633667 195
1690133765621 0.44628793001174927 196
1690133765640 0.4459897577762604 197
1690133765662 0.4456912875175476 198
1690133765678 0.4453924894332886 199
1690133765694 0.44509339332580566 200
1690133765718 0.4447939991950989 201
1690133765734 0.4444943368434906 202
1690133765750 0.44419437646865845 203
1690133765773 0.44389408826828003 204
1690133765797 0.4435935616493225 205
1690133765814 0.4432927668094635 206
1690133765830 0.4429916739463806 207
1690133765846 0.44269031286239624 208
1690133765871 0.4423886835575104 209
1690133766291 0.44208675622940063 210
1690133766312 0.4417845904827118 211
1690133766328 0.44148215651512146 212
1690133766344 0.44117945432662964 213
1690133766368 0.4408765435218811 214
1690133766384 0.4405733346939087 215
1690133766408 0.4402698576450348 216
1690133766432 0.4399661719799042 217
1690133766448 0.4396621882915497 218
1690133766472 0.4393579959869385 219
1690133766488 0.43905359506607056 220
1690133766504 0.43874895572662354 221
1690133766528 0.43844401836395264 222
1690133766544 0.4381389021873474 223
1690133766568 0.4378335475921631 224
1690133766584 0.43752795457839966 225
1690133766600 0.4372221529483795 226
1690133766624 0.4369161128997803 227
1690133766648 0.4366099238395691 228
1690133766664 0.43630343675613403 229
1690133766680 0.43599680066108704 230
1690133766704 0.43568992614746094 231
1690133766720 0.4353828728199005 232
1690133766744 0.435075581073761 233
1690133766760 0.4347681403160095 234
1690133766784 0.43446046113967896 235
1690133766800 0.43415263295173645 236
1690133766816 0.43384459614753723 237
1690133766840 0.4335363507270813 238
1690133766864 0.4332279562950134 239
1690133766880 0.43291938304901123 240
1690133766904 0.4326106309890747 241
1690133766928 0.43230170011520386 242
1690133766952 0.4319925904273987 243
1690133766976 0.43168333172798157 244
1690133767000 0.4313738942146301 245
1690133767017 0.43106430768966675 246
1690133767049 0.43075454235076904 247
1690133767064 0.4304446578025818 248
1690133767089 0.4301346242427826 249
1690133767113 0.4298244118690491 250
1690133767129 0.4295141100883484 251
1690133767145 0.4292036294937134 252
1690133767169 0.42889297008514404 253
1690133767185 0.42858219146728516 254
1690133767201 0.4282713234424591 255
1690133767217 0.4279603064060211 256
1690133767241 0.4276491701602936 257
1690133767257 0.4273378849029541 258
1690133767281 0.42702651023864746 259
1690133767297 0.42671501636505127 260
1690133767313 0.42640337347984314 261
1690133767337 0.42609164118766785 262
1690133767353 0.4257798194885254 263
1690133767375 0.425467848777771 264
1690133767393 0.4251558184623718 265
1690133767417 0.4248436689376831 266
1690133767433 0.4245314598083496 267
1690133767457 0.42421913146972656 268
1690133767481 0.42390671372413635 269
1690133767497 0.4235941767692566 270
1690133767521 0.42328163981437683 271
1690133767537 0.42296895384788513 272
1690133767553 0.42265623807907104 273
1690133767577 0.4223434031009674 274
1690133767593 0.422030508518219 275
1690133767617 0.4217175543308258 276
1690133767641 0.42140454053878784 277
1690133767665 0.4210914671421051 278
1690133767681 0.4207783341407776 279
1690133767697 0.4204651713371277 280
1690133767721 0.42015188932418823 281
1690133767737 0.41983863711357117 282
1690133767753 0.41952529549598694 283
1690133767777 0.4192119240760803 284
1690133767793 0.4188985228538513 285
1690133767817 0.41858503222465515 286
1690133767833 0.41827157139778137 287
1690133767857 0.4179580509662628 288
1690133767876 0.4176445007324219 289
1690133767889 0.4173309803009033 290
1690133767913 0.41701740026474 291
1690133767929 0.4167037606239319 292
1690133767945 0.41639015078544617 293
1690133767969 0.41607654094696045 294
1690133768001 0.41576290130615234 295
1690133768033 0.41544926166534424 296
1690133768057 0.41513562202453613 297
1690133768082 0.414821982383728 298
1690133768098 0.4145083427429199 299
1690133768122 0.4141947031021118 300
1690133768138 0.4138810932636261 301
1690133768162 0.4135674834251404 302
1690133768178 0.41325390338897705 303
1690133768194 0.4129403233528137 304
1690133768210 0.4126267731189728 305
1690133768234 0.4123132526874542 306
1690133768250 0.41199973225593567 307
1690133768266 0.4116862416267395 308
1690133768282 0.4113728404045105 309
1690133768306 0.4110594391822815 310
1690133768322 0.4107460677623749 311
1690133768338 0.41043275594711304 312
1690133768362 0.4101194739341736 313
1690133768378 0.4098062813282013 314
1690133768394 0.409493088722229 315
1690133768410 0.4091799855232239 316
1690133768434 0.4088669419288635 317
1690133768450 0.40855392813682556 318
1690133768466 0.4082409739494324 319
1690133768482 0.40792810916900635 320
1690133768506 0.4076153039932251 321
1690133768522 0.4073026180267334 322
1690133768538 0.4069899320602417 323
1690133768562 0.40667736530303955 324
1690133768578 0.4063648581504822 325
1690133768594 0.40605247020721436 326
1690133768618 0.4057401418685913 327
1690133768634 0.40542787313461304 328
1690133768658 0.4051157534122467 329
1690133768676 0.40480369329452515 330
1690133768698 0.40449172258377075 331
1690133768714 0.4041799008846283 332
1690133768730 0.4038681387901306 333
1690133768754 0.4035564959049225 334
1690133768779 0.4032449722290039 335
1690133768795 0.4029335379600525 336
1690133768811 0.402622252702713 337
1690133768835 0.4023110270500183 338
1690133768851 0.40199998021125793 339
1690133768867 0.40168899297714233 340
1690133768891 0.40137818455696106 341
1690133768911 0.4010675251483917 342
1690133768923 0.40075692534446716 343
1690133768947 0.4004465341567993 344
1690133768963 0.40013623237609863 345
1690133768987 0.3998260498046875 346
1690133769003 0.3995160460472107 347
1690133769027 0.39920616149902344 348
1690133769043 0.3988964557647705 349
1690133769067 0.39858686923980713 350
1690133769083 0.3982774615287781 351
1690133769099 0.3979681730270386 352
1690133769123 0.3976590633392334 353
1690133769147 0.39735013246536255 354
1690133769163 0.39704135060310364 355
1690133769187 0.39673274755477905 356
1690133769203 0.39642423391342163 357
1690133769227 0.3961159586906433 358
1690133769243 0.3958078622817993 359
1690133769259 0.39549994468688965 360
1690133769283 0.3951921761035919 361
1690133769299 0.3948846161365509 362
1690133769315 0.3945772051811218 363
1690133769339 0.3942699730396271 364
1690133769363 0.3939629793167114 365
1690133769379 0.3936561346054077 366
1690133769395 0.3933495283126831 367
1690133769419 0.39304307103157043 368
1690133769435 0.3927368223667145 369
1690133769451 0.39243078231811523 370
1690133770216 0.3921249508857727 371
1690133770232 0.3918192982673645 372
1690133770256 0.3915138840675354 373
1690133770280 0.3912086486816406 374
1690133770296 0.39090365171432495 375
1690133770320 0.3905988335609436 376
1690133770344 0.39029428362846375 377
1690133770360 0.3899899125099182 378
1690133770378 0.3896857798099518 379
1690133770400 0.38938188552856445 380
1690133770416 0.38907819986343384 381
1690133770432 0.3887747526168823 382
1690133770456 0.3884715437889099 383
1690133770480 0.3881685435771942 384
1690133770497 0.38786575198173523 385
1690133770521 0.3875632584095001 386
1690133770537 0.38726097345352173 387
1690133770561 0.3869589567184448 388
1690133770579 0.38665714859962463 389
1690133770601 0.3863556385040283 390
1690133770625 0.38605430722236633 391
1690133770641 0.3857532739639282 392
1690133770665 0.3854524791240692 393
1690133770681 0.3851519823074341 394
1690133770705 0.38485169410705566 395
1690133770729 0.38455161452293396 396
1690133770745 0.3842518925666809 397
1690133770770 0.38395237922668457 398
1690133770794 0.3836531639099121 399
1690133770810 0.38335418701171875 400
1690133770826 0.38305550813674927 401
1690133770850 0.3827570974826813 402
1690133770866 0.3824589252471924 403
1690133770890 0.38216111063957214 404
1690133770906 0.38186347484588623 405
1690133770922 0.3815661668777466 406
1690133770946 0.3812691569328308 407
1690133770962 0.38097241520881653 408
1690133770979 0.3806759715080261 409
1690133771002 0.3803797662258148 410
1690133771018 0.3800838887691498 411
1690133771042 0.379788339138031 412
1690133771058 0.37949299812316895 413
1690133771080 0.37919801473617554 414
1690133771098 0.378903329372406 415
1690133771114 0.37860891222953796 416
1690133771130 0.3783148229122162 417
1690133771154 0.3780210018157959 418
1690133771170 0.3777275085449219 419
1690133771194 0.3774343430995941 420
1690133771210 0.37714144587516785 421
1690133771234 0.37684887647628784 422
1690133771250 0.3765566349029541 423
1690133771266 0.37626469135284424 424
1690133771290 0.37597307562828064 425
1690133771306 0.3756817579269409 426
1690133771330 0.37539076805114746 427
1690133771346 0.37510010600090027 428
1690133771362 0.37480977177619934 429
1690133771386 0.3745197653770447 430
1690133771402 0.3742300570011139 431
1690133771426 0.37394070625305176 432
1690133771442 0.3736516535282135 433
1690133771458 0.3733629584312439 434
1690133771483 0.37307459115982056 435
1690133771499 0.37278658151626587 436
1690133771515 0.37249886989593506 437
1690133771539 0.3722115159034729 438
1690133771555 0.3719244599342346 439
1690133771571 0.3716377913951874 440
1690133771595 0.3713514804840088 441
1690133771611 0.3710654675960541 442
1690133771635 0.370779812335968 443
1690133771651 0.3704944849014282 444
1690133771675 0.3702095150947571 445
1690133771691 0.369924932718277 446
1690133771715 0.3696407079696655 447
1690133771731 0.36935678124427795 448
1690133771747 0.36907321214675903 449
1690133771771 0.36879006028175354 450
1690133771787 0.3685072064399719 451
1690133771811 0.36822474002838135 452
1690133771827 0.3679426312446594 453
1690133771883 0.36766085028648376 454
1690133771907 0.36737948656082153 455
1690133771931 0.36709845066070557 456
1690133771955 0.36681780219078064 457
1690133771971 0.36653751134872437 458
1690133771987 0.36625757813453674 459
1690133772011 0.36597803235054016 460
1690133772027 0.36569884419441223 461
1690133772043 0.36542001366615295 462
1690133772067 0.3651415705680847 463
1690133772083 0.3648635149002075 464
1690133772099 0.364585816860199 465
1690133772123 0.36430853605270386 466
1690133772139 0.364031583070755 467
1690133772163 0.3637550175189972 468
1690133772180 0.3634788691997528 469
1690133772196 0.3632030487060547 470
1690133772220 0.36292764544487 471
1690133772236 0.36265265941619873 472
1690133772252 0.36237800121307373 473
1690133772268 0.36210376024246216 474
1690133772292 0.36182987689971924 475
1690133772308 0.36155641078948975 476
1690133772324 0.3612833023071289 477
1690133772348 0.3610106110572815 478
1690133772364 0.3607383370399475 479
1690133772381 0.3604664206504822 480
1690133772404 0.3601949214935303 481
1690133772420 0.359923779964447 482
1690133772436 0.3596530854701996 483
1690133772460 0.3593827486038208 484
1690133772476 0.35911285877227783 485
1690133772492 0.3588433265686035 486
1690133772516 0.35857418179512024 487
1690133772532 0.3583054542541504 488
1690133772548 0.35803714394569397 489
1690133772572 0.357769250869751 490
1690133772588 0.35750171542167664 491
1690133772612 0.3572346270084381 492
1690133772628 0.3569679260253906 493
1690133772644 0.3567016124725342 494
1690133772668 0.35643571615219116 495
1690133772684 0.35617026686668396 496
1690133772708 0.3559051752090454 497
1690133772724 0.3556405305862427 498
1690133772740 0.35537630319595337 499
1690133772764 0.3551124632358551 500
1690133772781 0.35484904050827026 501
1690133772796 0.35458603501319885 502
1690133772820 0.35432344675064087 503
1690133772844 0.3540613055229187 504
1690133772860 0.3537995219230652 505
1690133772882 0.3535381853580475 506
1690133772901 0.3532772660255432 507
1690133772917 0.35301676392555237 508
1690133772933 0.35275667905807495 509
1690133772949 0.35249704122543335 510
1690133772973 0.3522377610206604 511
1690133772989 0.35197895765304565 512
1690133773013 0.35172057151794434 513
1690133773029 0.35146257281303406 514
1690133773045 0.351205050945282 515
1690133773069 0.35094791650772095 516
1690133773093 0.35069119930267334 517
1690133773109 0.35043495893478394 518
1690133773133 0.35017910599708557 519
1690133773149 0.34992367029190063 520
1690133773173 0.3496686816215515 521
1690133773189 0.3494141101837158 522
1690133773213 0.34915995597839355 523
1690133773229 0.3489062488079071 524
1690133773245 0.34865298867225647 525
1690133773269 0.3484001159667969 526
1690133773285 0.3481477200984955 527
1690133773301 0.3478957414627075 528
1690133773325 0.347644180059433 529
1690133773341 0.34739309549331665 530
1690133773357 0.34714239835739136 531
1690133773382 0.3468921184539795 532
1690133773397 0.34664231538772583 533
1690133773413 0.3463929295539856 534
1690133773438 0.3461439609527588 535
1690133773461 0.3458954691886902 536
1690133773477 0.3456473648548126 537
1690133773493 0.34539973735809326 538
1690133773517 0.34515252709388733 539
1690133773533 0.3449057638645172 540
1690133773549 0.3446594178676605 541
1690133773573 0.3444135785102844 542
1690133773589 0.344168096780777 543
1690133773605 0.34392306208610535 544
1690133773630 0.3436785042285919 545
1690133773645 0.3434343636035919 546
1690133773661 0.34319067001342773 547
1690133773683 0.34294742345809937 548
1690133773702 0.3427045941352844 549
1690133773718 0.3424622416496277 550
1690133773742 0.342220276594162 551
1690133773758 0.3419787883758545 552
1690133773783 0.3417377471923828 553
1690133773798 0.34149712324142456 554
1690133773814 0.3412569761276245 555
1690133773838 0.3410172462463379 556
1690133773854 0.3407779633998871 557
1690133773878 0.3405391275882721 558
1690133773894 0.3403007686138153 559
1690133773910 0.34006279706954956 560
1690133773934 0.339825302362442 561
1690133773950 0.3395882546901703 562
1690133773966 0.3393515944480896 563
1690133773990 0.3391154408454895 564
1690133774006 0.33887970447540283 565
1690133774030 0.33864444494247437 566
1690133774046 0.3384096026420593 567
1690133774062 0.3381752073764801 568
1690133774086 0.3379412591457367 569
1690133774102 0.3377077579498291 570
1690133774126 0.3374747037887573 571
1690133774150 0.337242066860199 572
1690133774166 0.33700990676879883 573
1690133774183 0.3367782235145569 574
1690133774206 0.33654695749282837 575
1690133774222 0.3363161087036133 576
1690133774238 0.3360857367515564 577
1690133774262 0.3358558118343353 578
1690133774278 0.33562636375427246 579
1690133774302 0.33539730310440063 580
1690133774326 0.335168719291687 581
1690133774350 0.3349405527114868 582
1690133774383 0.3347128629684448 583
1690133774414 0.33448562026023865 584
1690133774430 0.3342588543891907 585
1690133774454 0.33403247594833374 586
1690133774478 0.3338065445423126 587
1690133774495 0.3335810899734497 588
1690133774511 0.3333560824394226 589
1690133774535 0.33313149213790894 590
1690133774551 0.33290740847587585 591
1690133774567 0.3326837420463562 592
1690133774591 0.33246052265167236 593
1690133774607 0.33223772048950195 594
1690133774623 0.33201539516448975 595
1690133774647 0.33179348707199097 596
1690133774663 0.3315720558166504 597
1690133774684 0.331351101398468 598
1690133774703 0.3311305344104767 599
1690133774719 0.33091041445732117 600
1690133774735 0.33069080114364624 601
1690133774751 0.33047157526016235 602
1690133774775 0.33025282621383667 603
1690133774791 0.3300345242023468 604
1690133774815 0.32981663942337036 605
1690133774831 0.3295992314815521 606
1690133774847 0.3293822705745697 607
1690133774871 0.3291657269001007 608
1690133774887 0.3289496600627899 609
1690133774911 0.32873401045799255 610
1690133774927 0.3285188376903534 611
1690133774951 0.32830411195755005 612
1690133774967 0.32808977365493774 613
1690133774984 0.32787594199180603 614
1690133775008 0.32766252756118774 615
1690133775024 0.3274495601654053 616
1690133775040 0.3272370398044586 617
1690133775064 0.3270249664783478 618
1690133775129 0.32681334018707275 619
1690133775162 0.32660216093063354 620
1690133775184 0.32639139890670776 621
1690133775203 0.3261811137199402 622
1690133775219 0.32597124576568604 623
1690133775235 0.3257618546485901 624
1690133775259 0.32555288076400757 625
1690133775275 0.32534435391426086 626
1690133775291 0.3251362442970276 627
1690133775307 0.3249286413192749 628
1690133775331 0.32472142577171326 629
1690133775347 0.3245146572589874 630
1690133775363 0.3243083655834198 631
1690133775384 0.3241024911403656 632
1690133775403 0.3238970637321472 633
1690133775419 0.32369205355644226 634
1690133775435 0.3234874904155731 635
1690133775459 0.3232833743095398 636
1690133775475 0.3230797350406647 637
1690133775491 0.3228764832019806 638
1690133775515 0.3226736783981323 639
1690133775531 0.32247135043144226 640
1690133775547 0.3222694396972656 641
1690133775571 0.3220679759979248 642
1690133775587 0.321866899728775 643
1690133775611 0.32166630029678345 644
1690133775627 0.3214661478996277 645
1690133775643 0.32126641273498535 646
1690133775659 0.3210671544075012 647
1690133775683 0.32086828351020813 648
1690133775699 0.32066988945007324 649
1690133775715 0.3204719126224518 650
1690133775739 0.32027435302734375 651
1690133775755 0.32007724046707153 652
1690133775771 0.31988057494163513 653
1690133775795 0.31968435645103455 654
1690133775811 0.319488525390625 655
1690133775827 0.31929314136505127 656
1690133775851 0.31909823417663574 657
1690133775867 0.31890371441841125 658
1690133775885 0.3187096118927002 659
1690133775899 0.31851598620414734 660
1690133775924 0.3183227777481079 661
1690133775940 0.3181299865245819 662
1690133775956 0.3179376423358917 663
1690133775980 0.31774574518203735 664
1690133775996 0.317554235458374 665
1690133776012 0.3173631727695465 666
1690133776036 0.3171725869178772 667
1690133776052 0.3169823884963989 668
1690133776076 0.3167926073074341 669
1690133776092 0.31660327315330505 670
1690133776108 0.31641432642936707 671
1690133776132 0.3162258267402649 672
1690133776148 0.3160378038883209 673
1690133776172 0.3158501386642456 674
1690133776188 0.3156629502773285 675
1690133776212 0.3154761493206024 676
1690133776228 0.31528979539871216 677
1690133776244 0.3151038587093353 678
1690133776268 0.3149183690547943 679
1690133776286 0.31473326683044434 680
1690133776300 0.3145486116409302 681
1690133776324 0.31436437368392944 682
1690133776349 0.31418055295944214 683
1690133776365 0.31399714946746826 684
1690133776386 0.3138141632080078 685
1690133776405 0.3136316239833832 686
1690133776421 0.313449501991272 687
1690133777647 0.3132677674293518 688
1690133777671 0.31308647990226746 689
1690133777695 0.31290560960769653 690
1690133777711 0.31272515654563904 691
1690133777735 0.3125450909137726 692
1690133777759 0.31236547231674194 693
1690133777783 0.31218627095222473 694
1690133777800 0.31200748682022095 695
1690133777824 0.3118291199207306 696
1690133777840 0.31165117025375366 697
1690133777864 0.3114736080169678 698
1690133777880 0.3112964630126953 699
1690133777896 0.31111976504325867 700
1690133777920 0.31094348430633545 701
1690133777944 0.3107675313949585 702
1690133777960 0.31059205532073975 703
1690133777984 0.3104170262813568 704
1690133778000 0.31024235486984253 705
1690133778024 0.31006813049316406 706
1690133778048 0.30989426374435425 707
1690133778064 0.30972087383270264 708
1690133778088 0.3095478415489197 709
1690133778104 0.30937525629997253 710
1690133778128 0.30920302867889404 711
1690133778144 0.30903124809265137 712
1690133778160 0.30885985493659973 713
1690133778184 0.3086888790130615 714
1690133778208 0.30851832032203674 715
1690133778224 0.308348149061203 716
1690133778240 0.3081783950328827 717
1690133778264 0.30800899863243103 718
1690133778280 0.3078400790691376 719
1690133778296 0.30767151713371277 720
1690133778320 0.3075033724308014 721
1690133778336 0.30733561515808105 722
1690133778360 0.30716824531555176 723
1690133778376 0.3070013225078583 724
1690133778392 0.30683475732803345 725
1690133778416 0.30666857957839966 726
1690133778432 0.3065028488636017 727
1690133778456 0.30633750557899475 728
1690133778480 0.30617254972457886 729
1690133778504 0.3060080111026764 730
1690133778536 0.3058438301086426 731
1690133778560 0.3056800663471222 732
1690133778584 0.30551669001579285 733
1690133778608 0.30535373091697693 734
1690133778624 0.30519112944602966 735
1690133778648 0.3050289750099182 736
1690133778664 0.304867148399353 737
1690133778680 0.30470576882362366 738
1690133778704 0.30454474687576294 739
1690133778720 0.30438411235809326 740
1690133778736 0.304223895072937 741
1690133778760 0.3040640652179718 742
1690133778776 0.30390459299087524 743
1690133778800 0.3037455677986145 744
1690133778816 0.3035869002342224 745
1690133778840 0.303428590297699 746
1690133778856 0.30327069759368896 747
1690133778880 0.30311319231987 748
1690133778896 0.30295607447624207 749
1690133778912 0.3027993142604828 750
1690133778936 0.3026430010795593 751
1690133778952 0.30248698592185974 752
1690133778976 0.30233141779899597 753
1690133778992 0.30217620730400085 754
1690133779008 0.3020213842391968 755
1690133779024 0.30186694860458374 756
1690133779048 0.30171290040016174 757
1690133779064 0.3015592098236084 758
1690133779080 0.3014059066772461 759
1690133779097 0.30125299096107483 760
1690133779121 0.3011004328727722 761
1690133779137 0.30094826221466064 762
1690133779153 0.3007965087890625 763
1690133779177 0.3006450831890106 764
1690133779193 0.3004940152168274 765
1690133779209 0.3003433644771576 766
1690133779233 0.30019307136535645 767
1690133779249 0.30004316568374634 768
1690133779265 0.2998935878276825 769
1690133779289 0.2997444272041321 770
1690133779305 0.2995956540107727 771
1690133779329 0.299447238445282 772
1690133779345 0.2992991805076599 773
1690133779361 0.2991514801979065 774
1690133779377 0.2990041673183441 775
1690133779401 0.2988572418689728 776
1690133779417 0.2987106442451477 777
1690133779433 0.29856446385383606 778
1690133779457 0.2984186112880707 779
1690133779473 0.29827311635017395 780
1690133779537 0.29812800884246826 781
1690133779553 0.2979832589626312 782
1690133779578 0.29783886671066284 783
1690133779602 0.2976948618888855 784
1690133779618 0.2975512146949768 785
1690133779634 0.29740792512893677 786
1690133779658 0.2972649931907654 787
1690133779674 0.29712241888046265 788
1690133779690 0.29698020219802856 789
1690133779714 0.29683834314346313 790
1690133779730 0.29669687151908875 791
1690133779746 0.2965557277202606 792
1690133779770 0.29641497135162354 793
1690133779789 0.2962745428085327 794
1690133779803 0.29613447189331055 795
1690133779827 0.2959947884082794 796
1690133779843 0.29585543274879456 797
1690133779867 0.29571643471717834 798
1690133779883 0.2955777943134308 799
1690133779907 0.2954394817352295 800
1690133779923 0.2953015863895416 801
1690133779939 0.29516398906707764 802
1690133779963 0.2950267493724823 803
1690133779979 0.2948898673057556 804
1690133779995 0.2947533428668976 805
1690133780019 0.2946171760559082 806
1690133780035 0.2944813370704651 807
1690133780059 0.2943458557128906 808
1690133780083 0.2942107021808624 809
1690133780099 0.2940759062767029 810
1690133780123 0.293941468000412 811
1690133780139 0.29380738735198975 812
1690133780163 0.29367363452911377 813
1690133780179 0.29354020953178406 814
1690133780204 0.293407142162323 815
1690133780219 0.2932744324207306 816
1690133780243 0.29314205050468445 817
1690133780259 0.29300999641418457 818
1690133780275 0.29287829995155334 819
1690133780299 0.29274696111679077 820
1690133780315 0.29261595010757446 821
1690133780331 0.2924852967262268 822
1690133780355 0.292354941368103 823
1690133780371 0.2922249138355255 824
1690133780394 0.29209527373313904 825
1690133780411 0.29196593165397644 826
1690133780427 0.2918369472026825 827
1690133780443 0.2917082607746124 828
1690133780467 0.291579931974411 829
1690133780483 0.29145196080207825 830
1690133780507 0.29132431745529175 831
1690133780523 0.2911969721317291 832
1690133780539 0.29106998443603516 833
1690133780563 0.29094332456588745 834
1690133780579 0.290816992521286 835
1690133780595 0.29069098830223083 836
1690133780611 0.2905653119087219 837
1690133780635 0.29043999314308167 838
1690133780651 0.2903149724006653 839
1690133780675 0.29019030928611755 840
1690133780691 0.2900659143924713 841
1690133780708 0.2899419069290161 842
1690133780732 0.2898181974887848 843
1690133780748 0.28969481587409973 844
1690133780764 0.28957173228263855 845
1690133780788 0.289449006319046 846
1690133780804 0.28932660818099976 847
1690133780828 0.28920450806617737 848
1690133780844 0.28908273577690125 849
1690133780860 0.2889612913131714 850
1690133780884 0.2888401746749878 851
1690133780900 0.2887193560600281 852
1690133780916 0.2885988652706146 853
1690133780932 0.28847867250442505 854
1690133780956 0.2883588373661041 855
1690133780972 0.2882393002510071 856
1690133780990 0.2881200611591339 857
1690133781012 0.288001149892807 858
1690133781036 0.28788259625434875 859
1690133781052 0.287764310836792 860
1690133781076 0.2876463532447815 861
1690133781092 0.2875286936759949 862
1690133781108 0.2874113619327545 863
1690133781132 0.28729432821273804 864
1690133781148 0.2871776223182678 865
1690133781164 0.2870612144470215 866
1690133781190 0.2869451344013214 867
1690133781204 0.2868293523788452 868
1690133781228 0.2867138981819153 869
1690133781244 0.28659871220588684 870
1690133781260 0.2864838242530823 871
1690133781284 0.28636932373046875 872
1690133781300 0.2862550616264343 873
1690133781324 0.2861410975456238 874
1690133781340 0.2860274612903595 875
1690133781356 0.2859141528606415 876
1690133781380 0.28580111265182495 877
1690133781397 0.2856883704662323 878
1690133781413 0.2855759561061859 879
1690133781437 0.2854638397693634 880
1690133781453 0.28535202145576477 881
1690133781477 0.28524050116539 882
1690133781493 0.28512927889823914 883
1690133781509 0.2850183844566345 884
1690133781533 0.2849077582359314 885
1690133781549 0.28479743003845215 886
1690133781573 0.2846873998641968 887
1690133781590 0.2845776677131653 888
1690133781613 0.28446826338768005 889
1690133781629 0.2843591272830963 890
1690133781645 0.28425025939941406 891
1690133781669 0.2841416895389557 892
1690133781685 0.2840334475040436 893
1690133781709 0.28392547369003296 894
1690133781725 0.2838178277015686 895
1690133781741 0.28371044993400574 896
1690133781765 0.28360337018966675 897
1690133781781 0.28349655866622925 898
1690133781797 0.2833900451660156 899
1690133781821 0.2832838296890259 900
1690133781837 0.28317791223526 901
1690133781861 0.28307226300239563 902
1690133781877 0.2829669415950775 903
1690133781893 0.2828618586063385 904
1690133781917 0.28275707364082336 905
1690133781933 0.2826525568962097 906
1690133781949 0.28254833817481995 907
1690133781973 0.28244441747665405 908
1690133781997 0.28234079480171204 909
1690133782013 0.2822374403476715 910
1690133782029 0.2821343243122101 911
1690133782045 0.2820315361022949 912
1690133782070 0.28192901611328125 913
1690133782091 0.28182679414749146 914
1690133782110 0.28172484040260315 915
1690133782126 0.2816231846809387 916
1690133782142 0.2815217673778534 917
1690133782166 0.28142064809799194 918
1690133782182 0.281319797039032 919
1690133782198 0.2812192738056183 920
1690133782222 0.2811189591884613 921
1690133782238 0.2810189425945282 922
1690133782254 0.2809191942214966 923
1690133782270 0.28081974387168884 924
1690133782294 0.2807205617427826 925
1690133782310 0.28062164783477783 926
1690133782326 0.28052300214767456 927
1690133782342 0.2804246246814728 928
1690133782366 0.2803265452384949 929
1690133782382 0.28022870421409607 930
1690133782398 0.28013116121292114 931
1690133782422 0.2800338566303253 932
1690133782438 0.27993685007095337 933
1690133782454 0.2798401117324829 934
1690133782478 0.27974361181259155 935
1690133782550 0.2796474099159241 936
1690133782574 0.2795514762401581 937
1690133782599 0.2794557511806488 938
1690133782615 0.2793603241443634 939
1690133782631 0.2792651951313019 940
1690133782647 0.27917033433914185 941
1690133782671 0.2790757119655609 942
1690133782687 0.2789813280105591 943
1690133782703 0.27888724207878113 944
1690133782719 0.27879342436790466 945
1690133782743 0.2786998450756073 946
1690133782759 0.2786065340042114 947
1690133782783 0.27851346135139465 948
1690133782799 0.27842068672180176 949
1690133782815 0.2783281207084656 950
1690133782831 0.27823588252067566 951
1690133782847 0.27814388275146484 952
1690133782871 0.27805209159851074 953
1690133782887 0.2779605984687805 954
1690133782903 0.2778693437576294 955
1690133782927 0.27777835726737976 956
1690133782943 0.2776876389980316 957
1690133782960 0.2775971293449402 958
1690133782975 0.27750691771507263 959
1690133783000 0.2774169445037842 960
1690133783016 0.27732720971107483 961
1690133783040 0.27723774313926697 962
1690133783064 0.2771485447883606 963
1690133783080 0.2770595848560333 964
1690133783096 0.27697083353996277 965
1690133783120 0.2768823802471161 966
1690133783136 0.2767941653728485 967
1690133783152 0.27670618891716003 968
1690133783176 0.27661848068237305 969
1690133783192 0.27653101086616516 970
1690133783216 0.27644380927085876 971
1690133783232 0.2763568162918091 972
1690133783256 0.2762700915336609 973
1690133783272 0.2761835753917694 974
1690133783295 0.2760973572731018 975
1690133783312 0.2760113477706909 976
1690133783328 0.2759256064891815 977
1690133783344 0.2758401036262512 978
1690133783368 0.27575480937957764 979
1690133783384 0.27566978335380554 980
1690133783408 0.27558502554893494 981
1690133783424 0.27550047636032104 982
1690133783448 0.27541616559028625 983
1690133783464 0.27533212304115295 984
1690133783480 0.27524828910827637 985
1690133783496 0.27516472339630127 986
1690133783520 0.2750813663005829 987
1690133783536 0.2749982476234436 988
1690133783552 0.2749153971672058 989
1690133783576 0.27483275532722473 990
1690133783592 0.27475035190582275 991
1690133783608 0.2746681869029999 992
1690133783632 0.2745862901210785 993
1690133783648 0.27450457215309143 994
1690133783672 0.27442312240600586 995
1690133783695 0.2743419110774994 996
1690133783712 0.27426087856292725 997
1690133783728 0.2741801142692566 998
1690133783744 0.27409958839416504 999
1690133783768 0.2740193009376526 1000
1690133783792 0.27393925189971924 1001
1690133783808 0.2738594114780426 1002
1690133783824 0.2737797796726227 1003
1690133783848 0.27370041608810425 1004
1690133783864 0.27362123131752014 1005
1690133783880 0.2735423147678375 1006
1690133783904 0.273463636636734 1007
1690133783920 0.2733851671218872 1008
1690133783945 0.2733069360256195 1009
1690133783960 0.2732289135456085 1010
1690133783976 0.27315112948417664 1011
1690133784001 0.27307355403900146 1012
1690133784017 0.2729962170124054 1013
1690133784040 0.27291908860206604 1014
1690133784057 0.2728421688079834 1015
1690133784081 0.27276551723480225 1016
1690133784097 0.2726890742778778 1017
1690133784113 0.2726128101348877 1018
1690133784137 0.2725368142127991 1019
1690133784153 0.27246102690696716 1020
1690133784169 0.27238547801971436 1021
1690133784185 0.27231013774871826 1022
1690133784209 0.2722349762916565 1023
1690133784233 0.2721600830554962 1024
1690133784249 0.27208539843559265 1025
1690133784265 0.2720109224319458 1026
1690133784289 0.27193665504455566 1027
1690133784305 0.27186262607574463 1028
1690133784329 0.2717888057231903 1029
1690133784361 0.2717151641845703 1030
1690133784385 0.2716417908668518 1031
1690133784409 0.27156862616539 1032
1690133784425 0.27149567008018494 1033
1690133784449 0.2714228928089142 1034
1690133784465 0.2713503837585449 1035
1690133784489 0.27127805352211 1036
1690133784505 0.27120593190193176 1037
1690133784521 0.27113401889801025 1038
1690133784545 0.27106231451034546 1039
1690133784561 0.27099084854125977 1040
1690133784577 0.2709195613861084 1041
1690133784593 0.27084848284721375 1042
1690133784609 0.2707776129245758 1043
1690133784633 0.27070698142051697 1044
1690133784649 0.27063655853271484 1045
1690133784665 0.27056631445884705 1046
1690133784681 0.27049630880355835 1047
1690133784705 0.2704264521598816 1048
1690133784721 0.2703568637371063 1049
1690133784737 0.2702874541282654 1050
1690133784753 0.27021822333335876 1051
1690133784778 0.27014926075935364 1052
1690133784793 0.27008041739463806 1053
1690133784817 0.27001187205314636 1054
1690133784833 0.2699434459209442 1055
1690133784857 0.26987528800964355 1056
1690133784873 0.26980727910995483 1057
1690133784893 0.2697395086288452 1058
1690133784905 0.2696719169616699 1059
1690133784929 0.26960453391075134 1060
1690133784945 0.26953738927841187 1061
1690133784961 0.2694703936576843 1062
1690133784977 0.2694036066532135 1063
1690133784994 0.269336998462677 1064
1690133785010 0.2692706286907196 1065
1690133785034 0.2692044675350189 1066
1690133785050 0.2691384553909302 1067
1690133785066 0.26907265186309814 1068
1690133785090 0.2690070569515228 1069
1690133785106 0.2689416706562042 1070
1690133785122 0.26887646317481995 1071
1690133785138 0.2688114643096924 1072
1690133785162 0.26874661445617676 1073
1690133785178 0.26868200302124023 1074
1690133785194 0.26861757040023804 1075
1690133785210 0.26855331659317017 1076
1690133785234 0.268489271402359 1077
1690133785250 0.2684254050254822 1078
1690133785266 0.26836177706718445 1079
1690133785282 0.26829829812049866 1080
1690133785306 0.2682349979877472 1081
1690133785322 0.26817190647125244 1082
1690133785338 0.2681090235710144 1083
1690133785362 0.2680463194847107 1084
1690133785378 0.2679837942123413 1085
1690133785394 0.26792141795158386 1086
1690133785418 0.2678592801094055 1087
1690133785434 0.2677973210811615 1088
1690133785458 0.2677355408668518 1089
1690133785474 0.26767393946647644 1090
1690133785498 0.2676125764846802 1091
1690133785538 0.26755133271217346 1092
1690133785562 0.26749029755592346 1093
1690133785586 0.2674294710159302 1094
1690133785610 0.26736879348754883 1095
1690133785626 0.2673083245754242 1096
1690133785642 0.2672480046749115 1097
1690133785666 0.2671879231929779 1098
1690133785682 0.26712799072265625 1099
1690133785698 0.2670682370662689 1100
1690133785722 0.26700863242149353 1101
1690133785738 0.26694926619529724 1102
1690133785754 0.2668900489807129 1103
1690133785778 0.26683104038238525 1104
1690133785794 0.26677218079566956 1105
1690133785811 0.26671352982521057 1106
1690133785827 0.2666550278663635 1107
1690133785851 0.2665966749191284 1108
1690133785867 0.2665385603904724 1109
1690133785891 0.26648059487342834 1110
1690133785907 0.266422837972641 1111
1690133785931 0.2663652300834656 1112
1690133785947 0.2663078010082245 1113
1690133785963 0.26625052094459534 1114
1690133785979 0.2661934792995453 1115
1690133786003 0.2661365270614624 1116
1690133786019 0.266079843044281 1117
1690133786043 0.26602327823638916 1118
1690133786059 0.26596686244010925 1119
1690133786075 0.26591068506240845 1120
1690133786099 0.2658546566963196 1121
1690133786115 0.26579874753952026 1122
1690133786131 0.26574310660362244 1123
1690133786155 0.2656875550746918 1124
1690133786171 0.2656322121620178 1125
1690133786187 0.2655770480632782 1126
1690133786211 0.2655220329761505 1127
1690133786227 0.26546716690063477 1128
1690133786243 0.26541250944137573 1129
1690133786267 0.26535800099372864 1130
1690133786283 0.2653036415576935 1131
1690133786299 0.26524949073791504 1132
1690133786323 0.26519548892974854 1133
1690133786339 0.26514163613319397 1134
1690133786363 0.2650879919528961 1135
1690133786379 0.2650344669818878 1136
1690133786395 0.26498112082481384 1137
1690133786411 0.2649279534816742 1138
1690133786435 0.26487496495246887 1139
1690133786451 0.2648221254348755 1140
1690133786475 0.26476943492889404 1141
1690133786495 0.26471689343452454 1142
1690133786507 0.26466456055641174 1143
1690133786531 0.2646123766899109 1144
1690133786547 0.264560341835022 1145
1690133786571 0.2645084857940674 1146
1690133786587 0.26445677876472473 1147
1690133786603 0.264405220746994 1148
1690133786627 0.26435387134552 1149
1690133786643 0.2643026113510132 1150
1690133786659 0.26425158977508545 1151
1690133786683 0.2642006576061249 1152
1690133786700 0.264149934053421 1153
1690133786716 0.2640993297100067 1154
1690133786740 0.2640489339828491 1155
1690133786756 0.2639986276626587 1156
1690133786780 0.263948529958725 1157
1690133786796 0.2638985812664032 1158
1690133786812 0.26384878158569336 1159
1690133786828 0.26379913091659546 1160
1690133786852 0.2637496292591095 1161
1690133786868 0.26370030641555786 1162
1690133786892 0.26365113258361816 1163
1690133786908 0.2636021077632904 1164
1690133786924 0.2635532319545746 1165
1690133786940 0.2635045349597931 1166
1690133786964 0.26345595717430115 1167
1690133786980 0.26340755820274353 1168
1690133787004 0.26335927844047546 1169
1690133787020 0.2633112072944641 1170
1690133787036 0.2632632553577423 1171
1690133787060 0.26321542263031006 1172
1690133787076 0.26316776871681213 1173
1690133787096 0.26312029361724854 1174
1690133787116 0.2630729377269745 1175
1690133787132 0.2630257308483124 1176
1690133787156 0.2629786729812622 1177
1690133787172 0.26293179392814636 1178
1690133787196 0.26288503408432007 1179
1690133787212 0.2628384530544281 1180
1690133787236 0.2627919614315033 1181
1690133787260 0.2627456486225128 1182
1690133787276 0.2626994848251343 1183
1690133787296 0.2626534700393677 1184
1690133787316 0.2626076340675354 1185
1690133787332 0.2625618875026703 1186
1690133787348 0.2625162899494171 1187
1690133787372 0.26247087121009827 1188
1690133787388 0.26242557168006897 1189
1690133787412 0.262380450963974 1190
1690133787428 0.2623354494571686 1191
1690133787444 0.2622905969619751 1192
1690133787460 0.26224586367607117 1193
1690133787484 0.2622012794017792 1194
1690133787501 0.2621568441390991 1195
1690133787525 0.262112557888031 1196
1690133787541 0.26206842064857483 1197
1690133787557 0.2620244324207306 1198
1690133787581 0.2619805932044983 1199
1690133787597 0.26193684339523315 1200
1690133787613 0.26189327239990234 1201
1690133787637 0.26184985041618347 1202
1690133787653 0.26180651783943176 1203
1690133787669 0.261763334274292 1204
1690133787693 0.26172029972076416 1205
1690133787709 0.26167741417884827 1206
1690133787733 0.2616346776485443 1207
1690133787749 0.2615920603275299 1208
1690133787765 0.26154959201812744 1209
1690133787789 0.2615072429180145 1210
1690133787805 0.26146504282951355 1211
1690133787829 0.2614229917526245 1212
1690133787845 0.26138103008270264 1213
1690133787869 0.2613392472267151 1214
1690133787885 0.2612976133823395 1215
1690133787909 0.26125606894493103 1216
1690133787925 0.2612147033214569 1217
1690133787949 0.26117345690727234 1218
1690133787965 0.26113229990005493 1219
1690133787989 0.26109132170677185 1220
1690133788005 0.2610504627227783 1221
1690133788029 0.26100972294807434 1222
1690133788045 0.2609691619873047 1223
1690133788061 0.2609286904335022 1224
1690133788085 0.26088833808898926 1225
1690133788101 0.26084816455841064 1226
1690133788125 0.2608080804347992 1227
1690133788141 0.2607681453227997 1228
1690133788157 0.2607283294200897 1229
1690133788181 0.2606886625289917 1230
1690133788197 0.2606491148471832 1231
1690133788221 0.2606096863746643 1232
1690133788237 0.2605704069137573 1233
1690133788261 0.2605312168598175 1234
1690133788277 0.2604921758174896 1235
1690133788293 0.2604532837867737 1236
1690133788310 0.2604145109653473 1237
1690133788334 0.26037585735321045 1238
1690133788350 0.26033732295036316 1239
1690133788366 0.2602989077568054 1240
1690133788382 0.2602606415748596 1241
1690133788406 0.26022249460220337 1242
1690133788422 0.26018446683883667 1243
1690133788438 0.2601465582847595 1244
1690133788462 0.2601087987422943 1245
1690133788478 0.26007112860679626 1246
1690133788498 0.26003360748291016 1247
1690133788534 0.2599961757659912 1248
1690133790823 0.2599589228630066 1249
1690133790847 0.25992175936698914 1250
1690133790863 0.25988471508026123 1251
1690133790887 0.25984781980514526 1252
1690133790903 0.2598109841346741 1253
1690133790919 0.2597743272781372 1254
1690133790943 0.2597377896308899 1255
1690133790959 0.25970134139060974 1256
1690133790975 0.25966504216194153 1257
1690133790999 0.2596288323402405 1258
1690133791018 0.25959277153015137 1259
1690133791039 0.2595568001270294 1260
1690133791055 0.2595210075378418 1261
1690133791079 0.25948527455329895 1262
1690133791095 0.25944969058036804 1263
1690133791119 0.2594141662120819 1264
1690133791135 0.2593788206577301 1265
1690133791160 0.25934359431266785 1266
1690133791183 0.25930845737457275 1267
1690133791207 0.2592734396457672 1268
1690133791223 0.2592385709285736 1269
1690133791247 0.25920379161834717 1270
1690133791263 0.2591691017150879 1271
1690133791287 0.25913456082344055 1272
1690133791303 0.25910013914108276 1273
1690133791327 0.25906580686569214 1274
1690133791343 0.25903162360191345 1275
1690133791359 0.25899752974510193 1276
1690133791375 0.25896352529525757 1277
1690133791400 0.25892969965934753 1278
1690133791416 0.2588959336280823 1279
1690133791432 0.25886228680610657 1280
1690133791456 0.2588287591934204 1281
1690133791472 0.2587953507900238 1282
1690133791496 0.25876206159591675 1283
1690133791512 0.25872889161109924 1284
1690133791528 0.2586957812309265 1285
1690133791552 0.2586628198623657 1286
1690133791568 0.2586299479007721 1287
1690133791592 0.258597195148468 1288
1690133791608 0.2585645616054535 1289
1690133791624 0.25853201746940613 1290
1690133791640 0.2584996223449707 1291
1690133791664 0.25846731662750244 1292
1690133791680 0.25843510031700134 1293
1690133791702 0.2584030330181122 1294
1690133791720 0.2583710551261902 1295
1690133791736 0.25833916664123535 1296
1690133791760 0.25830739736557007 1297
1690133791776 0.25827574729919434 1298
1690133791792 0.25824418663978577 1299
1690133791816 0.25821271538734436 1300
1690133791832 0.2581813931465149 1301
1690133791848 0.2581501603126526 1302
1690133791872 0.25811904668807983 1303
1690133791888 0.25808799266815186 1304
1690133791904 0.2580570578575134 1305
1690133791928 0.25802624225616455 1306
1690133791944 0.2579955458641052 1307
1690133791960 0.25796496868133545 1308
1690133791976 0.25793442130088806 1309
1690133792001 0.2579040229320526 1310
1690133792017 0.2578737437725067 1311
1690133792041 0.257843554019928 1312
1690133792057 0.2578134536743164 1313
1690133792081 0.2577834725379944 1314
1690133792097 0.25775355100631714 1315
1690133792121 0.25772377848625183 1316
1690133792137 0.2576940953731537 1317
1690133792161 0.2576645016670227 1318
1690133792177 0.2576350271701813 1319
1690133792193 0.257605642080307 1320
1690133792217 0.2575763463973999 1321
1690133792233 0.25754716992378235 1322
1690133792257 0.25751808285713196 1323
1690133792273 0.2574891149997711 1324
1690133792297 0.25746020674705505 1325
1690133792313 0.2574314475059509 1326
1690133792329 0.2574027478694916 1327
1690133792353 0.2573741376399994 1328
1690133792369 0.25734564661979675 1329
1690133792385 0.25731727480888367 1330
1690133792409 0.25728899240493774 1331
1690133792425 0.257260799407959 1332
1690133792441 0.257232666015625 1333
1690133792457 0.25720465183258057 1334
1690133792481 0.2571767568588257 1335
1690133792497 0.25714895129203796 1336
1690133792521 0.257121205329895 1337
1690133792537 0.2570935785770416 1338
1690133792553 0.2570660710334778 1339
1690133792577 0.2570386230945587 1340
1690133792593 0.2570112645626068 1341
1690133792617 0.25698405504226685 1342
1690133792634 0.25695690512657166 1343
1690133792657 0.25692981481552124 1344
1690133792673 0.2569028437137604 1345
1690133792689 0.25687602162361145 1346
1690133792714 0.2568492293357849 1347
1690133792730 0.25682252645492554 1348
1690133792746 0.2567959427833557 1349
1690133792770 0.25676944851875305 1350
1690133792789 0.25674301385879517 1351
1690133792803 0.25671669840812683 1352
1690133792818 0.25669047236442566 1353
1690133792842 0.25666433572769165 1354
1690133792858 0.2566382884979248 1355
1690133792874 0.2566123306751251 1356
1690133792890 0.2565864622592926 1357
1690133792914 0.25656071305274963 1358
1690133792930 0.25653502345085144 1359
1690133792946 0.256509393453598 1360
1690133792962 0.25648391246795654 1361
1690133792986 0.25645849108695984 1362
1690133793006 0.2564331591129303 1363
1690133793018 0.2564079165458679 1364
1690133793043 0.2563827335834503 1365
1690133793058 0.25635769963264465 1366
1690133793074 0.2563326954841614 1367
1690133793091 0.25630781054496765 1368
1690133793115 0.2562830150127411 1369
1690133793131 0.2562583088874817 1370
1690133793147 0.25623366236686707 1371
1690133793171 0.256209135055542 1372
1690133793187 0.2561846673488617 1373
1690133793204 0.25616025924682617 1374
1690133793228 0.2561360001564026 1375
1690133793244 0.2561118006706238 1376
1690133793260 0.25608766078948975 1377
1690133793284 0.25606364011764526 1378
1690133793300 0.25603967905044556 1379
1690133793316 0.2560158371925354 1380
1690133793340 0.25599202513694763 1381
1690133793356 0.2559683620929718 1382
1690133793380 0.25594469904899597 1383
1690133793396 0.2559211850166321 1384
1690133793412 0.25589776039123535 1385
1690133793436 0.255874365568161 1386
1690133793452 0.2558510899543762 1387
1690133793468 0.2558278739452362 1388
1690133793492 0.25580474734306335 1389
1690133793508 0.25578173995018005 1390
1690133793532 0.25575876235961914 1391
1690133793548 0.2557359039783478 1392
1690133793564 0.2557131052017212 1393
1690133793580 0.25569039583206177 1394
1690133793604 0.2556677460670471 1395
1690133793621 0.255645215511322 1396
1690133793637 0.2556227147579193 1397
1690133793661 0.25560030341148376 1398
1690133793677 0.25557801127433777 1399
1690133793693 0.25555577874183655 1400
1690133793709 0.2555336356163025 1401
1690133793733 0.2555115520954132 1402
1690133793749 0.2554895579814911 1403
1690133793765 0.25546762347221375 1404
1690133793789 0.25544577836990356 1405
1690133793804 0.25542399287223816 1406
1690133793820 0.2554022967815399 1407
1690133793844 0.25538069009780884 1408
1690133793860 0.2553591728210449 1409
1690133793876 0.2553377151489258 1410
1690133793892 0.2553163468837738 1411
1690133793917 0.2552950382232666 1412
1690133793933 0.25527381896972656 1413
1690133793949 0.2552526593208313 1414
1690133793973 0.2552315890789032 1415
1690133793989 0.2552105784416199 1416
1690133794005 0.2551896572113037 1417
1690133794029 0.2551687955856323 1418
1690133794045 0.2551480233669281 1419
1690133794061 0.25512731075286865 1420
1690133794093 0.25510671734809875 1421
1690133794141 0.25508615374565125 1422
1690133794166 0.2550656795501709 1423
1690133794191 0.25504523515701294 1424
1690133794207 0.25502490997314453 1425
1690133794231 0.2550046443939209 1426
1690133794247 0.2549844980239868 1427
1690133794263 0.25496435165405273 1428
1690133794287 0.2549443244934082 1429
1690133794305 0.25492432713508606 1430
1690133794327 0.25490444898605347 1431
1690133794351 0.25488463044166565 1432
1690133794375 0.2548648715019226 1433
1690133794399 0.25484517216682434 1434
1690133794423 0.2548255920410156 1435
1690133794439 0.2548060417175293 1436
1690133794463 0.25478655099868774 1437
1690133794479 0.25476717948913574 1438
1690133794506 0.25474783778190613 1439
1690133794519 0.2547285854816437 1440
1690133794543 0.254709392786026 1441
1690133794559 0.2546902596950531 1442
1690133794575 0.25467121601104736 1443
1690133794591 0.2546522319316864 1444
1690133794615 0.2546333372592926 1445
1690133794631 0.2546145021915436 1446
1690133794647 0.25459572672843933 1447
1690133794671 0.25457701086997986 1448
1690133794687 0.25455835461616516 1449
1690133794711 0.2545397877693176 1450
1690133794728 0.25452128052711487 1451
1690133794743 0.2545028328895569 1452
1690133794759 0.25448450446128845 1453
1690133794784 0.2544662058353424 1454
1690133794800 0.25444793701171875 1455
1690133794816 0.25442981719970703 1456
1690133794840 0.2544116973876953 1457
1690133794856 0.25439363718032837 1458
1690133794872 0.254375696182251 1459
1690133794896 0.25435778498649597 1460
1690133794912 0.25433993339538574 1461
1690133794928 0.2543221712112427 1462
1690133794944 0.2543044686317444 1463
1690133794968 0.25428682565689087 1464
1690133794984 0.2542692720890045 1465
1690133795008 0.25425174832344055 1466
1690133795024 0.25423428416252136 1467
1690133795040 0.25421690940856934 1468
1690133795064 0.2541995644569397 1469
1690133795080 0.2541823089122772 1470
1690133795096 0.2541651129722595 1471
1690133795120 0.254148006439209 1472
1690133795136 0.25413092970848083 1473
1690133795160 0.25411394238471985 1474
1690133795176 0.25409698486328125 1475
1690133795192 0.2540801167488098 1476
1690133795208 0.25406327843666077 1477
1690133795232 0.2540465295314789 1478
1690133795256 0.2540298402309418 1479
1690133795272 0.25401321053504944 1480
1690133795288 0.2539966404438019 1481
1690133795312 0.2539801299571991 1482
1690133795328 0.2539637088775635 1483
1690133795344 0.25394728779792786 1484
1690133795368 0.2539309859275818 1485
1690133795384 0.2539147436618805 1486
1690133795407 0.2538985311985016 1487
1690133795424 0.25388237833976746 1488
1690133795440 0.2538662850856781 1489
1690133795456 0.2538502812385559 1490
1690133795472 0.2538343071937561 1491
1690133795496 0.25381842255592346 1492
1690133795512 0.2538025677204132 1493
1690133795536 0.2537868022918701 1494
1690133795552 0.2537710666656494 1495
1690133795576 0.2537553906440735 1496
1690133795592 0.25373977422714233 1497
1690133795609 0.25372421741485596 1498
1690133795633 0.25370875000953674 1499
1690133795649 0.2536933124065399 1500
1690133795665 0.2536779046058655 1501
1690133795689 0.2536626160144806 1502
1690133795707 0.2536473572254181 1503
1690133795729 0.25363215804100037 1504
1690133795745 0.25361698865890503 1505
1690133795761 0.25360190868377686 1506
1690133795777 0.25358685851097107 1507
1690133795793 0.25357186794281006 1508
1690133795817 0.2535569667816162 1509
1690133795833 0.25354209542274475 1510
1690133795849 0.25352728366851807 1511
1690133795865 0.25351253151893616 1512
1690133795889 0.253497838973999 1513
1690133795907 0.25348320603370667 1514
1690133795921 0.2534686028957367 1515
1690133795945 0.2534540891647339 1516
1690133795961 0.25343960523605347 1517
1690133795977 0.2534252107143402 1518
1690133796001 0.25341081619262695 1519
1690133796017 0.25339648127555847 1520
1690133796033 0.25338223576545715 1521
1690133796057 0.2533680200576782 1522
1690133796073 0.25335389375686646 1523
1690133796097 0.2533397972583771 1524
1690133796113 0.2533257305622101 1525
1690133796137 0.25331175327301025 1526
1690133796153 0.2532978057861328 1527
1690133796177 0.25328391790390015 1528
1690133796193 0.25327008962631226 1529
1690133796209 0.25325632095336914 1530
1690133796233 0.2532425820827484 1531
1690133796249 0.25322890281677246 1532
1690133796273 0.2532152831554413 1533
1690133796290 0.2532017230987549 1534
1690133796307 0.25318822264671326 1535
1690133796330 0.25317472219467163 1536
1690133796346 0.25316131114959717 1537
1690133796362 0.2531479299068451 1538
1690133796386 0.2531346380710602 1539
1690133796402 0.25312134623527527 1540
1690133796426 0.2531081736087799 1541
1690133796442 0.25309500098228455 1542
1690133796458 0.25308188796043396 1543
1690133796474 0.25306880474090576 1544
1690133796498 0.2530558109283447 1545
1690133796522 0.2530428171157837 1546
1690133796538 0.2530299425125122 1547
1690133796562 0.2530170977115631 1548
1690133796578 0.253004252910614 1549
1690133796594 0.25299152731895447 1550
1690133796618 0.25297877192497253 1551
1690133796642 0.25296610593795776 1552
1690133796658 0.25295349955558777 1553
1690133796674 0.25294092297554016 1554
1690133796698 0.25292840600013733 1555
1690133796722 0.2529159486293793 1556
1690133796738 0.2529035210609436 1557
1690133796762 0.2528911232948303 1558
1690133796778 0.2528788149356842 1559
1690133796802 0.2528665363788605 1560
1690133796818 0.25285428762435913 1561
1690133796842 0.25284212827682495 1562
1690133796858 0.25282996892929077 1563
1690133796874 0.25281786918640137 1564
1690133796901 0.25280582904815674 1565
1690133796915 0.2527938485145569 1566
1690133796939 0.2527818977832794 1567
1690133796955 0.25277000665664673 1568
1690133796971 0.25275811553001404 1569
1690133796995 0.2527463138103485 1570
1690133797019 0.25273457169532776 1571
1690133797035 0.252722829580307 1572
1690133797059 0.25271114706993103 1573
1690133797075 0.25269952416419983 1574
1690133797099 0.2526879608631134 1575
1690133797123 0.252676397562027 1576
1690133797155 0.2526648938655853 1577
1690133797179 0.25265344977378845 1578
1690133797235 0.25264206528663635 1579
1690133797308 0.25263068079948425 1580
1690133797340 0.2526193857192993 1581
1690133797372 0.25260812044143677 1582
1690133797396 0.2525968849658966 1583
1690133797433 0.25258567929267883 1584
1690133797460 0.2525745630264282 1585
1690133797500 0.2525634765625 1586
1690133797524 0.2525523900985718 1587
1690133797556 0.2525414228439331 1588
1690133797580 0.25253045558929443 1589
1690133797612 0.25251948833465576 1590
1690133797636 0.25250864028930664 1591
1690133797660 0.2524977922439575 1592
1690133797684 0.2524870038032532 1593
1690133797709 0.2524762451648712 1594
1690133797740 0.25246554613113403 1595
1690133797756 0.25245484709739685 1596
1690133797780 0.25244423747062683 1597
1690133797812 0.2524336576461792 1598
1690133797844 0.25242310762405396 1599
1690133797876 0.2524126172065735 1600
1690133797909 0.2524021565914154 1601
1690133797940 0.2523917257785797 1602
1690133797964 0.2523813843727112 1603
1690133797988 0.25237104296684265 1604
1690133798012 0.2523607313632965 1605
1690133798036 0.25235047936439514 1606
1690133798060 0.25234028697013855 1607
1690133798092 0.25233009457588196 1608
1690133798109 0.25231996178627014 1609
1690133798140 0.2523098886013031 1610
1690133798156 0.25229981541633606 1611
1690133798189 0.2522898018360138 1612
1690133798213 0.2522798478603363 1613
1690133798229 0.2522698938846588 1614
1690133798261 0.2522599995136261 1615
1690133798285 0.25225016474723816 1616
1690133798309 0.2522403597831726 1617
1690133798333 0.25223058462142944 1618
1690133798357 0.25222083926200867 1619
1690133798381 0.2522111237049103 1620
1690133798409 0.25220149755477905 1621
1690133798429 0.2521918714046478 1622
1690133798453 0.252182275056839 1623
1690133798477 0.25217270851135254 1624
1690133798493 0.25216320157051086 1625
1690133798517 0.25215375423431396 1626
1690133798541 0.25214433670043945 1627
1690133798565 0.25213494896888733 1628
1690133798589 0.2521255910396576 1629
1690133798613 0.25211626291275024 1630
1690133798637 0.25210699439048767 1631
1690133798661 0.2520977556705475 1632
1690133798685 0.2520885467529297 1633
1690133798709 0.2520793676376343 1634
1690133798725 0.25207024812698364 1635
1690133798749 0.2520611584186554 1636
1690133798773 0.25205209851264954 1637
1690133798797 0.25204306840896606 1638
1690133798814 0.25203409790992737 1639
1690133798838 0.25202512741088867 1640
1690133798854 0.25201621651649475 1641
1690133798894 0.2520073354244232 1642
1690133798926 0.25199851393699646 1643
1690133798950 0.2519897222518921 1644
1690133798974 0.2519809305667877 1645
1690133798990 0.2519721984863281 1646
1690133799010 0.2519634962081909 1647
1690133799030 0.2519548535346985 1648
1690133799046 0.25194621086120605 1649
1690133799070 0.2519376277923584 1650
1690133799086 0.25192907452583313 1651
1690133799110 0.25192055106163025 1652
1690133799134 0.25191205739974976 1653
1690133799158 0.25190359354019165 1654
1690133799182 0.2518951892852783 1655
1690133799210 0.251886785030365 1656
1690133799230 0.2518784701824188 1657
1690133799262 0.25187012553215027 1658
1690133799278 0.2518618404865265 1659
1690133799302 0.2518536150455475 1660
1690133799326 0.2518453896045685 1661
1690133799358 0.25183719396591187 1662
1690133799382 0.2518290579319 1663
1690133799410 0.2518209218978882 1664
1690133799430 0.2518128454685211 1665
1690133799446 0.25180479884147644 1666
1690133799470 0.25179678201675415 1667
1690133799486 0.25178879499435425 1668
1690133799502 0.25178083777427673 1669
1690133799526 0.251772940158844 1670
1690133799542 0.25176504254341125 1671
1690133799558 0.2517572045326233 1672
1690133799574 0.2517493665218353 1673
1690133799590 0.25174155831336975 1674
1690133799614 0.25173383951187134 1675
1690133799638 0.25172609090805054 1676
1690133799662 0.2517184019088745 1677
1690133799686 0.2517107427120209 1678
1690133799710 0.2517031133174896 1679
1690133799734 0.2516954839229584 1680
1690133799758 0.2516879439353943 1681
1690133799782 0.2516804039478302 1682
1690133799806 0.2516728937625885 1683
1690133799822 0.2516654431819916 1684
1690133799846 0.25165796279907227 1685
1690133799862 0.2516505718231201 1686
1690133799878 0.25164318084716797 1687
1690133799902 0.2516358494758606 1688
1690133799950 0.2516285181045532 1689
1690133799974 0.25162121653556824 1690
1690133799998 0.251613974571228 1691
1690133800022 0.2516067326068878 1692
1690133800039 0.25159952044487 1693
1690133800063 0.25159236788749695 1694
1690133800087 0.2515852153301239 1695
1690133800111 0.25157809257507324 1696
1690133800127 0.25157102942466736 1697
1690133800159 0.25156399607658386 1698
1690133800183 0.251556932926178 1699
1690133800215 0.25154995918273926 1700
1690133800247 0.25154298543930054 1701
1690133800279 0.2515360713005066 1702
1690133800311 0.25152915716171265 1703
1690133800335 0.2515222728252411 1704
1690133800359 0.2515154182910919 1705
1690133800391 0.25150859355926514 1706
1690133800415 0.25150179862976074 1707
1690133800439 0.2514950633049011 1708
1690133800463 0.2514882981777191 1709
1690133800495 0.2514816224575043 1710
1690133800519 0.25147491693496704 1711
1690133800543 0.251468300819397 1712
1690133800591 0.25146162509918213 1713
1690133800623 0.25145503878593445 1714
1690133800647 0.25144848227500916 1715
1690133800679 0.25144195556640625 1716
1690133800719 0.25143542885780334 1717
1690133800743 0.2514289319515228 1718
1690133800775 0.2514224946498871 1719
1690133800807 0.25141605734825134 1720
1690133800831 0.251409649848938 1721
1690133800903 0.251403272151947 1722
1690133800951 0.25139692425727844 1723
1690133800975 0.25139060616493225 1724
1690133800999 0.25138431787490845 1725
1690133801023 0.25137802958488464 1726
1690133801047 0.2513718008995056 1727
1690133801071 0.2513655722141266 1728
1690133801095 0.25135940313339233 1729
1690133801111 0.2513532340526581 1730
1690133801135 0.2513470947742462 1731
1690133801167 0.25134098529815674 1732
1690133801199 0.25133487582206726 1733
1690133801223 0.25132885575294495 1734
1690133801247 0.25132280588150024 1735
1690133801279 0.2513168156147003 1736
1690133801311 0.251310795545578 1737
1690133801335 0.25130483508110046 1738
1690133801359 0.2512989342212677 1739
1690133801376 0.25129300355911255 1740
1690133801400 0.2512871325016022 1741
1690133801424 0.2512812614440918 1742
1690133801440 0.2512754499912262 1743
1690133801464 0.2512696087360382 1744
1690133801480 0.251263827085495 1745
1690133801504 0.25125810503959656 1746
1690133801520 0.25125235319137573 1747
1690133801544 0.2512466311454773 1748
1690133801560 0.25124096870422363 1749
1690133801584 0.25123530626296997 1750
1690133801600 0.2512296438217163 1751
1690133801624 0.2512240707874298 1752
1690133801640 0.2512184679508209 1753
1690133801656 0.2512128949165344 1754
1690133801680 0.2512073516845703 1755
1690133801696 0.2512018382549286 1756
1690133801712 0.25119635462760925 1757
1690133801736 0.2511908710002899 1758
1690133801752 0.25118544697761536 1759
1690133801776 0.2511800229549408 1760
1690133801800 0.2511746287345886 1761
1690133801824 0.25116926431655884 1762
1690133801856 0.25116387009620667 1763
1690133801880 0.25115853548049927 1764
1690133801912 0.25115326046943665 1765
1690133801944 0.251147985458374 1766
1690133801968 0.251142680644989 1767
1690133802000 0.25113746523857117 1768
1690133802024 0.2511322498321533 1769
1690133802056 0.25112706422805786 1770
1690133802072 0.2511218786239624 1771
1690133802097 0.2511167526245117 1772
1690133802121 0.25111159682273865 1773
1690133802137 0.25110653042793274 1774
1690133802161 0.25110143423080444 1775
1690133802177 0.2510963976383209 1776
1690133802201 0.251091331243515 1777
1690133802225 0.2510862946510315 1778
1690133802257 0.25108131766319275 1779
1690133802281 0.251076340675354 1780
1690133802305 0.25107139348983765 1781
1690133802337 0.2510664761066437 1782
1690133802361 0.2510615885257721 1783
1690133802385 0.2510567009449005 1784
1690133802401 0.2510518431663513 1785
1690133802425 0.2510469853878021 1786
1690133802441 0.2510421872138977 1787
1690133802457 0.2510373890399933 1788
1690133802473 0.25103259086608887 1789
1690133802497 0.25102782249450684 1790
1690133802513 0.2510230839252472 1791
1690133802529 0.25101837515830994 1792
1690133802553 0.2510136663913727 1793
1690133802569 0.2510090172290802 1794
1690133802585 0.25100433826446533 1795
1690133802601 0.25099968910217285 1796
1690133802625 0.25099509954452515 1797
1690133802641 0.25099050998687744 1798
1690133802657 0.25098592042922974 1799
1690133802673 0.2509813904762268 1800
1690133802697 0.2509768307209015 1801
1690133802713 0.25097230076789856 1802
1690133802729 0.2509678304195404 1803
1690133802745 0.25096336007118225 1804
1690133802769 0.2509588897228241 1805
1690133802785 0.25095444917678833 1806
1690133802801 0.25095003843307495 1807
1690133802817 0.25094565749168396 1808
1690133802841 0.25094127655029297 1809
1690133802857 0.250936895608902 1810
1690133802873 0.25093257427215576 1811
1690133802888 0.25092825293540955 1812
1690133802920 0.2509239614009857 1813
1690133802936 0.2509196698665619 1814
1690133802951 0.25091540813446045 1815
1690133802967 0.2509111762046814 1816
1690133802982 0.25090694427490234 1817
1690133803014 0.2509027421474457 1818
1690133803046 0.250898540019989 1819
1690133803079 0.25089436769485474 1820
1690133803095 0.25089022517204285 1821
1690133803115 0.25088611245155334 1822
1690133803126 0.25088199973106384 1823
1690133803142 0.25087788701057434 1824
1690133803158 0.2508738040924072 1825
1690133803173 0.2508697807788849 1826
1690133803205 0.25086572766304016 1827
1690133803221 0.2508617043495178 1828
1690133803237 0.2508576810359955 1829
1690133803252 0.2508537173271179 1830
1690133803268 0.25084975361824036 1831
1690133803283 0.2508458197116852 1832
1690133803314 0.2508418560028076 1833
1690133803331 0.25083795189857483 1834
1690133803347 0.25083404779434204 1835
1690133803372 0.25083017349243164 1836
1690133803387 0.25082629919052124 1837
1690133803414 0.2508224546909332 1838
1690133803435 0.2508186399936676 1839
1690133803459 0.250814825296402 1840
1690133803475 0.25081104040145874 1841
1690133803499 0.2508072555065155 1842
1690133803515 0.25080350041389465 1843
1690133803533 0.2507997453212738 1844
1690133803547 0.25079602003097534 1845
1690133803563 0.25079232454299927 1846
1690133803578 0.2507886290550232 1847
1690133803594 0.2507849633693695 1848
1690133803614 0.2507812976837158 1849
1690133803641 0.2507776618003845 1850
1690133803657 0.2507740259170532 1851
1690133803673 0.2507704198360443 1852
1690133803688 0.2507668137550354 1853
1690133803714 0.25076326727867126 1854
1690133803736 0.25075972080230713 1855
1690133803751 0.2507561445236206 1856
1690133803767 0.25075262784957886 1857
1690133803783 0.2507491111755371 1858
1690133803798 0.25074562430381775 1859
1690133803815 0.2507421374320984 1860
1690133803830 0.2507386803627014 1861
1690133803861 0.25073522329330444 1862
1690133803877 0.25073179602622986 1863
1690133803892 0.2507283687591553 1864
1690133803915 0.25072500109672546 1865
1690133803940 0.25072160363197327 1866
1690133803955 0.25071823596954346 1867
1690133803971 0.25071486830711365 1868
1690133803987 0.2507115304470062 1869
1690133804002 0.2507081925868988 1870
1690133804032 0.25070488452911377 1871
1690133804050 0.2507016062736511 1872
1690133804064 0.2506983280181885 1873
1690133804080 0.2506950795650482 1874
1690133804096 0.25069180130958557 1875
1690133804127 0.2506885826587677 1876
1690133804143 0.25068536400794983 1877
1690133804159 0.25068214535713196 1878
1690133804174 0.2506789565086365 1879
1690133804237 0.2506757974624634 1880
1690133804269 0.2506726384162903 1881
1690133804284 0.2506694793701172 1882
1690133804316 0.2506663501262665 1883
1690133804331 0.25066325068473816 1884
1690133804347 0.25066015124320984 1885
1690133804363 0.2506570518016815 1886
1690133804378 0.2506539821624756 1887
1690133804402 0.25065094232559204 1888
1690133804426 0.2506478726863861 1889
1690133804442 0.25064486265182495 1890
1690133804458 0.2506418228149414 1891
1690133804473 0.25063884258270264 1892
1690133804489 0.2506358325481415 1893
1690133804516 0.2506328523159027 1894
1690133804521 0.25062990188598633 1895
1690133804552 0.25062695145606995 1896
1690133804568 0.25062403082847595 1897
1690133804583 0.25062111020088196 1898
1690133804599 0.25061821937561035 1899
1690133804617 0.25061529874801636 1900
1690133804631 0.25061243772506714 1901
1690133804662 0.2506095767021179 1902
1690133804678 0.2506067156791687 1903
1690133804693 0.25060388445854187 1904
1690133804717 0.25060105323791504 1905
1690133804741 0.2505982220172882 1906
1690133804756 0.25059545040130615 1907
1690133804772 0.2505926489830017 1908
1690133804787 0.25058987736701965 1909
1690133804817 0.2505871057510376 1910
1690133804835 0.25058436393737793 1911
1690133804850 0.25058165192604065 1912
1690133804866 0.250578910112381 1913
1690133804882 0.2505761981010437 1914
1690133804897 0.2505735158920288 1915
1690133804917 0.2505708336830139 1916
1690133804945 0.2505681812763214 1917
1690133804960 0.2505654990673065 1918
1690133804976 0.2505628764629364 1919
1690133804991 0.2505602240562439 1920
1690133805018 0.2505576014518738 1921
1690133805039 0.25055497884750366 1922
1690133805054 0.25055238604545593 1923
1690133805070 0.2505498230457306 1924
1690133805086 0.25054726004600525 1925
1690133805101 0.2505446970462799 1926
1690133805133 0.25054213404655457 1927
1690133805165 0.2505396008491516 1928
1690133805195 0.25053709745407104 1929
1690133805227 0.2505345642566681 1930
1690133805258 0.2505320906639099 1931
1690133805290 0.25052958726882935 1932
1690133805321 0.25052711367607117 1933
1690133805353 0.250524640083313 1934
1690133805368 0.2505221962928772 1935
1690133805400 0.2505197525024414 1936
1690133805432 0.250517338514328 1937
1690133805463 0.2505149245262146 1938
1690133805510 0.2505124807357788 1939
1690133805526 0.2505101263523102 1940
1690133805557 0.25050774216651917 1941
1690133805589 0.25050535798072815 1942
1690133805620 0.2505030035972595 1943
1690133805651 0.2505006492137909 1944
1690133805683 0.25049832463264465 1945
1690133805714 0.2504960000514984 1946
1690133805730 0.2504936754703522 1947
1690133805746 0.25049135088920593 1948
1690133805761 0.25048908591270447 1949
1690133805792 0.2504867911338806 1950
1690133805808 0.25048452615737915 1951
1690133805824 0.2504822611808777 1952
1690133805840 0.2504800260066986 1953
1690133805855 0.25047779083251953 1954
1690133805887 0.25047555565834045 1955
1690133805902 0.25047335028648376 1956
1690133805919 0.2504711449146271 1957
1690133805934 0.250468909740448 1958
1690133805950 0.2504667341709137 1959
1690133805981 0.2504645884037018 1960
1690133805997 0.2504623830318451 1961
1690133806019 0.25046026706695557 1962
1690133806028 0.25045812129974365 1963
1690133806044 0.25045597553253174 1964
1690133806075 0.2504538595676422 1965
1690133806091 0.2504517734050751 1966
1690133806106 0.25044965744018555 1967
1690133806122 0.2504475712776184 1968
1690133806138 0.25044548511505127 1969
1690133806169 0.25044339895248413 1970
1690133806185 0.2504413425922394 1971
1690133806200 0.25043928623199463 1972
1690133806220 0.25043725967407227 1973
1690133806232 0.2504352331161499 1974
1690133806263 0.25043320655822754 1975
1690133806295 0.2504311800003052 1976
1690133806320 0.2504291832447052 1977
1690133806342 0.2504272162914276 1978
1690133806373 0.25042521953582764 1979
1690133806405 0.25042322278022766 1980
1690133806436 0.25042128562927246 1981
1690133806467 0.2504193186759949 1982
1690133806498 0.25041741132736206 1983
1690133806530 0.2504154443740845 1984
1690133806561 0.2504135072231293 1985
1690133806593 0.25041162967681885 1986
1690133806624 0.25040972232818604 1987
1690133806655 0.2504078149795532 1988
1690133806687 0.2504059374332428 1989
1690133806721 0.2504040598869324 1990
1690133806734 0.25040218234062195 1991
1690133806765 0.2504003345966339 1992
1690133806797 0.2503984868526459 1993
1690133806844 0.25039663910865784 1994
1690133806875 0.2503948211669922 1995
1690133806891 0.25039297342300415 1996
1690133806922 0.2503911554813385 1997
1690133806954 0.25038936734199524 1998
1690133806985 0.250387579202652 1999
