1689862317833 0.8781916499137878 0
1689862317993 0.6829729676246643 1
1689862318146 0.6423802971839905 2
1689862318289 0.6247156262397766 3
1689862318437 0.6153269410133362 4
1689862318582 0.6100952625274658 5
1689862318733 0.602393627166748 6
1689862318913 0.6015426516532898 7
1689862319063 0.5951662659645081 8
1689862319206 0.5926337838172913 9
1689862319358 0.5860756039619446 10
1689862319526 0.5812548398971558 11
1689862319732 0.5750818252563477 12
1689862319885 0.5678989291191101 13
1689862320048 0.5577710866928101 14
1689862320199 0.5451344847679138 15
1689862320336 0.5358842015266418 16
1689862320494 0.5275750160217285 17
1689862320644 0.5228932499885559 18
1689862320792 0.515791654586792 19
1689862320941 0.5127884149551392 20
1689862321098 0.5086644887924194 21
1689862321251 0.5063359141349792 22
1689862321399 0.5011304616928101 23
1689862321548 0.49791210889816284 24
1689862321697 0.4926053583621979 25
1689862321853 0.4909370243549347 26
1689862321997 0.4856683015823364 27
1689862322151 0.48099976778030396 28
1689862322306 0.47766685485839844 29
1689862322451 0.47429534792900085 30
1689862322604 0.46942514181137085 31
1689862322762 0.4635316729545593 32
1689862322913 0.4594154357910156 33
1689862323061 0.45481887459754944 34
1689862323208 0.4502047002315521 35
1689862323361 0.4459102749824524 36
1689862323513 0.44094210863113403 37
1689862323671 0.4366615116596222 38
1689862323826 0.4321262836456299 39
1689862323973 0.4260265529155731 40
1689862324122 0.4210977852344513 41
1689862324268 0.41508859395980835 42
1689862324424 0.41189804673194885 43
1689862324577 0.4061046242713928 44
1689862324726 0.4024009108543396 45
1689862324879 0.39680570363998413 46
1689862325029 0.392826110124588 47
1689862325177 0.3878122866153717 48
1689862325324 0.3830731511116028 49
1689862325484 0.37883368134498596 50
1689862325629 0.3738318085670471 51
1689862325776 0.3694368302822113 52
1689862325928 0.364657998085022 53
1689862326068 0.36090758442878723 54
1689862326224 0.35609906911849976 55
1689862326376 0.352169007062912 56
1689862326530 0.3477478325366974 57
1689862326675 0.3442550003528595 58
1689862326823 0.33976078033447266 59
1689862326968 0.3351038992404938 60
1689862327122 0.3313278555870056 61
1689862327269 0.32711485028266907 62
1689862327421 0.3233477473258972 63
1689862327626 0.3189934492111206 64
1689862327768 0.31558331847190857 65
1689862327918 0.31030964851379395 66
1689862328065 0.30613479018211365 67
1689862328225 0.30208122730255127 68
1689862328378 0.2973439395427704 69
1689862328529 0.2927938997745514 70
1689862328686 0.2886875867843628 71
1689862328832 0.2846985161304474 72
1689862328983 0.27983611822128296 73
1689862329130 0.2750561535358429 74
1689862329283 0.27082958817481995 75
1689862329429 0.26522988080978394 76
1689862329579 0.25961652398109436 77
1689862329731 0.2566164433956146 78
1689862329883 0.24981388449668884 79
1689862330030 0.24557681381702423 80
1689862330183 0.24039717018604279 81
1689862330334 0.2356296181678772 82
1689862330467 0.2291908711194992 83
1689862330634 0.22439594566822052 84
1689862330785 0.21902382373809814 85
1689862330935 0.21334120631217957 86
1689862331089 0.20887349545955658 87
1689862331235 0.20258909463882446 88
1689862331389 0.19684742391109467 89
1689862331543 0.1917329728603363 90
1689862331693 0.18639008700847626 91
1689862331846 0.1805923879146576 92
1689862332000 0.17456483840942383 93
1689862332152 0.16949684917926788 94
1689862332304 0.1627711057662964 95
1689862332462 0.1588643342256546 96
1689862332610 0.15405915677547455 97
1689862332756 0.15025897324085236 98
1689862332908 0.1460658460855484 99
1689862333064 0.14288929104804993 100
1689862333207 0.14024469256401062 101
1689862333354 0.13699235022068024 102
1689862333511 0.13599960505962372 103
1689862333659 0.13268500566482544 104
1689862333809 0.1321580559015274 105
1689862333964 0.1297854632139206 106
1689862334116 0.12830787897109985 107
1689862334267 0.1259598582983017 108
1689862334412 0.12627297639846802 109
1689862334565 0.12521187961101532 110
1689862334712 0.12373896688222885 111
1689862334865 0.12249869853258133 112
1689862335012 0.12072022259235382 113
1689862335162 0.12038715183734894 114
1689862335306 0.12019050866365433 115
1689862335452 0.11831946671009064 116
1689862335606 0.11759168654680252 117
1689862335757 0.11707799136638641 118
1689862335909 0.11692298203706741 119
1689862336059 0.11492525786161423 120
1689862336214 0.11513844132423401 121
1689862336368 0.1135319173336029 122
1689862336516 0.113597571849823 123
1689862336679 0.11238915473222733 124
1689862336836 0.11161670088768005 125
1689862336988 0.11156201362609863 126
1689862337192 0.11045284569263458 127
1689862337348 0.11034169048070908 128
1689862337495 0.10941862314939499 129
1689862337653 0.1085093766450882 130
1689862337810 0.10856212675571442 131
1689862337963 0.10749805718660355 132
1689862338110 0.10811834782361984 133
1689862338259 0.10614004731178284 134
1689862338408 0.10609032213687897 135
1689862338557 0.10512212663888931 136
1689862338710 0.10554125159978867 137
1689862338867 0.10476255416870117 138
1689862339017 0.10422792285680771 139
1689862339162 0.1029142513871193 140
1689862339311 0.10388515144586563 141
1689862339467 0.10308259725570679 142
1689862339620 0.10242807120084763 143
1689862339771 0.10204136371612549 144
1689862339924 0.10037337988615036 145
1689862340073 0.10098282247781754 146
1689862340224 0.10088447481393814 147
1689862340373 0.10109905898571014 148
1689862340531 0.09811751544475555 149
1689862340682 0.10038520395755768 150
1689862340829 0.09857362508773804 151
1689862340981 0.0992296040058136 152
1689862341129 0.09773450344800949 153
1689862341265 0.09775611013174057 154
1689862341429 0.09806795418262482 155
1689862341590 0.09641440212726593 156
1689862341741 0.09587021172046661 157
1689862341893 0.09632299095392227 158
1689862342045 0.09665212035179138 159
1689862342197 0.09580405801534653 160
1689862342354 0.0959635004401207 161
1689862342511 0.0947253480553627 162
1689862342663 0.09529092907905579 163
1689862342814 0.0949285477399826 164
1689862342965 0.09378311038017273 165
1689862343114 0.09387851506471634 166
1689862343266 0.09402072429656982 167
1689862343412 0.09290973097085953 168
1689862343563 0.0929441899061203 169
1689862343720 0.09252462536096573 170
1689862343871 0.09124992787837982 171
1689862344015 0.09154056012630463 172
1689862344162 0.09196066856384277 173
1689862344317 0.0906146988272667 174
1689862344463 0.09215930104255676 175
1689862344609 0.09112618118524551 176
1689862344766 0.08953654766082764 177
1689862344914 0.09075670689344406 178
1689862345062 0.09034792333841324 179
1689862345222 0.08825986087322235 180
1689862345377 0.08907289057970047 181
1689862345531 0.08887168765068054 182
1689862345681 0.08869300782680511 183
1689862345832 0.08845417946577072 184
1689862345986 0.08792153000831604 185
1689862346140 0.08830463141202927 186
1689862346292 0.08801224827766418 187
1689862346447 0.08656847476959229 188
1689862346596 0.08757239580154419 189
1689862346745 0.08675782382488251 190
1689862346906 0.08704452216625214 191
1689862347054 0.08579938113689423 192
1689862347204 0.0854940116405487 193
1689862347354 0.08680432289838791 194
1689862347509 0.0856604352593422 195
1689862347656 0.0848572626709938 196
1689862347834 0.08537746220827103 197
1689862348005 0.08417791873216629 198
1689862348145 0.08490832149982452 199
