1690135790119 1.9298336505889893 0
1690135794509 0.9091230630874634 1
1690135798833 0.7601251006126404 2
1690135802287 0.6975759863853455 3
1690135806641 0.6581288576126099 4
1690135809864 0.6192383766174316 5
1690135812859 0.587921679019928 6
1690135816641 0.5709348917007446 7
1690135820838 0.5774136781692505 8
1690135825539 0.5549061298370361 9
1690135828792 0.5416251420974731 10
1690135831076 0.545299232006073 11
1690135833952 0.5406380891799927 12
1690135838501 0.5375086665153503 13
1690135843199 0.5083997249603271 14
1690135847677 0.5211125016212463 15
1690135852234 0.532031238079071 16
1690135856437 0.5311797857284546 17
1690135859523 0.5138291120529175 18
1690135864192 0.49882301688194275 19
1690135868473 0.49908342957496643 20
1690135871877 0.5099534392356873 21
1690135876282 0.49887439608573914 22
1690135880514 0.5078915953636169 23
1690135883954 0.5004618763923645 24
1690135886877 0.4875730872154236 25
1690135891472 0.49626392126083374 26
