1690135790119 0.9368467926979065 0
1690135794509 0.7354270815849304 1
1690135798833 0.6867198348045349 2
1690135802287 0.6597532629966736 3
1690135806641 0.6350550055503845 4
1690135809864 0.6167908310890198 5
1690135812859 0.5968052744865417 6
1690135816641 0.5898247361183167 7
1690135820838 0.5982309579849243 8
1690135825539 0.5780442953109741 9
1690135828792 0.5801371335983276 10
1690135831076 0.577046275138855 11
1690135833952 0.5686342120170593 12
1690135838501 0.5739771723747253 13
1690135843199 0.5488973259925842 14
1690135847677 0.558570921421051 15
1690135852234 0.5667293071746826 16
1690135856437 0.5606837272644043 17
1690135859523 0.5603657960891724 18
1690135864192 0.5473964810371399 19
1690135868473 0.5570885539054871 20
1690135871877 0.5514866709709167 21
1690135876282 0.5523427724838257 22
1690135880514 0.5552170276641846 23
1690135883954 0.5489720106124878 24
1690135886877 0.5446903109550476 25
1690135891472 0.5416578650474548 26
