1690193574803 1.8406457901000977 0
1690193575053 0.9832351803779602 1
1690193575293 0.9284474849700928 2
1690193575529 0.7510238289833069 3
1690193575762 0.627355694770813 4
1690193576010 0.5460885763168335 5
1690193576243 0.4871615767478943 6
1690193576529 0.41524073481559753 7
1690193576764 0.31950095295906067 8
1690193577022 0.2653951346874237 9
1690193577249 0.22889471054077148 10
1690193577479 0.28835660219192505 11
1690193577726 0.12641000747680664 12
1690193577959 0.23005759716033936 13
1690193578194 0.13572347164154053 14
1690193578428 0.09727553278207779 15
1690193578663 0.15741227567195892 16
1690193578894 0.1242479458451271 17
1690193579122 0.11920121312141418 18
1690193579362 0.13715672492980957 19
1690193579580 0.04764468967914581 20
1690193579831 0.07720798999071121 21
1690193580159 0.12321735918521881 22
1690193580408 0.08051597326993942 23
1690193580647 0.08171121031045914 24
1690193580881 0.11474336683750153 25
1690193581116 0.0661434456706047 26
1690193581351 0.0684129074215889 27
1690193581596 0.08177536725997925 28
1690193581831 0.07756823301315308 29
1690193582066 0.06453072279691696 30
1690193582311 0.06785252690315247 31
1690193582535 0.07451481372117996 32
1690193582769 0.05446961522102356 33
1690193583009 0.07786841690540314 34
1690193583249 0.0735263079404831 35
1690193583548 0.06037178635597229 36
1690193583776 0.03407623618841171 37
1690193584018 0.049096837639808655 38
1690193584252 0.05959923192858696 39
1690193584494 0.046039022505283356 40
1690193584726 0.07877148687839508 41
1690193584960 0.03742782026529312 42
1690193585201 0.04662306606769562 43
1690193585426 0.05022669956088066 44
1690193585661 0.043410614132881165 45
1690193585916 0.05128394067287445 46
1690193586151 0.04440812021493912 47
1690193586391 0.03623611852526665 48
1690193586609 0.04564028978347778 49
1690193586858 0.05558682233095169 50
1690193587143 0.021626418456435204 51
1690193587378 0.04885648563504219 52
1690193587626 0.06668765097856522 53
1690193587863 0.010918122716248035 54
1690193588081 0.05105529725551605 55
1690193588332 0.02249506302177906 56
1690193588574 0.03007485158741474 57
1690193588807 0.029955370351672173 58
1690193589042 0.027599724009633064 59
1690193589276 0.062038175761699677 60
1690193589522 0.026468615978956223 61
1690193589757 0.03605594485998154 62
1690193589995 0.05907682701945305 63
1690193590226 0.011391381733119488 64
1690193590472 0.02618735283613205 65
1690193590748 0.03182515501976013 66
1690193590994 0.045419804751873016 67
1690193591217 0.02565303072333336 68
1690193591474 0.009800808504223824 69
1690193591719 0.051235493272542953 70
1690193591966 0.05687718838453293 71
1690193592191 0.011821785010397434 72
1690193592433 0.04261190816760063 73
1690193592674 0.009589086286723614 74
1690193592903 0.017776181921362877 75
1690193593151 0.02831748127937317 76
1690193593383 0.02966233342885971 77
1690193593617 0.03184095397591591 78
1690193593841 0.025916745886206627 79
