1689600488502 5.464234828948975 0
1689600488731 5.034326076507568 1
1689600488956 4.640962600708008 2
1689600489162 4.27539587020874 3
1689600489385 3.941066265106201 4
1689600489599 3.6350293159484863 5
1689600489829 3.357903480529785 6
1689600490143 3.1046245098114014 7
1689600490352 2.8785810470581055 8
1689600490584 2.6763312816619873 9
1689600490807 2.503527879714966 10
1689600491041 2.3622384071350098 11
1689600491258 2.2360665798187256 12
1689600491479 2.120553493499756 13
1689600491701 2.0172531604766846 14
1689600491930 1.9216501712799072 15
1689600492205 1.837623119354248 16
1689600492415 1.76218581199646 17
1689600492634 1.6946792602539062 18
1689600492858 1.6353267431259155 19
1689600493069 1.5840840339660645 20
1689600493285 1.5396476984024048 21
1689600493500 1.4903841018676758 22
1689600493725 1.453650951385498 23
1689600493932 1.4298423528671265 24
1689600494153 1.409896731376648 25
1689600494374 1.3943288326263428 26
1689600494580 1.382962703704834 27
1689600494805 1.373317003250122 28
1689600495032 1.3659389019012451 29
1689600495256 1.3597371578216553 30
1689600495471 1.3550442457199097 31
1689600495681 1.3507256507873535 32
1689600495911 1.3480144739151 33
1689600496116 1.345154881477356 34
1689600496341 1.342865228652954 35
1689600496566 1.3413962125778198 36
1689600496789 1.3401572704315186 37
1689600497021 1.3394023180007935 38
1689600497243 1.3385385274887085 39
1689600497462 1.3375844955444336 40
1689600497681 1.337214469909668 41
1689600497900 1.3368186950683594 42
1689600498120 1.336413025856018 43
1689600498342 1.3362314701080322 44
1689600498575 1.336448073387146 45
1689600498788 1.3362278938293457 46
1689600499014 1.3359531164169312 47
1689600499247 1.336375117301941 48
1689600499470 1.3366148471832275 49
1689600499700 1.3359493017196655 50
1689600499911 1.3359613418579102 51
1689600500152 1.3358632326126099 52
1689600500370 1.3358405828475952 53
1689600500582 1.3356536626815796 54
1689600500807 1.335645318031311 55
1689600501030 1.3356444835662842 56
1689600501262 1.3358055353164673 57
1689600501468 1.3356544971466064 58
1689600501688 1.3359241485595703 59
1689600501923 1.335490107536316 60
1689600502170 1.3356701135635376 61
1689600502406 1.3355618715286255 62
1689600502613 1.3362878561019897 63
1689600502828 1.335773229598999 64
1689600503214 1.3357125520706177 65
1689600503483 1.3356420993804932 66
1689600503701 1.3365315198898315 67
1689600503928 1.3358172178268433 68
1689600504155 1.3355194330215454 69
1689600504365 1.335387945175171 70
1689600504596 1.3354870080947876 71
1689600504809 1.3354660272598267 72
1689600505041 1.3356215953826904 73
1689600505297 1.3354324102401733 74
1689600505519 1.3354016542434692 75
1689600505753 1.3355534076690674 76
1689600505989 1.3353805541992188 77
1689600506231 1.3357341289520264 78
1689600506465 1.3357046842575073 79
1689600506718 1.3354979753494263 80
1689600506964 1.3353462219238281 81
1689600507185 1.3369444608688354 82
1689600507418 1.3358653783798218 83
1689600507631 1.335686206817627 84
