1689600488502 2.0311167240142822 0
1689600488731 1.9237862825393677 1
1689600488956 1.8255380392074585 2
1689600489162 1.7352622747421265 3
1689600489385 1.6512192487716675 4
1689600489599 1.5747249126434326 5
1689600489829 1.5058928728103638 6
1689600490143 1.4421013593673706 7
1689600490352 1.3880964517593384 8
1689600490584 1.3359936475753784 9
1689600490807 1.2937755584716797 10
1689600491041 1.257820725440979 11
1689600491258 1.2262237071990967 12
1689600491479 1.1982545852661133 13
1689600491701 1.171454906463623 14
1689600491930 1.1471683979034424 15
1689600492205 1.126832127571106 16
1689600492415 1.1080063581466675 17
1689600492634 1.0907955169677734 18
1689600492858 1.0758373737335205 19
1689600493069 1.0623116493225098 20
1689600493285 1.0514975786209106 21
1689600493500 1.0393766164779663 22
1689600493725 1.0307068824768066 23
1689600493932 1.0244996547698975 24
1689600494153 1.018916368484497 25
1689600494374 1.0150662660598755 26
1689600494580 1.0123131275177002 27
1689600494805 1.0098499059677124 28
1689600495032 1.0078343152999878 29
1689600495256 1.0066276788711548 30
1689600495471 1.0053554773330688 31
1689600495681 1.0043437480926514 32
1689600495911 1.003644585609436 33
1689600496116 1.0031434297561646 34
1689600496341 1.0026445388793945 35
1689600496566 1.0023646354675293 36
1689600496789 1.001962423324585 37
1689600497021 1.0018969774246216 38
1689600497243 1.0016162395477295 39
1689600497462 1.0015476942062378 40
1689600497681 1.0013501644134521 41
1689600497900 1.0012571811676025 42
1689600498120 1.0011507272720337 43
1689600498342 1.0010714530944824 44
1689600498575 1.001220464706421 45
1689600498788 1.0011614561080933 46
1689600499014 1.0009747743606567 47
1689600499247 1.0011078119277954 48
1689600499470 1.0014102458953857 49
1689600499700 1.001050353050232 50
1689600499911 1.0010089874267578 51
1689600500152 1.001036524772644 52
1689600500370 1.0010168552398682 53
1689600500582 1.0009623765945435 54
1689600500807 1.0009558200836182 55
1689600501030 1.0009346008300781 56
1689600501262 1.00111722946167 57
1689600501468 1.0009973049163818 58
1689600501688 1.0010849237442017 59
1689600501923 1.0009307861328125 60
1689600502170 1.0009912252426147 61
1689600502406 1.0009407997131348 62
1689600502613 1.001125693321228 63
1689600502828 1.0009979009628296 64
1689600503214 1.001023292541504 65
1689600503483 1.0009450912475586 66
1689600503701 1.0014554262161255 67
1689600503928 1.0011796951293945 68
1689600504155 1.0009806156158447 69
1689600504365 1.000946283340454 70
1689600504596 1.000941514968872 71
1689600504809 1.0010113716125488 72
1689600505041 1.0008805990219116 73
1689600505297 1.0009562969207764 74
1689600505519 1.0009251832962036 75
1689600505753 1.000982403755188 76
1689600505989 1.0008363723754883 77
1689600506231 1.001110315322876 78
1689600506465 1.0010744333267212 79
1689600506718 1.000978708267212 80
1689600506964 1.0008463859558105 81
1689600507185 1.0014349222183228 82
1689600507418 1.0010586977005005 83
1689600507631 1.000985026359558 84
