1690134787725 0.5009852051734924 0
1690134787782 0.5006798505783081 1
1690134787806 0.5003745555877686 2
1690134787822 0.5000692009925842 3
1690134787846 0.4997638165950775 4
1690134787862 0.4994584321975708 5
1690134787886 0.4991530776023865 6
1690134787902 0.4988476634025574 7
1690134787918 0.49854224920272827 8
1690134787942 0.49823683500289917 9
1690134787958 0.49793142080307007 10
1690134787982 0.4976259768009186 11
1690134787998 0.4973205626010895 12
1690134788014 0.497015118598938 13
1690134788038 0.4967096745967865 14
1690134788054 0.496404230594635 15
1690134788151 0.49609875679016113 16
1690134788175 0.49579334259033203 17
1690134788195 0.49548786878585815 18
1690134788215 0.49518245458602905 19
1690134788239 0.49487701058387756 20
1690134788255 0.4945715665817261 21
1690134788271 0.494266152381897 22
1690134788295 0.49396073818206787 23
1690134788311 0.4936552941799164 24
1690134788327 0.4933498799800873 25
1690134788351 0.4930444657802582 26
1690134788367 0.49273908138275146 27
1690134788383 0.49243369698524475 28
1690134788407 0.49212831258773804 29
1690134788423 0.4918229877948761 30
1690134788439 0.4915176331996918 31
1690134788463 0.49121230840682983 32
1690134788479 0.4909070134162903 33
1690134788495 0.49060171842575073 34
1690134788519 0.4902964234352112 35
1690134788535 0.48999112844467163 36
1690134788551 0.48968592286109924 37
1690134788575 0.48938068747520447 38
1690134788595 0.4890754818916321 39
1690134788615 0.4887703061103821 40
1690134788631 0.48846518993377686 41
1690134788647 0.48816004395484924 42
1690134788671 0.4878549873828888 43
1690134788687 0.48754990100860596 44
1690134788703 0.4872448742389679 45
1690134788727 0.48693984746932983 46
1690134788743 0.4866348206996918 47
1690134788767 0.48632991313934326 48
1690134788795 0.48602500557899475 49
1690134788989 0.48572009801864624 50
1690134789006 0.4854152500629425 51
1690134789022 0.48511040210723877 52
1690134789046 0.4848056733608246 53
1690134789062 0.4845008850097656 54
1690134789096 0.48419618606567383 55
1690134789118 0.48389148712158203 56
1690134789150 0.4835868775844574 57
1690134789182 0.48328229784965515 58
1690134789214 0.4829777479171753 59
1690134789254 0.4826732575893402 60
1690134789278 0.4823688268661499 61
1690134789311 0.4820643961429596 62
1690134789343 0.48176005482673645 63
1690134789375 0.4814557433128357 64
1690134789399 0.4811514616012573 65
1690134789423 0.48084723949432373 66
1690134789455 0.4805430471897125 67
1690134789487 0.4802389442920685 68
1690134789519 0.4799348711967468 69
1690134789551 0.47963085770606995 70
1690134789575 0.47932690382003784 71
1690134789599 0.4790230095386505 72
1690134789623 0.47871917486190796 73
1690134789647 0.47841542959213257 74
1690134789671 0.4781116247177124 75
1690134789696 0.4778079688549042 76
1690134789711 0.4775043725967407 77
1690134789735 0.47720080614089966 78
1690134789759 0.47689735889434814 79
1690134789775 0.47659391164779663 80
1690134789799 0.4762905240058899 81
1690134789823 0.4759872555732727 82
1690134789839 0.4756840467453003 83
1690134789863 0.47538086771965027 84
1690134789887 0.4750777781009674 85
1690134789903 0.4747747480869293 86
1690134789927 0.474471777677536 87
1690134789943 0.47416889667510986 88
1690134789967 0.4738661050796509 89
1690134789983 0.47356340289115906 90
1690134790007 0.47326070070266724 91
1690134790024 0.47295814752578735 92
1690134790040 0.47265559434890747 93
1690134790276 0.4723531901836395 94
1690134790296 0.47205084562301636 95
1690134790312 0.47174859046936035 96
1690134790336 0.4714463949203491 97
1690134790352 0.47114425897598267 98
1690134790368 0.47084224224090576 99
1690134790392 0.47054028511047363 100
1690134790416 0.4702383875846863 101
1690134790432 0.46993663907051086 102
1690134790448 0.4696349501609802 103
1690134790472 0.46933335065841675 104
1690134790488 0.46903181076049805 105
1690134790504 0.4687304198741913 106
1690134790528 0.4684290885925293 107
1690134790544 0.4681278467178345 108
1690134790568 0.4678266644477844 109
1690134790584 0.4675256013870239 110
1690134790600 0.467224657535553 111
1690134790624 0.4669237732887268 112
1690134790640 0.4666230082511902 113
1690134790656 0.4663223326206207 114
1690134790680 0.46602174639701843 115
1690134790696 0.4657213091850281 116
1690134790721 0.4654209017753601 117
1690134790737 0.4651206135749817 118
1690134790753 0.4648204445838928 119
1690134790769 0.4645203649997711 120
1690134790793 0.46422040462493896 121
1690134790809 0.4639205038547516 122
1690134790833 0.46362078189849854 123
1690134790849 0.46332108974456787 124
1690134790873 0.46302157640457153 125
1690134790897 0.46272218227386475 126
1690134790913 0.46242281794548035 127
1690134790937 0.4621236026287079 128
1690134790953 0.4618244767189026 129
1690134790977 0.46152549982070923 130
1690134790997 0.46122661232948303 131
1690134791017 0.46092790365219116 132
1690134791033 0.4606291949748993 133
1690134791057 0.46033069491386414 134
1690134791073 0.46003228425979614 135
1690134791097 0.4597339630126953 136
1690134791121 0.4594358205795288 137
1690134791137 0.4591377377510071 138
1690134791169 0.4588397741317749 139
1690134791225 0.45854201912879944 140
1690134791249 0.45824429392814636 141
1690134791273 0.4579467475414276 142
1690134791289 0.457649290561676 143
1690134791305 0.4573519825935364 144
1690134791329 0.4570547938346863 145
1690134791345 0.45675772428512573 146
1690134791362 0.45646077394485474 147
1690134791385 0.45616400241851807 148
1690134791401 0.45586732029914856 149
1690134791425 0.4555707573890686 150
1690134791449 0.45527440309524536 151
1690134791465 0.4549781084060669 152
1690134791489 0.45468196272850037 153
1690134791505 0.4543859660625458 154
1690134791521 0.4540901184082031 155
1690134791545 0.45379436016082764 156
1690134791561 0.4534987807273865 157
1690134791577 0.45320332050323486 158
1690134791601 0.4529080092906952 159
1690134791625 0.45261284708976746 160
1690134791641 0.45231783390045166 161
1690134791657 0.4520229399204254 162
1690134791681 0.4517281651496887 163
1690134791701 0.45143359899520874 164
1690134791713 0.4511391520500183 165
1690134791737 0.4508448541164398 166
1690134791753 0.4505506753921509 167
1690134791777 0.45025670528411865 168
1690134791798 0.4499627947807312 169
1690134792143 0.44966909289360046 170
1690134792159 0.44937556982040405 171
1690134792191 0.4490821361541748 172
1690134792223 0.4487888813018799 173
1690134792255 0.4484958052635193 174
1690134792287 0.44820284843444824 175
1690134792319 0.4479100704193115 176
1690134792351 0.44761741161346436 177
1690134792383 0.4473249316215515 178
1690134792399 0.447032630443573 179
1690134792423 0.4467404782772064 180
1690134792439 0.44644850492477417 181
1690134792455 0.44615665078163147 182
1690134792471 0.4458649754524231 183
1690134792495 0.44557344913482666 184
1690134792511 0.44528210163116455 185
1690134792527 0.44499093294143677 186
1690134792551 0.4446999132633209 187
1690134792567 0.444409042596817 188
1690134792583 0.4441183805465698 189
1690134792599 0.44382786750793457 190
1690134792623 0.44353753328323364 191
1690134792639 0.44324737787246704 192
1690134792663 0.44295734167099 193
1690134792687 0.44266751408576965 194
1690134792703 0.44237786531448364 195
1690134792719 0.44208836555480957 196
1690134792743 0.4417990446090698 197
1690134792759 0.4415099322795868 198
1690134792783 0.4412209689617157 199
1690134792799 0.4409322142601013 200
1690134792823 0.4406435787677765 201
1690134792847 0.440355122089386 202
1690134792871 0.4400669038295746 203
1690134792887 0.4397788643836975 204
1690134792911 0.4394909739494324 205
1690134792936 0.43920326232910156 206
1690134792952 0.4389157295227051 207
1690134792976 0.4386284053325653 208
1690134792992 0.43834125995635986 209
1690134793008 0.43805429339408875 210
1690134793032 0.43776750564575195 211
1690134793048 0.4374809265136719 212
1690134793072 0.43719449639320374 213
1690134793088 0.4369083046913147 214
1690134793104 0.4366222620010376 215
1690134793120 0.4363364577293396 216
1690134793144 0.43605080246925354 217
1690134793160 0.4357653558254242 218
1690134793184 0.4354800879955292 219
1690134793200 0.43519505858421326 220
1690134793216 0.4349101781845093 221
1690134793240 0.434625506401062 222
1690134793256 0.4343410134315491 223
1690134793280 0.43405675888061523 224
1690134793300 0.4337726831436157 225
1690134793313 0.43348878622055054 226
1690134793337 0.43320512771606445 227
1690134793353 0.4329216480255127 228
1690134793377 0.43263837695121765 229
1690134793393 0.43235528469085693 230
1690134793417 0.4320724308490753 231
1690134793433 0.431789755821228 232
1690134793457 0.43150728940963745 233
1690134793473 0.431225061416626 234
1690134793489 0.43094301223754883 235
1690134793513 0.430661141872406 236
1690134793529 0.4303795099258423 237
1690134793553 0.43009811639785767 238
1690134793569 0.429816871881485 239
1690134793585 0.4295358657836914 240
1690134793601 0.42925506830215454 241
1690134793625 0.428974449634552 242
1690134793641 0.42869412899017334 243
1690134793657 0.42841392755508423 244
1690134793681 0.428134024143219 245
1690134793699 0.4278542697429657 246
1690134793713 0.4275747835636139 247
1690134793737 0.4272955060005188 248
1690134793753 0.42701640725135803 249
1690134793769 0.426737517118454 250
1690134793793 0.4264588952064514 251
1690134793809 0.42618048191070557 252
1690134793833 0.42590227723121643 253
1690134793849 0.4256243109703064 254
1690134793865 0.4253465533256531 255
1690134793889 0.42506903409957886 256
1690134793905 0.42479169368743896 257
1690134793921 0.4245145916938782 258
1690134793945 0.42423778772354126 259
1690134793961 0.4239611029624939 260
1690134793977 0.4236847162246704 261
1690134794001 0.423408567905426 262
1690134794017 0.4231325685977936 263
1690134794041 0.422856867313385 264
1690134794057 0.42258137464523315 265
1690134794081 0.4223061203956604 266
1690134794099 0.42203107476234436 267
1690134794121 0.4217562675476074 268
1690134794137 0.421481728553772 269
1690134794161 0.42120736837387085 270
1690134794185 0.4209332764148712 271
1690134794201 0.4206593930721283 272
1690134794217 0.42038577795028687 273
1690134794241 0.42011234164237976 274
1690134794257 0.41983920335769653 275
1690134794281 0.41956627368927 276
1690134794300 0.4192936420440674 277
1690134794314 0.4190211892127991 278
1690134794338 0.41874897480010986 279
1690134794354 0.41847699880599976 280
1690134794378 0.41820526123046875 281
1690134794394 0.41793379187583923 282
1690134794410 0.4176625609397888 283
1690134794434 0.4173915982246399 284
1690134794450 0.4171208143234253 285
1690134794474 0.41685032844543457 286
1690134794500 0.41658005118370056 287
1690134794514 0.41631001234054565 288
1690134794538 0.4160402715206146 289
1690134794554 0.4157707691192627 290
1690134794570 0.4155014753341675 291
1690134794594 0.41523244976997375 292
1690134795155 0.41496366262435913 293
1690134795170 0.414695143699646 294
1690134795194 0.41442686319351196 295
1690134795234 0.4141588509082794 296
1690134795277 0.413891077041626 297
1690134795306 0.413623571395874 298
1690134795330 0.41335633397102356 299
1690134795346 0.4130892753601074 300
1690134795362 0.41282254457473755 301
1690134795386 0.4125560522079468 302
1690134795402 0.4122898280620575 303
1690134795418 0.4120238125324249 304
1690134795434 0.41175809502601624 305
1690134795458 0.41149258613586426 306
1690134795474 0.41122740507125854 307
1690134795498 0.41096243262290955 308
1690134795514 0.4106977581977844 309
1690134795530 0.410433292388916 310
1690134795554 0.41016915440559387 311
1690134795570 0.40990522503852844 312
1690134795586 0.4096415936946869 313
1690134795602 0.40937820076942444 314
1690134795626 0.4091150760650635 315
1690134795650 0.408852219581604 316
1690134795674 0.40858960151672363 317
1690134795701 0.40832728147506714 318
1690134795722 0.40806519985198975 319
1690134795746 0.407803475856781 320
1690134795770 0.4075419306755066 321
1690134795794 0.40728068351745605 322
1690134795819 0.40701964497566223 323
1690134795835 0.4067589342594147 324
1690134795859 0.4064984917640686 325
1690134795875 0.406238317489624 326
1690134795891 0.40597838163375854 327
1690134795915 0.40571874380111694 328
1690134795931 0.40545934438705444 329
1690134795947 0.4052003026008606 330
1690134795971 0.4049414396286011 331
1690134795987 0.40468287467956543 332
1690134796003 0.40442460775375366 333
1690134796027 0.4041666090488434 334
1690134796043 0.4039088785648346 335
1690134796059 0.4036514163017273 336
1690134796083 0.40339428186416626 337
1690134796102 0.40313735604286194 338
1690134796115 0.4028807580471039 339
1690134796139 0.40262436866760254 340
1690134796155 0.40236836671829224 341
1690134796179 0.40211254358291626 342
1690134796195 0.40185701847076416 343
1690134796210 0.40160179138183594 344
1690134796234 0.4013468623161316 345
1690134796250 0.4010922312736511 346
1690134796266 0.40083783864974976 347
1690134796282 0.4005836844444275 348
1690134796307 0.40032991766929626 349
1690134796323 0.40007638931274414 350
1690134796339 0.3998231291770935 351
1690134796363 0.39957016706466675 352
1690134796379 0.39931750297546387 353
1690134796395 0.3990650773048401 354
1690134796410 0.39881300926208496 355
1690134796434 0.39856117963790894 356
1690134796450 0.3983096480369568 357
1690134796474 0.39805838465690613 358
1690134796490 0.39780741930007935 359
1690134796506 0.39755675196647644 360
1690134796530 0.397306352853775 361
1690134796546 0.3970562815666199 362
1690134796562 0.3968064785003662 363
1690134796578 0.3965569734573364 364
1690134796602 0.39630770683288574 365
1690134796619 0.3960588276386261 366
1690134796635 0.39581015706062317 367
1690134796651 0.3955618143081665 368
1690134796675 0.39531373977661133 369
1690134796691 0.3950660228729248 370
1690134796707 0.3948185443878174 371
1690134796731 0.39457136392593384 372
1690134796747 0.39432448148727417 373
1690134796771 0.3940778970718384 374
1690134796787 0.39383161067962646 375
1690134796803 0.39358556270599365 376
1690134796827 0.3933398723602295 377
1690134796843 0.3930944800376892 378
1690134796867 0.3928493559360504 379
1690134796883 0.3926045298576355 380
1690134796907 0.39236003160476685 381
1690134796923 0.39211583137512207 382
1690134796939 0.39187192916870117 383
1690134796963 0.39162829518318176 384
1690134796979 0.391385018825531 385
1690134796995 0.39114198088645935 386
1690134797019 0.39089927077293396 387
1690134797035 0.39065682888031006 388
1690134797051 0.3904147148132324 389
1690134797075 0.39017292857170105 390
1690134797091 0.3899313807487488 391
1690134797107 0.38969022035598755 392
1690134797131 0.3894492983818054 393
1690134797147 0.38920870423316956 394
1690134797171 0.38896840810775757 395
1690134797187 0.38872838020324707 396
1690134797203 0.3884887099266052 397
1690134797227 0.38824930787086487 398
1690134797243 0.38801026344299316 399
1690134797267 0.38777145743370056 400
1690134797283 0.3875329792499542 401
1690134797303 0.38729482889175415 402
1690134797323 0.38705700635910034 403
1690134797339 0.38681942224502563 404
1690134797363 0.3865821957588196 405
1690134797379 0.3863452672958374 406
1690134797395 0.3861086070537567 407
1690134797419 0.3858723044395447 408
1690134797435 0.38563627004623413 409
1690134797451 0.38540056347846985 410
1690134797475 0.38516518473625183 411
1690134797491 0.3849301040172577 412
1690134797507 0.3846953213214874 413
1690134797531 0.3844608664512634 414
1690134797547 0.3842267394065857 415
1690134797563 0.38399288058280945 416
1690134797587 0.38375934958457947 417
1690134797603 0.38352611660957336 418
1690134797619 0.38329318165779114 419
1690134797643 0.38306060433387756 420
1690134797659 0.38282832503318787 421
1690134797675 0.38259637355804443 422
1690134797699 0.3823646903038025 423
1690134797715 0.3821333646774292 424
1690134797739 0.3819023072719574 425
1690134797756 0.38167160749435425 426
1690134797772 0.3814411759376526 427
1690134797787 0.3812110722064972 428
1690134797812 0.38098132610321045 429
1690134797836 0.3807518482208252 430
1690134797852 0.3805226981639862 431
1690134797868 0.3802938461303711 432
1690134797892 0.38006532192230225 433
1690134797908 0.37983715534210205 434
1690134797924 0.37960928678512573 435
1690134797948 0.3793817162513733 436
1690134797964 0.3791544437408447 437
1690134797988 0.37892746925354004 438
1690134798004 0.3787009119987488 439
1690134798020 0.3784745931625366 440
1690134798044 0.37824857234954834 441
1690134798060 0.3780229389667511 442
1690134798084 0.37779757380485535 443
1690134798100 0.37757253646850586 444
1690134798116 0.37734782695770264 445
1690134798140 0.3771234452724457 446
1690134798156 0.3768993616104126 447
1690134798172 0.3766756057739258 448
1690134798196 0.37645217776298523 449
1690134798212 0.37622904777526855 450
1690134798236 0.37600627541542053 451
1690134798252 0.3757838010787964 452
1690134798268 0.3755616545677185 453
1690134798292 0.3753398060798645 454
1690134798308 0.37511831521987915 455
1690134798332 0.3748970627784729 456
1690134798348 0.3746762275695801 457
1690134798380 0.37445566058158875 458
1690134798436 0.37423545122146606 459
1690134798461 0.37401553988456726 460
1690134798485 0.37379592657089233 461
1690134798504 0.37357667088508606 462
1690134798517 0.37335771322250366 463
1690134798533 0.37313908338546753 464
1690134798557 0.37292081117630005 465
1690134798573 0.37270283699035645 466
1690134798589 0.3724851608276367 467
1690134798613 0.37226784229278564 468
1690134798629 0.37205085158348083 469
1690134798645 0.3718341290950775 470
1690134798669 0.37161779403686523 471
1690134798685 0.37140172719955444 472
1690134798704 0.3711860179901123 473
1690134798717 0.37097060680389404 474
1690134798741 0.37075555324554443 475
1690134798757 0.3705407977104187 476
1690134798773 0.3703263998031616 477
1690134798797 0.37011227011680603 478
1690134798813 0.3698985278606415 479
1690134798829 0.3696850538253784 480
1690134798853 0.369471937417984 481
1690134798869 0.3692591190338135 482
1690134798885 0.3690466582775116 483
1690134798904 0.3688344955444336 484
1690134798926 0.36862269043922424 485
1690134798941 0.3684111535549164 486
1690134798965 0.36820000410079956 487
1690134798982 0.367989182472229 488
1690134798997 0.36777859926223755 489
1690134799022 0.3675684332847595 490
1690134799038 0.3673585057258606 491
1690134799054 0.3671489953994751 492
1690134799078 0.3669397830963135 493
1690134799094 0.36673086881637573 494
1690134799110 0.36652231216430664 495
1690134799134 0.3663140535354614 496
1690134799150 0.3661061227321625 497
1690134799174 0.3658985495567322 498
1690134799190 0.36569124460220337 499
1690134799206 0.3654843270778656 500
1690134799230 0.3652777075767517 501
1690134799248 0.3650713860988617 502
1690134799262 0.36486542224884033 503
1690134799278 0.36465975642204285 504
1690134799305 0.364454448223114 505
1690134799326 0.36424946784973145 506
1690134799342 0.36404481530189514 507
1690134799366 0.3638404607772827 508
1690134799382 0.36363646388053894 509
1690134799405 0.36343279480934143 510
1690134799423 0.3632294535636902 511
1690134799439 0.3630264401435852 512
1690134799463 0.3628237247467041 513
1690134799479 0.3626213073730469 514
1690134799503 0.3624192476272583 515
1690134799519 0.3622175455093384 516
1690134799535 0.36201614141464233 517
1690134799551 0.36181506514549255 518
1690134799575 0.3616143465042114 519
1690134799599 0.3614138960838318 520
1690134799623 0.3612138032913208 521
1690134799639 0.36101406812667847 522
1690134799655 0.3608146011829376 523
1690134800705 0.36061549186706543 524
1690134800740 0.3604167103767395 525
1690134800764 0.36021825671195984 526
1690134800788 0.36002010107040405 527
1690134800812 0.35982227325439453 528
1690134800836 0.35962483286857605 529
1690134800860 0.35942766070365906 530
1690134800892 0.35923081636428833 531
1690134800916 0.35903435945510864 532
1690134800948 0.35883817076683044 533
1690134800964 0.3586422801017761 534
1690134800988 0.35844677686691284 535
1690134801007 0.35825157165527344 536
1690134801028 0.3580567240715027 537
1690134801052 0.3578621745109558 538
1690134801068 0.3576679229736328 539
1690134801084 0.35747402906417847 540
1690134801107 0.3572804629802704 541
1690134801123 0.3570871949195862 542
1690134801147 0.35689428448677063 543
1690134801163 0.35670167207717896 544
1690134801179 0.3565094470977783 545
1690134801203 0.3563174903392792 546
1690134801219 0.3561258614063263 547
1690134801243 0.3559345602989197 548
1690134801267 0.3557435870170593 549
1690134801283 0.3555529713630676 550
1690134801299 0.3553626537322998 551
1690134801324 0.35517263412475586 552
1690134801340 0.35498297214508057 553
1690134801356 0.35479363799095154 554
1690134801380 0.3546046018600464 555
1690134801396 0.3544159233570099 556
1690134801412 0.35422757267951965 557
1690134801436 0.3540394902229309 558
1690134801452 0.3538517653942108 559
1690134801476 0.3536643981933594 560
1690134801492 0.3534772992134094 561
1690134801508 0.3532905578613281 562
1690134801532 0.3531041145324707 563
1690134801548 0.35291802883148193 564
1690134801572 0.35273224115371704 565
1690134801588 0.3525468111038208 566
1690134801609 0.35236164927482605 567
1690134801628 0.35217684507369995 568
1690134801644 0.35199233889579773 569
1690134801660 0.35180819034576416 570
1690134801684 0.35162436962127686 571
1690134801700 0.35144081711769104 572
1690134801725 0.3512575924396515 573
1690134801741 0.351074755191803 574
1690134801765 0.35089218616485596 575
1690134801781 0.3507099151611328 576
1690134801797 0.3505280315876007 577
1690134801821 0.3503464460372925 578
1690134801837 0.3501651883125305 579
1690134801861 0.3499842584133148 580
1690134801877 0.349803626537323 581
1690134801893 0.34962332248687744 582
1690134801917 0.34944331645965576 583
1690134801933 0.34926366806030273 584
1690134801949 0.3490843176841736 585
1690134801973 0.3489053249359131 586
1690134801989 0.34872663021087646 587
1690134802009 0.34854820370674133 588
1690134802029 0.34837013483047485 589
1690134802045 0.348192423582077 590
1690134802069 0.3480150103569031 591
1690134802085 0.347837895154953 592
1690134802101 0.3476611077785492 593
1690134802125 0.34748461842536926 594
1690134802149 0.347308486700058 595
1690134802165 0.3471326529979706 596
1690134802181 0.34695711731910706 597
1690134802205 0.34678196907043457 598
1690134802221 0.3466070592403412 599
1690134802237 0.34643250703811646 600
1690134802261 0.346258282661438 601
1690134802277 0.3460843563079834 602
1690134802301 0.3459107577800751 603
1690134802317 0.3457374572753906 604
1690134802333 0.34556445479393005 605
1690134802357 0.3453918397426605 606
1690134802381 0.3452194929122925 607
1690134802397 0.3450474441051483 608
1690134802421 0.3448757529258728 609
1690134802437 0.3447043299674988 610
1690134802453 0.3445332646369934 611
1690134802477 0.3443624973297119 612
1690134802493 0.3441920578479767 613
1690134802517 0.34402191638946533 614
1690134802533 0.34385210275650024 615
1690134802549 0.34368258714675903 616
1690134802573 0.3435133695602417 617
1690134802589 0.343344509601593 618
1690134802609 0.3431759476661682 619
1690134802621 0.3430077135562897 620
1690134802645 0.3428397476673126 621
1690134802661 0.3426721394062042 622
1690134802685 0.3425047993659973 623
1690134802701 0.34233778715133667 624
1690134802741 0.3421711325645447 625
1690134802773 0.3420047163963318 626
1690134802798 0.34183865785598755 627
1690134802822 0.3416728973388672 628
1690134802838 0.3415074348449707 629
1690134802862 0.34134232997894287 630
1690134802878 0.34117746353149414 631
1690134802894 0.34101295471191406 632
1690134802918 0.34084874391555786 633
1690134802934 0.34068483114242554 634
1690134802950 0.3405212461948395 635
1690134802974 0.3403579592704773 636
1690134802990 0.3401950001716614 637
1690134803009 0.34003230929374695 638
1690134803030 0.33986997604370117 639
1690134803046 0.3397079110145569 640
1690134803062 0.33954617381095886 641
1690134803086 0.3393847346305847 642
1690134803102 0.33922359347343445 643
1690134803118 0.33906278014183044 644
1690134803142 0.3389022648334503 645
1690134803166 0.33874204754829407 646
1690134803182 0.3385821580886841 647
1690134803206 0.3384225368499756 648
1690134803222 0.33826327323913574 649
1690134803238 0.338104248046875 650
1690134803262 0.3379455804824829 651
1690134803278 0.3377872109413147 652
1690134803302 0.33762913942337036 653
1690134803319 0.3374713361263275 654
1690134803343 0.33731386065483093 655
1690134803367 0.3371567130088806 656
1690134803383 0.3369998335838318 657
1690134803399 0.33684325218200684 658
1690134803423 0.33668699860572815 659
1690134803447 0.33653104305267334 660
1690134803463 0.3363753855228424 661
1690134803479 0.33622002601623535 662
1690134803503 0.3360649347305298 663
1690134803519 0.33591020107269287 664
1690134803543 0.33575573563575745 665
1690134803559 0.3356015980243683 666
1690134803583 0.3354477286338806 667
1690134803599 0.3352941870689392 668
1690134803615 0.3351408839225769 669
1690134803639 0.33498793840408325 670
1690134803655 0.3348352611064911 671
1690134803671 0.3346828818321228 672
1690134803695 0.3345308303833008 673
1690134803711 0.33437904715538025 674
1690134803727 0.3342275619506836 675
1690134803751 0.3340764045715332 676
1690134803767 0.3339255154132843 677
1690134803791 0.3337749242782593 678
1690134803810 0.33362463116645813 679
1690134803831 0.33347463607788086 680
1690134803847 0.3333249092102051 681
1690134803871 0.33317551016807556 682
1690134803887 0.33302637934684753 683
1690134803903 0.33287757635116577 684
1690134803927 0.3327290415763855 685
1690134803951 0.3325808048248291 686
1690134803967 0.3324328660964966 687
1690134803983 0.33228522539138794 688
1690134804007 0.3321378529071808 689
1690134804023 0.3319907784461975 690
1690134804039 0.3318440020084381 691
1690134804063 0.3316975235939026 692
1690134804079 0.33155131340026855 693
1690134804103 0.3314054310321808 694
1690134804127 0.3312597870826721 695
1690134804143 0.3311144709587097 696
1690134804167 0.3309694528579712 697
1690134804183 0.33082467317581177 698
1690134804207 0.3306802213191986 699
1690134804223 0.33053603768348694 700
1690134804247 0.33039215207099915 701
1690134804263 0.33024853467941284 702
1690134804287 0.3301052451133728 703
1690134804303 0.32996222376823425 704
1690134804319 0.3298195004463196 705
1690134804343 0.329677015542984 706
1690134804359 0.3295348286628723 707
1690134804375 0.3293929696083069 708
1690134804399 0.32925134897232056 709
1690134804415 0.3291100263595581 710
1690134804439 0.32896900177001953 711
1690134804455 0.32882827520370483 712
1690134804471 0.32868778705596924 713
1690134804487 0.3285475969314575 714
1690134804511 0.32840773463249207 715
1690134804527 0.3282681107521057 716
1690134804543 0.32812872529029846 717
1690134804567 0.3279896676540375 718
1690134804583 0.327850878238678 719
1690134804599 0.32771241664886475 720
1690134804624 0.3275741934776306 721
1690134804640 0.32743626832962036 722
1690134804656 0.3272985816001892 723
1690134804680 0.32716119289398193 724
1690134804696 0.32702410221099854 725
1690134804712 0.3268872797489166 726
1690134804736 0.3267507255077362 727
1690134804752 0.32661446928977966 728
1690134804768 0.3264784514904022 729
1690134804784 0.32634273171424866 730
1690134804808 0.3262072801589966 731
1690134804824 0.326072096824646 732
1690134804848 0.3259372413158417 733
1690134804864 0.32580259442329407 734
1690134804880 0.3256682753562927 735
1690134804904 0.3255341649055481 736
1690134804921 0.3254004120826721 737
1690134804945 0.32526689767837524 738
1690134804961 0.32513362169265747 739
1690134804985 0.3250006437301636 740
1690134805001 0.32486793398857117 741
1690134805025 0.32473552227020264 742
1690134805041 0.3246033489704132 743
1690134805057 0.32447144389152527 744
1690134805081 0.3243398070335388 745
1690134805097 0.32420846819877625 746
1690134805113 0.3240773677825928 747
1690134805137 0.3239465653896332 748
1690134805153 0.3238160312175751 749
1690134805169 0.32368576526641846 750
1690134805193 0.32355570793151855 751
1690134805211 0.3234259784221649 752
1690134805225 0.32329651713371277 753
1690134805241 0.3231673240661621 754
1690134805265 0.32303833961486816 755
1690134805282 0.3229096531867981 756
1690134805297 0.3227812647819519 757
1690134805321 0.3226530849933624 758
1690134805337 0.3225252032279968 759
1690134805361 0.3223975896835327 760
1690134805377 0.3222702145576477 761
1690134805401 0.3221431374549866 762
1690134805417 0.32201629877090454 763
1690134805433 0.321889728307724 764
1690134805457 0.32176342606544495 765
1690134805473 0.3216373920440674 766
1690134805497 0.3215115964412689 767
1690134805514 0.32138609886169434 768
1690134805530 0.32126080989837646 769
1690134805554 0.3211357891559601 770
1690134805570 0.3210110664367676 771
1690134805586 0.3208865523338318 772
1690134805610 0.3207623362541199 773
1690134805626 0.32063835859298706 774
1690134805650 0.32051464915275574 775
1690134805666 0.3203912079334259 776
1690134805682 0.32026800513267517 777
1690134805706 0.3201450705528259 778
1690134805722 0.3200223743915558 779
1690134805738 0.31989991664886475 780
1690134805763 0.31977778673171997 781
1690134805778 0.3196558356285095 782
1690134805794 0.31953418254852295 783
1690134805818 0.3194127678871155 784
1690134805834 0.3192915916442871 785
1690134805858 0.3191707134246826 786
1690134805874 0.31905004382133484 787
1690134805898 0.31892961263656616 788
1690134805922 0.31880947947502136 789
1690134805979 0.31868958473205566 790
1690134805995 0.31856992840766907 791
1690134806019 0.31845057010650635 792
1690134806035 0.31833139061927795 793
1690134806051 0.31821247935295105 794
1690134806075 0.31809383630752563 795
1690134806092 0.3179754614830017 796
1690134806115 0.3178572952747345 797
1690134806132 0.3177393674850464 798
1690134806148 0.31762173771858215 799
1690134806164 0.31750431656837463 800
1690134806188 0.3173871338367462 801
1690134806204 0.3172702193260193 802
1690134806220 0.31715357303619385 803
1690134806236 0.3170371353626251 804
1690134806260 0.3169209361076355 805
1690134806276 0.31680500507354736 806
1690134806292 0.31668931245803833 807
1690134806316 0.3165738582611084 808
1690134806332 0.31645864248275757 809
1690134806356 0.31634366512298584 810
1690134806372 0.3162289559841156 811
1690134806396 0.31611448526382446 812
1690134806412 0.31600022315979004 813
1690134806436 0.3158862292766571 814
1690134806452 0.31577247381210327 815
1690134806476 0.3156589865684509 816
1690134806492 0.3155456781387329 817
1690134806516 0.3154326379299164 818
1690134806532 0.31531983613967896 819
1690134806548 0.31520727276802063 820
1690134806573 0.3150949478149414 821
1690134806588 0.3149828612804413 822
1690134806612 0.31487101316452026 823
1690134806628 0.31475940346717834 824
1690134806644 0.31464800238609314 825
1690134806668 0.3145368695259094 826
1690134806684 0.3144259452819824 827
1690134806708 0.3143152892589569 828
1690134806724 0.3142048716545105 829
1690134806740 0.3140946626663208 830
1690134806756 0.3139846920967102 831
1690134806780 0.3138749301433563 832
1690134806796 0.31376540660858154 833
1690134806812 0.31365615129470825 834
1690134806836 0.3135471045970917 835
1690134806852 0.3134382963180542 836
1690134806876 0.31332969665527344 837
1690134806892 0.31322136521339417 838
1690134806916 0.3131132125854492 839
1690134806932 0.31300532817840576 840
1690134806948 0.3128976821899414 841
1690134806972 0.3127902150154114 842
1690134806988 0.3126830458641052 843
1690134807012 0.3125760555267334 844
1690134807028 0.3124692738056183 845
1690134807052 0.31236276030540466 846
1690134807068 0.31225648522377014 847
1690134807084 0.31215041875839233 848
1690134807108 0.31204459071159363 849
1690134807124 0.31193897128105164 850
1690134807148 0.31183356046676636 851
1690134807164 0.3117283880710602 852
1690134807188 0.3116234242916107 853
1690134807204 0.31151869893074036 854
1690134807229 0.3114142119884491 855
1690134807245 0.31130993366241455 856
1690134807261 0.3112058937549591 857
1690134807285 0.3111020624637604 858
1690134807301 0.31099843978881836 859
1690134807325 0.31089505553245544 860
1690134807341 0.31079185009002686 861
1690134807357 0.31068894267082214 862
1690134807381 0.31058621406555176 863
1690134807397 0.3104836940765381 864
1690134807413 0.3103814125061035 865
1690134807437 0.31027930974960327 866
1690134807453 0.3101774752140045 867
1690134807469 0.3100758194923401 868
1690134807493 0.30997440218925476 869
1690134807509 0.30987319350242615 870
1690134807525 0.30977219343185425 871
1690134807549 0.30967143177986145 872
1690134807565 0.30957087874412537 873
1690134807581 0.309470534324646 874
1690134807605 0.30937039852142334 875
1690134807621 0.3092704713344574 876
1690134807637 0.30917078256607056 877
1690134807661 0.30907127261161804 878
1690134807677 0.30897200107574463 879
1690134807693 0.30887293815612793 880
1690134807717 0.30877411365509033 881
1690134807733 0.3086754381656647 882
1690134807749 0.3085770010948181 883
1690134807765 0.30847880244255066 884
1690134807789 0.30838078260421753 885
1690134807805 0.3082829713821411 886
1690134807829 0.3081853985786438 887
1690134807845 0.3080880045890808 888
1690134807861 0.3079908490180969 889
1690134807885 0.30789387226104736 890
1690134807901 0.3077971339225769 891
1690134807917 0.30770057439804077 892
1690134807941 0.30760419368743896 893
1690134807957 0.30750811100006104 894
1690134807973 0.30741214752197266 895
1690134807997 0.3073164224624634 896
1690134808013 0.3072209358215332 897
1690134808038 0.3071255683898926 898
1690134808062 0.30703049898147583 899
1690134808078 0.306935578584671 900
1690134808102 0.3068408966064453 901
1690134808118 0.30674639344215393 902
1690134808134 0.3066520690917969 903
1690134808158 0.3065579831600189 904
1690134808174 0.3064640760421753 905
1690134808190 0.3063703775405884 906
1690134808213 0.3062768876552582 907
1690134808229 0.3061835765838623 908
1690134808253 0.30609050393104553 909
1690134808270 0.3059976398944855 910
1690134808286 0.30590492486953735 911
1690134808302 0.30581244826316833 912
1690134808326 0.30572015047073364 913
1690134808350 0.3056280314922333 914
1690134808366 0.305536150932312 915
1690134808382 0.3054444193840027 916
1690134808406 0.30535292625427246 917
1690134808422 0.30526164174079895 918
1690134808446 0.30517053604125977 919
1690134808462 0.3050795793533325 920
1690134808486 0.3049888610839844 921
1690134808502 0.30489832162857056 922
1690134808526 0.30480799078941345 923
1690134808542 0.3047178387641907 924
1690134808566 0.3046278953552246 925
1690134808582 0.30453813076019287 926
1690134808598 0.30444857478141785 927
1690134808622 0.30435922741889954 928
1690134808638 0.30427005887031555 929
1690134808654 0.3041810691356659 930
1690134808678 0.30409228801727295 931
1690134808694 0.30400365591049194 932
1690134808717 0.30391523241996765 933
1690134808734 0.3038270175457001 934
1690134808750 0.3037389814853668 935
1690134808766 0.3036511242389679 936
1690134808790 0.3035634756088257 937
1690134808806 0.3034759759902954 938
1690134808830 0.3033887445926666 939
1690134808854 0.3033016324043274 940
1690134808870 0.3032147288322449 941
1690134808894 0.3031280040740967 942
1690134808910 0.3030414581298828 943
1690134808926 0.30295512080192566 944
1690134808950 0.30286896228790283 945
1690134808966 0.30278298258781433 946
1690134808982 0.30269718170166016 947
1690134809007 0.3026115298271179 948
1690134809022 0.3025261461734772 949
1690134809038 0.302440881729126 950
1690134809062 0.3023558259010315 951
1690134809078 0.30227094888687134 952
1690134809094 0.3021862506866455 953
1690134809118 0.3021017014980316 954
1690134809134 0.3020173907279968 955
1690134809158 0.301933228969574 956
1690134809174 0.30184924602508545 957
1690134809198 0.30176547169685364 958
1690134809214 0.30168184638023376 959
1690134809230 0.3015984296798706 960
1690134809254 0.3015151619911194 961
1690134809270 0.3014320731163025 962
1690134809294 0.3013491630554199 963
1690134809314 0.3012664318084717 964
1690134809334 0.30118387937545776 965
1690134809350 0.3011015057563782 966
1690134809366 0.3010193407535553 967
1690134809382 0.30093732476234436 968
1690134809407 0.30085548758506775 969
1690134809423 0.30077382922172546 970
1690134809447 0.3006923198699951 971
1690134809463 0.30061104893684387 972
1690134809479 0.3005298972129822 973
1690134809503 0.3004489541053772 974
1690134809567 0.30036813020706177 975
