1689085767415 0.7685444355010986 0
1689085767444 0.749462366104126 1
1689085767457 0.7363150715827942 2
1689085767471 0.7256957292556763 3
1689085767484 0.7165428996086121 4
1689085767497 0.7083683013916016 5
1689085767511 0.7009016275405884 6
1689085767550 0.6939759254455566 7
1689085767565 0.6874788999557495 8
1689085767580 0.6813321709632874 9
1689085767593 0.675477921962738 10
1689085767607 0.6698724627494812 11
1689085767621 0.6644819378852844 12
1689085767635 0.6592792272567749 13
1689085767648 0.654242992401123 14
1689085767662 0.6493549346923828 15
1689085767674 0.6446008682250977 16
1689085767686 0.6399679183959961 17
1689085767701 0.6354459524154663 18
1689085767714 0.6310257315635681 19
1689085767728 0.6266998052597046 20
1689085767742 0.6224613189697266 21
1689085767800 0.6183043718338013 22
1689085767813 0.6142241358757019 23
1689085767826 0.6102158427238464 24
1689085767838 0.6062754392623901 25
1689085767852 0.602399468421936 26
1689085767865 0.5985845327377319 27
1689085767880 0.5948279500007629 28
1689085767894 0.5911269783973694 29
1689085767908 0.5874791741371155 30
1689085767920 0.5838822722434998 31
1689085767934 0.5803345441818237 32
1689085767947 0.5768338441848755 33
1689085767962 0.5733785033226013 34
1689085767976 0.5699669122695923 35
1689085767988 0.5665977597236633 36
1689085768001 0.563269317150116 37
1689085768015 0.5599804520606995 38
1689085768029 0.556729793548584 39
1689085768044 0.553516149520874 40
1689085768058 0.5503387451171875 41
1689085768071 0.5471959114074707 42
1689085768085 0.5440866947174072 43
1689085768099 0.5410104393959045 44
1689085768112 0.5379659533500671 45
1689085768126 0.5349522829055786 46
1689085768138 0.5319687128067017 47
1689085768151 0.5290141105651855 48
1689085768237 0.5260879397392273 49
1689085768250 0.5231890082359314 50
1689085768264 0.5203169584274292 51
1689085768279 0.5174708366394043 52
1689085768293 0.5146499276161194 53
1689085768305 0.5118536949157715 54
1689085768319 0.5090813040733337 55
1689085768333 0.5063321590423584 56
1689085768347 0.503605842590332 57
1689085768361 0.5009017586708069 58
1689085768376 0.49821943044662476 59
1689085768390 0.4955582618713379 60
1689085768403 0.4929179847240448 61
1689085768416 0.49029800295829773 62
1689085768430 0.48769813776016235 63
1689085768446 0.48511791229248047 64
1689085768462 0.4825570583343506 65
1689085768478 0.4800153374671936 66
1689085768490 0.47749248147010803 67
1689085768504 0.47498828172683716 68
1689085768519 0.4725024104118347 69
1689085768533 0.470034658908844 70
1689085768546 0.46758490800857544 71
1689085768561 0.4651530086994171 72
1689085768573 0.46273869276046753 73
1689085768587 0.4603419303894043 74
1689085768602 0.4579624533653259 75
1689085768615 0.45560014247894287 76
1689085768630 0.4532549977302551 77
1689085768644 0.4509267807006836 78
1689085768657 0.4486152231693268 79
1689085768670 0.4463203549385071 80
1689085768686 0.44404205679893494 81
1689085768701 0.4417802095413208 82
1689085768716 0.4395345449447632 83
1689085768730 0.4373052418231964 84
1689085768744 0.43509185314178467 85
1689085768756 0.4328944683074951 86
1689085768770 0.43071287870407104 87
1689085768784 0.4285470247268677 88
1689085768797 0.42639684677124023 89
1689085768813 0.4242621660232544 90
1689085768827 0.4221428334712982 91
1689085768840 0.42003893852233887 92
1689085768855 0.41795021295547485 93
1689085768988 0.41587647795677185 94
1689085769010 0.4138179123401642 95
1689085769033 0.4117741882801056 96
1689085769052 0.40974515676498413 97
1689085769070 0.40773096680641174 98
1689085769087 0.40573132038116455 99
1689085769122 0.40374621748924255 100
1689085769143 0.4017755389213562 101
1689085769164 0.39981913566589355 102
1689085769179 0.39787688851356506 103
1689085769194 0.3959488272666931 104
1689085769208 0.39403483271598816 105
1689085769222 0.39213478565216064 106
1689085769237 0.3902485966682434 107
1689085769250 0.3883761763572693 108
1689085769264 0.38651740550994873 109
1689085769278 0.3846721649169922 110
1689085769292 0.3828403949737549 111
1689085769305 0.3810221552848816 112
1689085769319 0.37921714782714844 113
1689085769333 0.37742534279823303 114
1689085769346 0.3756466507911682 115
1689085769359 0.3738810420036316 116
1689085769375 0.37212833762168884 117
1689085769391 0.37038859724998474 118
1689085769405 0.3686615824699402 119
1689085769418 0.3669472634792328 120
1689085769431 0.365245521068573 121
1689085769445 0.3635563254356384 122
1689085769460 0.3618795573711395 123
1689085769472 0.36021509766578674 124
1689085769487 0.3585629463195801 125
1689085769507 0.35692301392555237 126
1689085769521 0.35529521107673645 127
1689085769535 0.3536798655986786 128
1689085769549 0.3520817756652832 129
1689085769562 0.3505200147628784 130
1689085769576 0.3489215672016144 131
1689085769589 0.3473402261734009 132
1689085769603 0.345779687166214 133
1689085769616 0.34423333406448364 134
1689085769630 0.34269899129867554 135
1689085769644 0.3411763310432434 136
1689085769658 0.33966487646102905 137
1689085769671 0.33816465735435486 138
1689085769686 0.33667564392089844 139
1689085769700 0.33519765734672546 140
1689085769713 0.3337306082248688 141
1689085769727 0.33227452635765076 142
1689085769740 0.33082932233810425 143
1689085769754 0.32939523458480835 144
1689085769769 0.3279725909233093 145
1689085769785 0.3265624940395355 146
1689085769801 0.32516390085220337 147
1689085769814 0.3237725496292114 148
1689085769828 0.32238662242889404 149
1689085769843 0.32101136445999146 150
1689085769856 0.3196476697921753 151
1689085769869 0.31829506158828735 152
1689085769884 0.3169528841972351 153
1689085769897 0.31562095880508423 154
1689085769912 0.3142990171909332 155
1689085769927 0.31298696994781494 156
1689085769941 0.3116847276687622 157
1689085769954 0.3103923201560974 158
1689085769968 0.30910971760749817 159
1689085769983 0.3078371286392212 160
1689085770156 0.3065739870071411 161
1689085770169 0.30532002449035645 162
1689085770182 0.30407392978668213 163
1689085770195 0.30283623933792114 164
1689085770209 0.3016071915626526 165
1689085770221 0.3003873825073242 166
1689085770235 0.29917672276496887 167
1689085770250 0.2979751229286194 168
1689085770263 0.2967824339866638 169
1689085770278 0.29559844732284546 170
1689085770293 0.2944231331348419 171
1689085770305 0.29325640201568604 172
1689085770318 0.29209810495376587 173
1689085770332 0.29094812273979187 174
1689085770347 0.2898063659667969 175
1689085770362 0.2886723577976227 176
1689085770377 0.2875458896160126 177
1689085770388 0.2864268720149994 178
1689085770402 0.28531527519226074 179
1689085770415 0.28421109914779663 180
1689085770429 0.28311437368392944 181
1689085770443 0.282025009393692 182
1689085770460 0.28094273805618286 183
1689085770477 0.27986741065979004 184
1689085770493 0.27879899740219116 185
1689085770510 0.277737021446228 186
1689085770523 0.27668148279190063 187
1689085770538 0.2756319046020508 188
1689085770554 0.27458807826042175 189
1689085770575 0.2735496163368225 190
1689085770596 0.2725163698196411 191
1689085770620 0.2714877724647522 192
1689085770643 0.2704639434814453 193
1689085770664 0.26944422721862793 194
1689085770684 0.2684290111064911 195
1689085770700 0.2674175500869751 196
1689085770715 0.2664104104042053 197
1689085770730 0.2654067873954773 198
1689085770744 0.264407217502594 199
1689085770758 0.26341110467910767 200
1689085770774 0.2624189853668213 201
1689085770786 0.26143017411231995 202
1689085770801 0.26044535636901855 203
1689085770814 0.25946375727653503 204
1689085770828 0.2584861218929291 205
1689085770841 0.2575114965438843 206
1689085770853 0.2565408945083618 207
1689085770867 0.2555732727050781 208
1689085770881 0.2546095550060272 209
1689085770894 0.2536488175392151 210
1689085770907 0.2526918947696686 211
1689085770921 0.25173789262771606 212
1689085770935 0.2507875859737396 213
1689085770950 0.24984002113342285 214
1689085770963 0.24889607727527618 215
1689085770977 0.24795478582382202 216
1689085770989 0.2470170259475708 217
1689085771002 0.24608175456523895 218
1689085771015 0.24514999985694885 219
1689085771030 0.24422073364257812 220
1689085771044 0.24329490959644318 221
1689085771057 0.24237161874771118 222
1689085771071 0.24145184457302094 223
1689085771085 0.24053460359573364 224
1689085771100 0.23962101340293884 225
1689085771113 0.23870991170406342 226
1689085771127 0.23780246078968048 227
1689085771142 0.23689767718315125 228
1689085771154 0.23599651455879211 229
1689085771168 0.2350980043411255 230
1689085771181 0.2342032790184021 231
1689085771195 0.23331111669540405 232
1689085771208 0.23242273926734924 233
1689085771221 0.2315370738506317 234
1689085771235 0.23065513372421265 235
1689085771248 0.22977590560913086 236
1689085771261 0.2289004921913147 237
1689085771275 0.22802773118019104 238
1689085771291 0.22715884447097778 239
1689085771304 0.22629262506961823 240
1689085771318 0.22543032467365265 241
1689085771332 0.22457069158554077 242
1689085771346 0.2237148880958557 243
1689085771361 0.2228618562221527 244
1689085771376 0.22201266884803772 245
1689085771390 0.22116616368293762 246
1689085771403 0.22032347321510315 247
1689085771416 0.21948350965976715 248
1689085771431 0.21864745020866394 249
1689085771446 0.21781399846076965 250
1689085771459 0.2169843316078186 251
1689085771472 0.2161574363708496 252
1689085771486 0.21533429622650146 253
1689085771500 0.214513897895813 254
1689085771513 0.21369722485542297 255
1689085771528 0.21288327872753143 256
1689085771540 0.21207307279109955 257
1689085771553 0.21126559376716614 258
1689085771567 0.21046186983585358 259
1689085771823 0.20966076850891113 260
1689085771837 0.20886340737342834 261
1689085771852 0.20806875824928284 262
1689085771865 0.20727774500846863 263
1689085771881 0.2064894437789917 264
1689085771895 0.20570483803749084 265
1689085771909 0.20492282509803772 266
1689085771925 0.20414447784423828 267
1689085771941 0.20336879789829254 268
1689085771955 0.2025967538356781 269
1689085771969 0.20182733237743378 270
1689085771984 0.20106154680252075 271
1689085771998 0.20029836893081665 272
1689085772011 0.19953876733779907 273
1689085772025 0.19878177344799042 274
1689085772038 0.19802837073802948 275
1689085772051 0.19727754592895508 276
1689085772064 0.196530282497406 277
1689085772078 0.19578562676906586 278
1689085772091 0.19504442811012268 279
1689085772104 0.19430586695671082 280
1689085772117 0.1935708075761795 281
1689085772158 0.19283828139305115 282
1689085772180 0.19210925698280334 283
1689085772198 0.1913827508687973 284
1689085772212 0.19065973162651062 285
1689085772226 0.1899392157793045 286
1689085772241 0.18922218680381775 287
1689085772254 0.18850761651992798 288
1689085772269 0.18779651820659637 289
1689085772283 0.18708786368370056 290
1689085772298 0.18638268113136292 291
1689085772311 0.18567989766597748 292
1689085772325 0.18498052656650543 293
1689085772337 0.18428367376327515 294
1689085772350 0.1835901141166687 295
1689085772363 0.18289901316165924 296
1689085772378 0.1822112500667572 297
1689085772391 0.18152588605880737 298
1689085772403 0.18084388971328735 299
1689085772415 0.18016427755355835 300
1689085772429 0.17948797345161438 301
1689085772445 0.17881406843662262 302
1689085772459 0.1781434267759323 303
1689085772472 0.17747515439987183 304
1689085772487 0.1768101155757904 305
1689085772501 0.1761474311351776 306
1689085772514 0.17548799514770508 307
1689085772531 0.17483088374137878 308
1689085772547 0.17417694628238678 309
1689085772564 0.17352527379989624 310
1689085772581 0.17287689447402954 311
1689085772599 0.17223072052001953 312
1689085772614 0.17158770561218262 313
1689085772629 0.17094694077968597 314
1689085772649 0.17030932009220123 315
1689085772663 0.16967393457889557 316
1689085772678 0.16904157400131226 317
1689085772692 0.1684114634990692 318
1689085772706 0.1677844226360321 319
1689085772722 0.16715948283672333 320
1689085772736 0.1665375530719757 321
1689085772750 0.16591773927211761 322
1689085772763 0.1653009057044983 323
1689085772777 0.16468611359596252 324
1689085772789 0.16407424211502075 325
1689085772803 0.16346432268619537 326
1689085772817 0.1628572791814804 327
1689085772831 0.16225215792655945 328
1689085772844 0.16164979338645935 329
1689085772858 0.1610492467880249 330
1689085772870 0.16045138239860535 331
1689085772884 0.15985524654388428 332
1689085772896 0.15926170349121094 333
1689085772910 0.15866976976394653 334
1689085772922 0.15808025002479553 335
1689085772935 0.15749230980873108 336
1689085772950 0.15690676867961884 337
1689085772963 0.15632271766662598 338
1689085772977 0.15574102103710175 339
1689085772992 0.15516075491905212 340
1689085773008 0.15458284318447113 341
1689085773020 0.15400636196136475 342
1689085773033 0.15343225002288818 343
1689085773047 0.15285958349704742 344
1689085773061 0.1522892713546753 345
1689085773076 0.15172044932842255 346
1689085773088 0.1511540561914444 347
1689085773101 0.15058910846710205 348
1689085773114 0.1500265896320343 349
1689085773126 0.14946557581424713 350
1689085773140 0.14890699088573456 351
1689085773153 0.14834995567798615 352
1689085773167 0.14779531955718994 353
1689085773181 0.1472422480583191 354
1689085773196 0.14669157564640045 355
1689085773210 0.14614248275756836 356
1689085773224 0.14559580385684967 357
1689085773236 0.14505073428153992 358
1689085773250 0.14450806379318237 359
1689085773263 0.14396695792675018 360
1689085773277 0.14342829585075378 361
1689085773291 0.14289119839668274 362
1689085773308 0.1423565149307251 363
1689085773321 0.141823410987854 364
1689085773335 0.14129270613193512 365
1689085773348 0.14076361060142517 366
1689085773362 0.14023689925670624 367
1689085773376 0.13971173763275146 368
1689085773390 0.13918903470039368 369
1689085773403 0.13866783678531647 370
1689085773416 0.13814905285835266 371
1689085773430 0.1376318335533142 372
1689085773445 0.13711699843406677 373
1689085773459 0.1366036981344223 374
1689085773471 0.13609281182289124 375
1689085773484 0.13558337092399597 376
1689085773498 0.1350764036178589 377
1689085773512 0.13457085192203522 378
1689085773528 0.13406774401664734 379
1689085773542 0.13356608152389526 380
1689085773555 0.1330668330192566 381
1689085773568 0.13256901502609253 382
1689085773583 0.1320735663175583 383
1689085773598 0.13157956302165985 384
1689085773612 0.13108791410923004 385
1689085773627 0.13059771060943604 386
1689085773641 0.13010980188846588 387
1689085773653 0.12962335348129272 388
1689085773667 0.12913915514945984 389
1689085773681 0.12865638732910156 390
1689085773695 0.12817591428756714 391
1689085773710 0.12769678235054016 392
1689085773723 0.12721991539001465 393
1689085773736 0.12674438953399658 394
1689085773749 0.1262710690498352 395
1689085773764 0.12579908967018127 396
1689085773777 0.12532928586006165 397
1689085773788 0.12486077100038528 398
1689085773802 0.12439440935850143 399
1689085773815 0.1239292323589325 400
1689085773829 0.12346617877483368 401
1689085773842 0.12300427258014679 402
