1689085767415 0.7544841170310974 0
1689085767444 0.7479742169380188 1
1689085767457 0.7433499693870544 2
1689085767471 0.7395308613777161 3
1689085767484 0.7361772060394287 4
1689085767497 0.7331320643424988 5
1689085767511 0.7303083539009094 6
1689085767550 0.7276520729064941 7
1689085767565 0.7251268625259399 8
1689085767580 0.7227074503898621 9
1689085767593 0.7203748822212219 10
1689085767607 0.7181150913238525 11
1689085767621 0.7159171104431152 12
1689085767635 0.7137720584869385 13
1689085767648 0.7116729021072388 14
1689085767662 0.7096139192581177 15
1689085767674 0.7075904607772827 16
1689085767686 0.7055982351303101 17
1689085767701 0.7036342024803162 18
1689085767714 0.7016952037811279 19
1689085767728 0.6997789144515991 20
1689085767742 0.6978831887245178 21
1689085767800 0.696006178855896 22
1689085767813 0.6941463351249695 23
1689085767826 0.6923022866249084 24
1689085767838 0.6904726624488831 25
1689085767852 0.6886565685272217 26
1689085767865 0.6868528127670288 27
1689085767880 0.6850607991218567 28
1689085767894 0.6832796931266785 29
1689085767908 0.6815087795257568 30
1689085767920 0.679747462272644 31
1689085767934 0.6779953241348267 32
1689085767947 0.6762518286705017 33
1689085767962 0.6745164394378662 34
1689085767976 0.6727889180183411 35
1689085767988 0.6710689067840576 36
1689085768001 0.6693559885025024 37
1689085768015 0.6676499843597412 38
1689085768029 0.6659505367279053 39
1689085768044 0.6642575263977051 40
1689085768058 0.6625708341598511 41
1689085768071 0.6608899831771851 42
1689085768085 0.659214973449707 43
1689085768099 0.6575456857681274 44
1689085768112 0.655881941318512 45
1689085768126 0.6542235016822815 46
1689085768138 0.6525704860687256 47
1689085768151 0.6509225368499756 48
1689085768237 0.6492797136306763 49
1689085768250 0.6476417779922485 50
1689085768264 0.6460088491439819 51
1689085768279 0.6443806886672974 52
1689085768293 0.6427572965621948 53
1689085768305 0.6411386132240295 54
1689085768319 0.639524519443512 55
1689085768333 0.6379148960113525 56
1689085768347 0.6363098621368408 57
1689085768361 0.634709358215332 58
1689085768376 0.6331132650375366 59
1689085768390 0.6315215826034546 60
1689085768403 0.6299342513084412 61
1689085768416 0.6283512115478516 62
1689085768430 0.6267725825309753 63
1689085768446 0.6251981258392334 64
1689085768462 0.6236280202865601 65
1689085768478 0.6220622062683105 66
1689085768490 0.6205005645751953 67
1689085768504 0.6189432740211487 68
1689085768519 0.6173902153968811 69
1689085768533 0.615841269493103 70
1689085768546 0.6142966151237488 71
1689085768561 0.6127561926841736 72
1689085768573 0.6112199425697327 73
1689085768587 0.6096880435943604 74
1689085768602 0.6081603169441223 75
1689085768615 0.6066368818283081 76
1689085768630 0.605117678642273 77
1689085768644 0.6036027669906616 78
1689085768657 0.6020921468734741 79
1689085768670 0.6005856990814209 80
1689085768686 0.5990836024284363 81
1689085768701 0.5975857973098755 82
1689085768716 0.5960922241210938 83
1689085768730 0.5946030616760254 84
1689085768744 0.5931180715560913 85
1689085768756 0.591637372970581 86
1689085768770 0.5901609659194946 87
1689085768784 0.588688850402832 88
1689085768797 0.5872210264205933 89
1689085768813 0.5857574939727783 90
1689085768827 0.5842982530593872 91
1689085768840 0.5828433036804199 92
1689085768855 0.5813925862312317 93
1689085768988 0.5799461007118225 94
1689085769010 0.5785039663314819 95
1689085769033 0.5770660638809204 96
1689085769052 0.5756323337554932 97
1689085769070 0.5742029547691345 98
1689085769087 0.5727777481079102 99
1689085769122 0.5713567733764648 100
1689085769143 0.5699400901794434 101
1689085769164 0.5685275197029114 102
1689085769179 0.5671191215515137 103
1689085769194 0.565714955329895 104
1689085769208 0.5643150210380554 105
1689085769222 0.5629192590713501 106
1689085769237 0.561527669429779 107
1689085769250 0.5601401925086975 108
1689085769264 0.558756947517395 109
1689085769278 0.5573777556419373 110
1689085769292 0.556002676486969 111
1689085769305 0.5546318292617798 112
1689085769319 0.5532649755477905 113
1689085769333 0.5519022941589355 114
1689085769346 0.5505436658859253 115
1689085769359 0.5491890907287598 116
1689085769375 0.547838568687439 117
1689085769391 0.5464922189712524 118
1689085769405 0.5451498031616211 119
1689085769418 0.5438114404678345 120
1689085769431 0.5424771308898926 121
1689085769445 0.5411467552185059 122
1689085769460 0.5398204326629639 123
1689085769472 0.538498044013977 124
1689085769487 0.537179708480835 125
1689085769507 0.535865306854248 126
1689085769521 0.5345547795295715 127
1689085769535 0.5332484245300293 128
1689085769549 0.5319452285766602 129
1689085769562 0.5306483507156372 130
1689085769576 0.5293492674827576 131
1689085769589 0.5280613303184509 132
1689085769603 0.5267727375030518 133
1689085769616 0.525490403175354 134
1689085769630 0.5242105722427368 135
1689085769644 0.5229353904724121 136
1689085769658 0.5216635465621948 137
1689085769671 0.5203958749771118 138
1689085769686 0.5191316604614258 139
1689085769700 0.517871618270874 140
1689085769713 0.5166149139404297 141
1689085769727 0.5153623819351196 142
1689085769740 0.5141130685806274 143
1689085769754 0.5128682851791382 144
1689085769769 0.5116260051727295 145
1689085769785 0.5103892087936401 146
1689085769801 0.5091533660888672 147
1689085769814 0.5079249143600464 148
1689085769828 0.5066957473754883 149
1689085769843 0.505474328994751 150
1689085769856 0.5042532682418823 151
1689085769869 0.5030382871627808 152
1689085769884 0.5018249750137329 153
1689085769897 0.5006167888641357 154
1689085769912 0.49941086769104004 155
1689085769927 0.49820971488952637 156
1689085769941 0.4970107674598694 157
1689085769954 0.495816707611084 158
1689085769968 0.4946245551109314 159
1689085769983 0.4934377670288086 160
1689085770156 0.49225202202796936 161
1689085770169 0.49107250571250916 162
1689085770182 0.48989319801330566 163
1689085770195 0.488720566034317 164
1689085770209 0.4875481128692627 165
1689085770221 0.4863818287849426 166
1689085770235 0.48521631956100464 167
1689085770250 0.4840562641620636 168
1689085770263 0.48289749026298523 169
1689085770278 0.4817436933517456 170
1689085770293 0.4805912673473358 171
1689085770305 0.47944384813308716 172
1689085770318 0.47829753160476685 173
1689085770332 0.47715631127357483 174
1689085770347 0.4760158360004425 175
1689085770362 0.47488081455230713 176
1689085770377 0.47374582290649414 177
1689085770388 0.47261667251586914 178
1689085770402 0.47148728370666504 179
1689085770415 0.47036343812942505 180
1689085770429 0.46923938393592834 181
1689085770443 0.4681204855442047 182
1689085770460 0.46700143814086914 183
1689085770477 0.46588706970214844 184
1689085770493 0.46477246284484863 185
1689085770510 0.4636622369289398 186
1689085770523 0.4625512361526489 187
1689085770538 0.4614446759223938 188
1689085770554 0.46033644676208496 189
1689085770575 0.45923271775245667 190
1689085770596 0.4581265449523926 191
1689085770620 0.4570246934890747 192
1689085770643 0.45591986179351807 193
1689085770664 0.4548189342021942 194
1689085770684 0.4537147283554077 195
1689085770700 0.45261406898498535 196
1689085770715 0.45151010155677795 197
1689085770730 0.45040953159332275 198
1689085770744 0.44930559396743774 199
1689085770758 0.4482051432132721 200
1689085770774 0.44710132479667664 201
1689085770786 0.4460012912750244 202
1689085770801 0.4448978304862976 203
1689085770814 0.4437985420227051 204
1689085770828 0.44269585609436035 205
1689085770841 0.4415974020957947 206
1689085770853 0.44049572944641113 207
1689085770867 0.43939846754074097 208
1689085770881 0.43829798698425293 209
1689085770894 0.4372020363807678 210
1689085770907 0.43610304594039917 211
1689085770921 0.4350084960460663 212
1689085770935 0.43391111493110657 213
1689085770950 0.43281811475753784 214
1689085770963 0.43172234296798706 215
1689085770977 0.4306311011314392 216
1689085770989 0.42953699827194214 217
1689085771002 0.4284474849700928 218
1689085771015 0.4273550510406494 219
1689085771030 0.4262674152851105 220
1689085771044 0.42517685890197754 221
1689085771057 0.4240909814834595 222
1689085771071 0.42300236225128174 223
1689085771085 0.4219183623790741 224
1689085771100 0.4208317697048187 225
1689085771113 0.41974973678588867 226
1689085771127 0.4186651110649109 227
1689085771142 0.41758519411087036 228
1689085771154 0.41650262475013733 229
1689085771168 0.41542476415634155 230
1689085771181 0.4143444299697876 231
1689085771195 0.4132687747478485 232
1689085771208 0.41219061613082886 233
1689085771221 0.4111172556877136 234
1689085771235 0.4100413918495178 235
1689085771248 0.40897035598754883 236
1689085771261 0.40789681673049927 237
1689085771275 0.4068281352519989 238
1689085771291 0.40575703978538513 239
1689085771304 0.40469077229499817 240
1689085771318 0.4036221504211426 241
1689085771332 0.4025583863258362 242
1689085771346 0.4014922082424164 243
1689085771361 0.40043097734451294 244
1689085771376 0.3993673324584961 245
1689085771390 0.3983086347579956 246
1689085771403 0.3972475230693817 247
1689085771416 0.39619141817092896 248
1689085771431 0.3951329290866852 249
1689085771446 0.39407944679260254 250
1689085771459 0.39302346110343933 251
1689085771472 0.3919726014137268 252
1689085771486 0.3909192383289337 253
1689085771500 0.3898710310459137 254
1689085771513 0.3888203203678131 255
1689085771528 0.3877747058868408 256
1689085771540 0.3867266774177551 257
1689085771553 0.38568371534347534 258
1689085771567 0.38463836908340454 259
1689085771823 0.38359805941581726 260
1689085771837 0.3825553059577942 261
1689085771852 0.3815177381038666 262
1689085771865 0.3804776072502136 263
1689085771881 0.3794427216053009 264
1689085771895 0.3784053325653076 265
1689085771909 0.3773730993270874 266
1689085771925 0.3763383626937866 267
1689085771941 0.3753088414669037 268
1689085771955 0.3742768168449402 269
1689085771969 0.37324994802474976 270
1689085771984 0.37222063541412354 271
1689085771998 0.371196448802948 272
1689085772011 0.3701697587966919 273
1689085772025 0.36914825439453125 274
1689085772038 0.36812424659729004 275
1689085772051 0.36710551381111145 276
1689085772064 0.36608415842056274 277
1689085772078 0.36506810784339905 278
1689085772091 0.36404940485954285 279
1689085772104 0.36303603649139404 280
1689085772117 0.3620200455188751 281
1689085772158 0.3610093593597412 282
1689085772180 0.3599960207939148 283
1689085772198 0.3589880168437958 284
1689085772212 0.35797739028930664 285
1689085772226 0.35697200894355774 286
1689085772241 0.3559640645980835 287
1689085772254 0.3549613952636719 288
1689085772269 0.35395604372024536 289
1689085772283 0.35295605659484863 290
1689085772298 0.351953387260437 291
1689085772311 0.3509560227394104 292
1689085772325 0.3499559462070465 293
1689085772337 0.34896135330200195 294
1689085772350 0.3479638993740082 295
1689085772363 0.34697186946868896 296
1689085772378 0.3459770977497101 297
1689085772391 0.344987690448761 298
1689085772403 0.34399551153182983 299
1689085772415 0.34300875663757324 300
1689085772429 0.34201914072036743 301
1689085772445 0.34103500843048096 302
1689085772459 0.34004801511764526 303
1689085772472 0.33906644582748413 304
1689085772487 0.3380820155143738 305
1689085772501 0.337103009223938 306
1689085772514 0.336121141910553 307
1689085772531 0.33514466881752014 308
1689085772547 0.3341653048992157 309
1689085772564 0.3331913352012634 310
1689085772581 0.3322145342826843 311
1689085772599 0.331243097782135 312
1689085772614 0.3302686810493469 313
1689085772629 0.3292996883392334 314
1689085772649 0.3283277153968811 315
1689085772663 0.32736116647720337 316
1689085772678 0.3263915181159973 317
1689085772692 0.3254273533821106 318
1689085772706 0.3244600296020508 319
1689085772722 0.3234981298446655 320
1689085772736 0.32253298163414 321
1689085772750 0.32157325744628906 322
1689085772763 0.32061028480529785 323
1689085772777 0.31965261697769165 324
1689085772789 0.318691611289978 325
1689085772803 0.31773585081100464 326
1689085772817 0.3167766332626343 327
1689085772831 0.31582266092300415 328
1689085772844 0.3148650825023651 329
1689085772858 0.31391260027885437 330
1689085772870 0.3129563331604004 331
1689085772884 0.31200504302978516 332
1689085772896 0.31104984879493713 333
1689085772910 0.3100994825363159 334
1689085772922 0.3091449737548828 335
1689085772935 0.30819523334503174 336
1689085772950 0.30724120140075684 337
1689085772963 0.3062919080257416 338
1689085772977 0.3053382635116577 339
1689085772992 0.30438920855522156 340
1689085773008 0.3034358024597168 341
1689085773020 0.3024870753288269 342
1689085773033 0.30153393745422363 343
1689085773047 0.30058553814888 344
1689085773061 0.2996326982975006 345
1689085773076 0.2986847460269928 346
1689085773088 0.2977323532104492 347
1689085773101 0.29678481817245483 348
1689085773114 0.29583293199539185 349
1689085773126 0.29488593339920044 350
1689085773140 0.29393458366394043 351
1689085773153 0.29298827052116394 352
1689085773167 0.2920374274253845 353
1689085773181 0.29109176993370056 354
1689085773196 0.29014161229133606 355
1689085773210 0.28919661045074463 356
1689085773224 0.28824713826179504 357
1689085773236 0.2873028814792633 358
1689085773250 0.286354124546051 359
1689085773263 0.2854105830192566 360
1689085773277 0.2844625413417816 361
1689085773291 0.2835197448730469 362
1689085773308 0.2825724482536316 363
1689085773321 0.28163042664527893 364
1689085773335 0.28068381547927856 365
1689085773348 0.27974259853363037 366
1689085773362 0.2787967324256897 367
1689085773376 0.2778562903404236 368
1689085773390 0.2769111394882202 369
1689085773403 0.2759714722633362 370
1689085773416 0.27502700686454773 371
1689085773430 0.2740880846977234 372
1689085773445 0.27314430475234985 373
1689085773459 0.2722061276435852 374
1689085773471 0.271263062953949 375
1689085773484 0.27032560110092163 376
1689085773498 0.26938316226005554 377
1689085773512 0.2684463858604431 378
1689085773528 0.26750457286834717 379
1689085773542 0.26656845211982727 380
1689085773555 0.2656272351741791 381
1689085773568 0.2646917700767517 382
1689085773583 0.2637510895729065 383
1689085773598 0.26281625032424927 384
1689085773612 0.26187601685523987 385
1689085773627 0.260941743850708 386
1689085773641 0.26000192761421204 387
1689085773653 0.25906819105148315 388
1689085773667 0.25812873244285583 389
1689085773681 0.2571954131126404 390
1689085773695 0.25625622272491455 391
1689085773710 0.25532326102256775 392
1689085773723 0.25438427925109863 393
1689085773736 0.2534515857696533 394
1689085773749 0.2532954812049866 395
1689085773764 0.2515801191329956 396
1689085773777 0.25234219431877136 397
1689085773788 0.25036031007766724 398
1689085773802 0.2513861060142517 399
1689085773815 0.25 400
1689085773829 0.2504265606403351 401
1689085773842 0.25 402
