1689082547207 2.6370508670806885 0
1689082547246 2.5271615982055664 1
1689082547266 2.4507663249969482 2
1689082547284 2.388700485229492 3
1689082547299 2.334963083267212 4
1689082547315 2.2867889404296875 5
1689082547331 2.2426416873931885 6
1689082547369 2.2015719413757324 7
1689082547385 2.162942886352539 8
1689082547400 2.1263091564178467 9
1689082547417 2.0913424491882324 10
1689082547432 2.0577926635742188 11
1689082547446 2.0254697799682617 12
1689082547461 1.9942195415496826 13
1689082547488 1.963918685913086 14
1689082547517 1.9344673156738281 15
1689082547533 1.9057813882827759 16
1689082547548 1.8777927160263062 17
1689082547597 1.8504416942596436 18
1689082547612 1.8236777782440186 19
1689082547627 1.797458529472351 20
1689082547642 1.7717479467391968 21
1689082547657 1.746512532234192 22
1689082547673 1.7217254638671875 23
1689082547689 1.6973618268966675 24
1689082547703 1.673399806022644 25
1689082547719 1.6498202085494995 26
1689082547735 1.6266067028045654 27
1689082547751 1.603744626045227 28
1689082547767 1.5812197923660278 29
1689082547784 1.5590201616287231 30
1689082547801 1.5371345281600952 31
1689082547817 1.5155541896820068 32
1689082547834 1.4942699670791626 33
1689082547851 1.4732731580734253 34
1689082547866 1.4525567293167114 35
1689082547881 1.4321144819259644 36
1689082547955 1.4119402170181274 37
1689082547974 1.392027735710144 38
1689082547988 1.372371792793274 39
1689082548002 1.3529690504074097 40
1689082548018 1.3338137865066528 41
1689082548035 1.314902424812317 42
1689082548052 1.2962309122085571 43
1689082548069 1.2777963876724243 44
1689082548087 1.2595938444137573 45
1689082548103 1.241621732711792 46
1689082548123 1.2238757610321045 47
1689082548142 1.2063546180725098 48
1689082548161 1.189054012298584 49
1689082548179 1.1719728708267212 50
1689082548196 1.1551077365875244 51
1689082548211 1.1384565830230713 52
1689082548228 1.1220176219940186 53
1689082548248 1.105788230895996 54
1689082548265 1.089766025543213 55
1689082548280 1.0739494562149048 56
1689082548295 1.058336615562439 57
1689082548310 1.0429253578186035 58
1689082548324 1.0277143716812134 59
1689082548341 1.0127012729644775 60
1689082548355 0.9978846311569214 61
1689082548369 0.9832621216773987 62
1689082548385 0.9688326716423035 63
1689082548400 0.9545950889587402 64
1689082548415 0.9405468702316284 65
1689082548431 0.9266866445541382 66
1689082548533 0.9130131006240845 67
1689082548549 0.8995241522789001 68
1689082548562 0.8862186074256897 69
1689082548578 0.8730952143669128 70
1689082548594 0.8601518273353577 71
1689082548609 0.8473875522613525 72
1689082548624 0.834800660610199 73
1689082548641 0.8223893642425537 74
1689082548656 0.8101527690887451 75
1689082548673 0.798089325428009 76
1689082548688 0.7861972451210022 77
1689082548702 0.774475634098053 78
1689082548717 0.7629225254058838 79
1689082548733 0.7515368461608887 80
1689082548748 0.7403170466423035 81
1689082548763 0.7292619943618774 82
1689082548778 0.7183695435523987 83
1689082548794 0.7076389789581299 84
1689082548810 0.6970688104629517 85
1689082548826 0.686657190322876 86
1689082548868 0.6764035224914551 87
1689082548890 0.6663060188293457 88
1689082548913 0.6563625931739807 89
1689082548931 0.6465728878974915 90
1689082548947 0.6369350552558899 91
1689082548963 0.6274478435516357 92
1689082548979 0.6181095838546753 93
1689082548995 0.6089185476303101 94
1689082549010 0.5998743176460266 95
1689082549027 0.5909748673439026 96
1689082549042 0.5822185277938843 97
1689082549062 0.5736042857170105 98
1689082549081 0.5651300549507141 99
1689082549104 0.5567949414253235 100
1689082549131 0.548597514629364 101
1689082549153 0.5405356287956238 102
1689082549173 0.5326080918312073 103
1689082549191 0.5248131155967712 104
1689082549207 0.5171494483947754 105
1689082549222 0.5096149444580078 106
1689082549237 0.5022080540657043 107
1689082549251 0.49492722749710083 108
1689082549267 0.48777055740356445 109
1689082549283 0.4807358980178833 110
1689082549298 0.4738219976425171 111
1689082549418 0.4670266807079315 112
1689082549434 0.4603477120399475 113
1689082549449 0.4537839889526367 114
1689082549463 0.44733327627182007 115
1689082549478 0.4409935474395752 116
1689082549493 0.43476369976997375 117
1689082549509 0.4286423623561859 118
1689082549527 0.4226277470588684 119
1689082549544 0.41671934723854065 120
1689082549562 0.41091644763946533 121
1689082549578 0.4052184820175171 122
1689082549595 0.3996250629425049 123
1689082549611 0.3941360116004944 124
1689082549627 0.38875171542167664 125
1689082549645 0.3834715187549591 126
1689082549660 0.37829580903053284 127
1689082549674 0.37322455644607544 128
1689082549691 0.3682575523853302 129
1689082549706 0.36339470744132996 130
1689082549720 0.35863596200942993 131
1689082549735 0.35398048162460327 132
1689082549750 0.3494281768798828 133
1689082549764 0.3449784219264984 134
1689082549779 0.3406301736831665 135
1689082549793 0.33638256788253784 136
1689082549807 0.3322347402572632 137
1689082549826 0.32818537950515747 138
1689082549842 0.3242328464984894 139
1689082549860 0.32037609815597534 140
1689082549880 0.3166128396987915 141
1689082549899 0.31294164061546326 142
1689082549917 0.30935972929000854 143
1689082549935 0.3058651387691498 144
1689082549955 0.30245521664619446 145
1689082549976 0.2991270124912262 146
1689082549994 0.29587748646736145 147
1689082550013 0.29270312190055847 148
1689082550030 0.28960031270980835 149
1689082550046 0.28656503558158875 150
1689082550061 0.2835928499698639 151
1689082550081 0.28067949414253235 152
1689082550102 0.27781978249549866 153
1689082550122 0.27500879764556885 154
1689082550141 0.2722413241863251 155
1689082550160 0.2695118188858032 156
1689082550177 0.2668150067329407 157
1689082550195 0.2641456425189972 158
1689082550213 0.26149898767471313 159
1689082550230 0.25887051224708557 160
1689082550247 0.256256639957428 161
1689082550263 0.2536541521549225 162
1689082550280 0.25106075406074524 163
1689082550297 0.2484746128320694 164
1689082550316 0.24589498341083527 165
1689082550476 0.2433215081691742 166
1689082550494 0.2407541573047638 167
1689082550510 0.23819321393966675 168
1689082550526 0.23563966155052185 169
1689082550541 0.23309408128261566 170
1689082550557 0.23055775463581085 171
1689082550574 0.2280319631099701 172
1689082550589 0.2255173921585083 173
1689082550605 0.22301551699638367 174
1689082550619 0.22052711248397827 175
1689082550634 0.2180534303188324 176
1689082550650 0.2155950665473938 177
1689082550667 0.21315345168113708 178
1689082550682 0.21072906255722046 179
1689082550697 0.20832277834415436 180
1689082550713 0.20593523979187012 181
1689082550730 0.20356720685958862 182
1689082550748 0.20121918618679047 183
1689082550765 0.1988917589187622 184
1689082550782 0.1965852975845337 185
1689082550799 0.19430041313171387 186
1689082550821 0.19203734397888184 187
1689082550835 0.1897965371608734 188
1689082550850 0.1875782310962677 189
1689082550865 0.18538282811641693 190
1689082550879 0.18321046233177185 191
1689082550895 0.18106138706207275 192
1689082550911 0.17893585562705994 193
1689082550925 0.17683395743370056 194
1689082550941 0.17475593090057373 195
1689082550958 0.17270183563232422 196
1689082550973 0.17067182064056396 197
1689082550989 0.16866593062877655 198
1689082551007 0.16668441891670227 199
1689082551026 0.16472706198692322 200
1689082551043 0.16279420256614685 201
1689082551064 0.16088566184043884 202
1689082551086 0.15900152921676636 203
1689082551108 0.15714195370674133 204
1689082551129 0.15530675649642944 205
1689082551147 0.15349608659744263 206
1689082551166 0.1517099291086197 207
1689082551184 0.1499481201171875 208
1689082551202 0.14821076393127441 209
1689082551249 0.14649775624275208 210
1689082551267 0.14480924606323242 211
1689082551286 0.1431448608636856 212
1689082551301 0.1415049135684967 213
1689082551317 0.13988915085792542 214
1689082551334 0.13829755783081055 215
1689082551351 0.13673000037670135 216
1689082551368 0.13518643379211426 217
1689082551384 0.13366688787937164 218
1689082551400 0.13217118382453918 219
1689082551416 0.13069914281368256 220
1689082551432 0.1292509138584137 221
1689082551449 0.12782633304595947 222
1689082551466 0.1264251470565796 223
1689082551480 0.12504732608795166 224
1689082551496 0.12369292974472046 225
1689082551511 0.12236148118972778 226
1689082551527 0.12105321139097214 227
1689082551544 0.11976784467697144 228
1689082551560 0.1185053363442421 229
1689082551579 0.11726537346839905 230
1689082551596 0.11604788899421692 231
1689082551612 0.1148528903722763 232
1689082551628 0.11368001997470856 233
1689082551645 0.1125292256474495 234
1689082551662 0.11140020191669464 235
1689082551678 0.1102929636836052 236
1689082551695 0.10920728743076324 237
1689082551711 0.10814287513494492 238
1689082551725 0.10709968209266663 239
1689082551740 0.10607746243476868 240
1689082551929 0.105075903236866 241
1689082551944 0.10409490764141083 242
1689082551959 0.10313418507575989 243
1689082551976 0.10219351947307587 244
1689082551994 0.10127273947000504 245
1689082552012 0.10037152469158173 246
1689082552028 0.09948956966400146 247
1689082552043 0.09862667322158813 248
1689082552060 0.09778255969285965 249
1689082552075 0.09695684164762497 250
1689082552090 0.09614929556846619 251
1689082552103 0.09535953402519226 252
1689082552117 0.09458723664283752 253
1689082552133 0.09383205324411392 254
1689082552147 0.09309348464012146 255
1689082552161 0.09237140417098999 256
1689082552177 0.09166517853736877 257
1689082552192 0.09097445756196976 258
1689082552207 0.09029880911111832 259
1689082552223 0.08963768184185028 260
1689082552236 0.0889907032251358 261
1689082552250 0.08835738897323608 262
1689082552265 0.0877373144030571 263
1689082552279 0.08713015913963318 264
1689082552293 0.08653534948825836 265
1689082552308 0.08595283329486847 266
1689082552322 0.08538199961185455 267
1689082552336 0.08482283353805542 268
1689082552350 0.08427505195140839 269
1689082552364 0.08373863250017166 270
1689082552379 0.08321341127157211 271
1689082552394 0.08269913494586945 272
1689082552409 0.08219600468873978 273
1689082552425 0.08170375972986221 274
1689082552441 0.08122234791517258 275
1689082552457 0.08075183629989624 276
1689082552473 0.08029203116893768 277
1689082552492 0.07984286546707153 278
1689082552510 0.07940435409545898 279
1689082552529 0.07897631824016571 280
1689082552545 0.07855871319770813 281
1689082552561 0.07815153151750565 282
1689082552577 0.07775452733039856 283
1689082552593 0.0773676186800003 284
1689082552610 0.07699080556631088 285
1689082552625 0.0766238272190094 286
1689082552641 0.07626670598983765 287
1689082552657 0.0759192407131195 288
1689082552672 0.07558131217956543 289
1689082552692 0.07525277882814407 290
1689082552709 0.0749334767460823 291
1689082552725 0.0746234580874443 292
1689082552741 0.07432235777378082 293
1689082552758 0.07403014600276947 294
1689082552778 0.07374666631221771 295
1689082552797 0.07347182184457779 296
1689082552814 0.07320541888475418 297
1689082552832 0.07294731587171555 298
1689082552848 0.07269735634326935 299
1689082552862 0.07245548814535141 300
1689082552877 0.07222146540880203 301
1689082552894 0.07199513912200928 302
1689082552910 0.07177642732858658 303
1689082552925 0.07156505435705185 304
1689082552941 0.07136093825101852 305
1689082552956 0.07116395980119705 306
1689082552970 0.07097384333610535 307
1689082552985 0.07079056650400162 308
1689082553000 0.07061389088630676 309
1689082553015 0.0704435333609581 310
1689082553030 0.07027944177389145 311
1689082553046 0.0701214149594307 312
1689082553061 0.06996923685073853 313
1689082553076 0.06982269883155823 314
1689082553093 0.06968159228563309 315
1689082553108 0.06954579800367355 316
1689082553123 0.06941502541303635 317
1689082553136 0.06928901374340057 318
1689082553150 0.0691675916314125 319
1689082553165 0.06905055046081543 320
1689082553180 0.0689375251531601 321
1689082553194 0.06882832944393158 322
1689082553209 0.06872278451919556 323
1689082553223 0.06862053275108337 324
1689082553239 0.06852135062217712 325
1689082553258 0.06842494755983353 326
1689082553273 0.06833111494779587 327
1689082553287 0.06823945790529251 328
1689082553301 0.06814981997013092 329
1689082553343 0.06806186586618423 330
1689082553362 0.06797543168067932 331
1689082553382 0.0678902417421341 332
1689082553407 0.06780597567558289 333
1689082553429 0.06772255897521973 334
1689082553449 0.06763976812362671 335
1689082553465 0.06755734980106354 336
1689082553724 0.06747537106275558 337
1689082553740 0.06739349663257599 338
1689082553753 0.06731168925762177 339
1689082553767 0.0672299787402153 340
1689082553782 0.06714823096990585 341
1689082553799 0.06706647574901581 342
1689082553817 0.06698466837406158 343
1689082553837 0.06690280884504318 344
1689082553857 0.0668209046125412 345
1689082553874 0.06673893332481384 346
1689082553893 0.06665705889463425 347
1689082553913 0.06657511740922928 348
1689082553931 0.06649322062730789 349
1689082553951 0.06641145050525665 350
1689082553968 0.0663297176361084 351
1689082553986 0.06624817848205566 352
1689082554003 0.06616673618555069 353
1689082554021 0.06608566641807556 354
1689082554040 0.06600618362426758 355
1689082554062 0.06593425571918488 356
1689082554084 0.06589163839817047 357
1689082554105 0.06586490571498871 358
1689082554128 0.06577511131763458 359
1689082554149 0.06567008793354034 360
1689082554171 0.06558457016944885 361
1689082554198 0.06550966948270798 362
1689082554218 0.06543928384780884 363
1689082554238 0.06537036597728729 364
1689082554254 0.06530240178108215 365
1689082554269 0.06523475795984268 366
1689082554286 0.06516759097576141 367
1689082554301 0.06510080397129059 368
1689082554317 0.06503483653068542 369
1689082554334 0.06496992707252502 370
1689082554352 0.06490736454725266 371
1689082554372 0.06484842300415039 372
1689082554390 0.0647951140999794 373
1689082554414 0.06474317610263824 374
1689082554432 0.06468595564365387 375
1689082554452 0.06461954116821289 376
1689082554476 0.06455175578594208 377
1689082554509 0.06448616087436676 378
1689082554531 0.06442411243915558 379
1689082554558 0.0643642246723175 380
1689082554582 0.06430637836456299 381
1689082554613 0.06424973905086517 382
1689082554638 0.06419450044631958 383
1689082554663 0.06414048373699188 384
1689082554691 0.06408819556236267 385
1689082554716 0.06403759121894836 386
1689082554737 0.06398920714855194 387
1689082554760 0.06394195556640625 388
1689082554780 0.06389530748128891 389
1689082554804 0.06384707242250443 390
1689082554825 0.06379777193069458 391
1689082554845 0.06374760717153549 392
1689082554867 0.06369858235120773 393
1689082554888 0.06365066766738892 394
1689082554909 0.06360458582639694 395
1689082554927 0.06355994939804077 396
1689082554943 0.06351704895496368 397
1689082554959 0.06347544491291046 398
1689082554975 0.06343555450439453 399
1689082554993 0.06339693814516068 400
1689082555010 0.06336000561714172 401
1689082555029 0.06332403421401978 402
1689082555052 0.06328901648521423 403
1689082555072 0.06325408816337585 404
1689082555095 0.0632195845246315 405
1689082555115 0.06318498402833939 406
1689082555132 0.06315113604068756 407
1689082555151 0.06311801075935364 408
1689082555169 0.06308622658252716 409
1689082555184 0.06305553019046783 410
1689082555200 0.06302638351917267 411
1689082555220 0.06299854815006256 412
1689082555238 0.06297207623720169 413
1689082555255 0.0629468560218811 414
1689082555271 0.06292295455932617 415
1689082555285 0.06289990991353989 416
1689082555300 0.06287781894207001 417
1689082555315 0.06285630166530609 418
1689082555332 0.06283539533615112 419
1689082555348 0.06281492859125137 420
1689082555363 0.06279513984918594 421
1689082555378 0.06277602165937424 422
1689082555393 0.06275790929794312 423
1689082555408 0.06274067610502243 424
1689082555423 0.0627245232462883 425
1689082555438 0.06270942091941833 426
1689082555452 0.06269534677267075 427
1689082555466 0.06268231570720673 428
1689082555480 0.06267015635967255 429
1689082555495 0.06265867501497269 430
1689082555510 0.06264787912368774 431
1689082555525 0.06263767182826996 432
1689082555540 0.06262790411710739 433
1689082555557 0.06261856853961945 434
1689082555572 0.0626097172498703 435
1689082555586 0.06260141730308533 436
1689082555601 0.06259362399578094 437
1689082555615 0.06258656084537506 438
1689082555630 0.06258004903793335 439
1689082555644 0.06257423758506775 440
1689082555659 0.06256896257400513 441
1689082555674 0.06256434321403503 442
1689082555690 0.06256009638309479 443
1689082555706 0.06255631148815155 444
1689082555720 0.06255281716585159 445
1689082555734 0.0625496432185173 446
1689082555749 0.06254658102989197 447
1689082555782 0.0625438392162323 448
1689082555801 0.06254120171070099 449
1689082555820 0.06253887712955475 450
1689082555834 0.06253676116466522 451
1689082555849 0.06253489851951599 452
1689082555865 0.06253330409526825 453
1689082556117 0.0625319853425026 454
1689082556133 0.06253080070018768 455
1689082556148 0.06252995133399963 456
1689082556162 0.06252910941839218 457
1689082556176 0.06252852082252502 458
1689082556189 0.06252788007259369 459
1689082556202 0.0625273585319519 460
1689082556217 0.06252683699131012 461
1689082556232 0.06252633035182953 462
1689082556247 0.0625259056687355 463
1689082556260 0.06252546608448029 464
1689082556274 0.06252507865428925 465
1689082556289 0.06252479553222656 466
1689082556302 0.06252454221248627 467
1689082556315 0.06252436339855194 468
1689082556329 0.06252428889274597 469
1689082556343 0.06252419948577881 470
1689082556357 0.06252417713403702 471
1689082556372 0.06252412497997284 472
1689082556384 0.06252410262823105 473
1689082556399 0.06252405047416687 474
1689082556413 0.0625239908695221 475
1689082556427 0.06252393871545792 476
1689082556441 0.06252381950616837 477
1689082556454 0.0625237375497818 478
1689082556468 0.06252370029687881 479
1689082556483 0.06252359598875046 480
1689082556498 0.06252363324165344 481
1689082556511 0.06252360343933105 482
1689082556524 0.06252360343933105 483
1689082556538 0.06252364814281464 484
1689082556552 0.06252364814281464 485
1689082556565 0.06252367794513702 486
1689082556579 0.06252367049455643 487
1689082556593 0.06252368539571762 488
1689082556607 0.06252367049455643 489
1689082556619 0.06252360343933105 490
1689082556633 0.06252363324165344 491
1689082556647 0.06252355873584747 492
1689082556660 0.06252358108758926 493
1689082556673 0.06252357363700867 494
1689082556687 0.06252356618642807 495
1689082556700 0.06252361834049225 496
1689082556716 0.06252363324165344 497
1689082556732 0.06252360343933105 498
1689082556750 0.06252358853816986 499
