1689082547207 1.2157073020935059 0
1689082547246 1.1889903545379639 1
1689082547266 1.170027732849121 2
1689082547284 1.1543734073638916 3
1689082547299 1.1406320333480835 4
1689082547315 1.1281588077545166 5
1689082547331 1.1165958642959595 6
1689082547369 1.1057209968566895 7
1689082547385 1.0953856706619263 8
1689082547400 1.0854854583740234 9
1689082547417 1.0759434700012207 10
1689082547432 1.066701054573059 11
1689082547446 1.057713508605957 12
1689082547461 1.0489447116851807 13
1689082547488 1.04036545753479 14
1689082547517 1.0319525003433228 15
1689082547533 1.0236859321594238 16
1689082547548 1.0155495405197144 17
1689082547597 1.007529377937317 18
1689082547612 0.9996136426925659 19
1689082547627 0.9917922019958496 20
1689082547642 0.9840565919876099 21
1689082547657 0.9763990044593811 22
1689082547673 0.9688132405281067 23
1689082547689 0.9612933397293091 24
1689082547703 0.9538342356681824 25
1689082547719 0.9464315176010132 26
1689082547735 0.9390814304351807 27
1689082547751 0.9317806363105774 28
1689082547767 0.9245258569717407 29
1689082547784 0.9173144102096558 30
1689082547801 0.9101438522338867 31
1689082547817 0.903012216091156 32
1689082547834 0.8959174156188965 33
1689082547851 0.8888578414916992 34
1689082547866 0.8818316459655762 35
1689082547881 0.8748378753662109 36
1689082547955 0.8678750395774841 37
1689082547974 0.8609420657157898 38
1689082547988 0.854037880897522 39
1689082548002 0.8471617698669434 40
1689082548018 0.8403128385543823 41
1689082548035 0.8334903717041016 42
1689082548052 0.8266937732696533 43
1689082548069 0.8199224472045898 44
1689082548087 0.8131755590438843 45
1689082548103 0.8064528703689575 46
1689082548123 0.7997539043426514 47
1689082548142 0.7930784821510315 48
1689082548161 0.7864258289337158 49
1689082548179 0.7797960042953491 50
1689082548196 0.773188591003418 51
1689082548211 0.7666032314300537 52
1689082548228 0.7600399255752563 53
1689082548248 0.7534981966018677 54
1689082548265 0.7469779849052429 55
1689082548280 0.740479052066803 56
1689082548295 0.7340013384819031 57
1689082548310 0.7275446057319641 58
1689082548324 0.7211089134216309 59
1689082548341 0.7146937847137451 60
1689082548355 0.7082995176315308 61
1689082548369 0.7019257545471191 62
1689082548385 0.6955723762512207 63
1689082548400 0.6892398595809937 64
1689082548415 0.6829273700714111 65
1689082548431 0.676635205745697 66
1689082548533 0.6703633666038513 67
1689082548549 0.6641116142272949 68
1689082548562 0.6578799486160278 69
1689082548578 0.6516684889793396 70
1689082548594 0.6454770565032959 71
1689082548609 0.639305591583252 72
1689082548624 0.6331541538238525 73
1689082548641 0.6270225644111633 74
1689082548656 0.6209110021591187 75
1689082548673 0.6148192882537842 76
1689082548688 0.6087474226951599 77
1689082548702 0.6026954650878906 78
1689082548717 0.5966632962226868 79
1689082548733 0.5906509160995483 80
1689082548748 0.5846583247184753 81
1689082548763 0.5786855220794678 82
1689082548778 0.5727322697639465 83
1689082548794 0.5667986869812012 84
1689082548810 0.5608847737312317 85
1689082548826 0.5549904108047485 86
1689082548868 0.5491158366203308 87
1689082548890 0.5432606339454651 88
1689082548913 0.5374248623847961 89
1689082548931 0.5316085815429688 90
1689082548947 0.5258116126060486 91
1689082548963 0.5200340747833252 92
1689082548979 0.5142757296562195 93
1689082548995 0.5085362792015076 94
1689082549010 0.5028160810470581 95
1689082549027 0.4971148371696472 96
1689082549042 0.49143242835998535 97
1689082549062 0.48835980892181396 98
1689082549081 0.4854907691478729 99
1689082549104 0.48262739181518555 100
1689082549131 0.4797695577144623 101
1689082549153 0.47691693902015686 102
1689082549173 0.4740695059299469 103
1689082549191 0.4712269902229309 104
1689082549207 0.4683893918991089 105
1689082549222 0.46555641293525696 106
1689082549237 0.46272769570350647 107
1689082549251 0.45990318059921265 108
1689082549267 0.45708250999450684 109
1689082549283 0.45426517724990845 110
1689082549298 0.4514511525630951 111
1689082549418 0.4486398994922638 112
1689082549434 0.4458308815956116 113
1689082549449 0.4430239796638489 114
1689082549463 0.4402186870574951 115
1689082549478 0.4374142587184906 116
1689082549493 0.43461066484451294 117
1689082549509 0.4336854815483093 118
1689082549527 0.43463441729545593 119
1689082549544 0.4355742931365967 120
1689082549562 0.43650466203689575 121
1689082549578 0.4374251961708069 122
1689082549595 0.4383352994918823 123
1689082549611 0.4392344355583191 124
1689082549627 0.440122127532959 125
1689082549645 0.44099748134613037 126
1689082549660 0.44185972213745117 127
1689082549674 0.4427080452442169 128
1689082549691 0.4435412883758545 129
1689082549706 0.4443585276603699 130
1689082549720 0.4451586902141571 131
1689082549735 0.44594016671180725 132
1689082549750 0.4467020332813263 133
1689082549764 0.44744253158569336 134
1689082549779 0.44816017150878906 135
1689082549793 0.44885313510894775 136
1689082549807 0.44951966404914856 137
1689082549826 0.45015764236450195 138
1689082549842 0.45076483488082886 139
1689082549860 0.4513389468193054 140
1689082549880 0.4518771171569824 141
1689082549899 0.4523768126964569 142
1689082549917 0.45283451676368713 143
1689082549935 0.45324695110321045 144
1689082549955 0.4536104202270508 145
1689082549976 0.45392078161239624 146
1689082549994 0.4541736841201782 147
1689082550013 0.45436424016952515 148
1689082550030 0.4544873833656311 149
1689082550046 0.45453763008117676 150
1689082550061 0.4545089602470398 151
1689082550081 0.4543955326080322 152
1689082550102 0.45419079065322876 153
1689082550122 0.4538886547088623 154
1689082550141 0.4534831643104553 155
1689082550160 0.4529685974121094 156
1689082550177 0.45234036445617676 157
1689082550195 0.4515950679779053 158
1689082550213 0.450731098651886 159
1689082550230 0.44974857568740845 160
1689082550247 0.44864988327026367 161
1689082550263 0.4474392533302307 162
1689082550280 0.44612249732017517 163
1689082550297 0.44470667839050293 164
1689082550316 0.4431999921798706 165
1689082550476 0.44161105155944824 166
1689082550494 0.4399484097957611 167
1689082550510 0.43822044134140015 168
1689082550526 0.43643540143966675 169
1689082550541 0.4346006512641907 170
1689082550557 0.4327230751514435 171
1689082550574 0.43080902099609375 172
1689082550589 0.4288635849952698 173
1689082550605 0.42689162492752075 174
1689082550619 0.4248971939086914 175
1689082550634 0.4228838086128235 176
1689082550650 0.42085424065589905 177
1689082550667 0.4188113510608673 178
1689082550682 0.41675707697868347 179
1689082550697 0.41469326615333557 180
1689082550713 0.41262128949165344 181
1689082550730 0.41054269671440125 182
1689082550748 0.4084583818912506 183
1689082550765 0.4063693881034851 184
1689082550782 0.40427637100219727 185
1689082550799 0.40218019485473633 186
1689082550821 0.40008115768432617 187
1689082550835 0.3979799449443817 188
1689082550850 0.39587700366973877 189
1689082550865 0.39377260208129883 190
1689082550879 0.39166709780693054 191
1689082550895 0.3895607590675354 192
1689082550911 0.38745391368865967 193
1689082550925 0.3853466808795929 194
1689082550941 0.3832392692565918 195
1689082550958 0.38113194704055786 196
1689082550973 0.3790246844291687 197
1689082550989 0.3769177198410034 198
1689082551007 0.3748113512992859 199
1689082551026 0.3727053999900818 200
1689082551043 0.370600163936615 201
1689082551064 0.3684956431388855 202
1689082551086 0.3663918972015381 203
1689082551108 0.36428922414779663 204
1689082551129 0.3621874451637268 205
1689082551147 0.36008673906326294 206
1689082551166 0.35798728466033936 207
1689082551184 0.3558890223503113 208
1689082551202 0.3537919819355011 209
1689082551249 0.351696252822876 210
1689082551267 0.3496021330356598 211
1689082551286 0.3475092649459839 212
1689082551301 0.3454180955886841 213
1689082551317 0.34332847595214844 214
1689082551334 0.3412405252456665 215
1689082551351 0.3391542434692383 216
1689082551368 0.33706969022750854 217
1689082551384 0.3349870443344116 218
1689082551400 0.33290621638298035 219
1689082551416 0.3308272957801819 220
1689082551432 0.32875052094459534 221
1689082551449 0.3266758322715759 222
1689082551466 0.3246031403541565 223
1689082551480 0.3225327134132385 224
1689082551496 0.32046470046043396 225
1689082551511 0.3183988034725189 226
1689082551527 0.3163354992866516 227
1689082551544 0.3142746686935425 228
1689082551560 0.3122164309024811 229
1689082551579 0.3101608157157898 230
1689082551596 0.3081078827381134 231
1689082551612 0.3060579299926758 232
1689082551628 0.3040107786655426 233
1689082551645 0.30196672677993774 234
1689082551662 0.2999255955219269 235
1689082551678 0.29788780212402344 236
1689082551695 0.29585331678390503 237
1689082551711 0.2938222289085388 238
1689082551725 0.29179468750953674 239
1689082551740 0.28977084159851074 240
1689082551929 0.2877506911754608 241
1689082551944 0.28573447465896606 242
1689082551959 0.2837222218513489 243
1689082551976 0.28171414136886597 244
1689082551994 0.27971044182777405 245
1689082552012 0.2777111828327179 246
1689082552028 0.2757164537906647 247
1689082552043 0.2737264931201935 248
1689082552060 0.27174150943756104 249
1689082552075 0.2697615623474121 250
1689082552090 0.2677868604660034 251
1689082552103 0.26581764221191406 252
1689082552117 0.2638539671897888 253
1689082552133 0.26189616322517395 254
1689082552147 0.25994420051574707 255
1689082552161 0.25799864530563354 256
1689082552177 0.25605934858322144 257
1689082552192 0.2541266679763794 258
1689082552207 0.2522008419036865 259
1689082552223 0.2502818703651428 260
1689082552236 0.25 261
1689082552250 0.2499999701976776 262
1689082552265 0.24999991059303284 263
1689082552279 0.25 264
1689082552293 0.24999994039535522 265
1689082552308 0.2500000596046448 266
1689082552322 0.25 267
1689082552336 0.25 268
1689082552350 0.24999994039535522 269
1689082552364 0.2499999850988388 270
1689082552379 0.2500000596046448 271
1689082552394 0.24999994039535522 272
1689082552409 0.2500000298023224 273
1689082552425 0.25 274
1689082552441 0.24999994039535522 275
1689082552457 0.25 276
1689082552473 0.25 277
1689082552492 0.24999995529651642 278
1689082552510 0.2499999850988388 279
1689082552529 0.24999995529651642 280
1689082552545 0.24999994039535522 281
1689082552561 0.2500000298023224 282
1689082552577 0.2500000596046448 283
1689082552593 0.2499999701976776 284
1689082552610 0.2500000298023224 285
1689082552625 0.25 286
1689082552641 0.2500000596046448 287
1689082552657 0.2500000596046448 288
1689082552672 0.2500000596046448 289
1689082552692 0.2500000596046448 290
1689082552709 0.2499999701976776 291
1689082552725 0.2500000596046448 292
1689082552741 0.2500000596046448 293
1689082552758 0.2500000298023224 294
1689082552778 0.25 295
1689082552797 0.25 296
1689082552814 0.25 297
1689082552832 0.25 298
1689082552848 0.24999995529651642 299
1689082552862 0.25 300
1689082552877 0.2500000298023224 301
1689082552894 0.25 302
1689082552910 0.2500000596046448 303
1689082552925 0.2500000298023224 304
1689082552941 0.25 305
1689082552956 0.2500000298023224 306
1689082552970 0.24999994039535522 307
1689082552985 0.25 308
1689082553000 0.2500000596046448 309
1689082553015 0.25 310
1689082553030 0.25 311
1689082553046 0.25 312
1689082553061 0.25 313
1689082553076 0.2499999850988388 314
1689082553093 0.24999994039535522 315
1689082553108 0.25 316
1689082553123 0.2500000298023224 317
1689082553136 0.25 318
1689082553150 0.25 319
1689082553165 0.2500000596046448 320
1689082553180 0.25 321
1689082553194 0.24999994039535522 322
1689082553209 0.2499999701976776 323
1689082553223 0.24999995529651642 324
1689082553239 0.2499999701976776 325
1689082553258 0.24999995529651642 326
1689082553273 0.2500000298023224 327
1689082553287 0.2499999850988388 328
1689082553301 0.25 329
1689082553343 0.24999995529651642 330
1689082553362 0.25 331
1689082553382 0.2500000596046448 332
1689082553407 0.2499999850988388 333
1689082553429 0.25 334
1689082553449 0.2500000596046448 335
1689082553465 0.24999994039535522 336
1689082553724 0.25000008940696716 337
1689082553740 0.2500000596046448 338
1689082553753 0.2499999701976776 339
1689082553767 0.2499999850988388 340
1689082553782 0.2499999701976776 341
1689082553799 0.25 342
1689082553817 0.2499999850988388 343
1689082553837 0.25 344
1689082553857 0.25 345
1689082553874 0.24999994039535522 346
1689082553893 0.2500000596046448 347
1689082553913 0.25 348
1689082553931 0.2499999701976776 349
1689082553951 0.2500000298023224 350
1689082553968 0.2499999701976776 351
1689082553986 0.2500000596046448 352
1689082554003 0.24999994039535522 353
1689082554021 0.24999991059303284 354
1689082554040 0.24999994039535522 355
1689082554062 0.2500000298023224 356
1689082554084 0.2500000298023224 357
1689082554105 0.2499999850988388 358
1689082554128 0.2499999701976776 359
1689082554149 0.25 360
1689082554171 0.2500000596046448 361
1689082554198 0.24999995529651642 362
1689082554218 0.2500000298023224 363
1689082554238 0.24999994039535522 364
1689082554254 0.2500000298023224 365
1689082554269 0.2500000298023224 366
1689082554286 0.2500000298023224 367
1689082554301 0.2499999701976776 368
1689082554317 0.25 369
1689082554334 0.25 370
1689082554352 0.2499999850988388 371
1689082554372 0.24999995529651642 372
1689082554390 0.2499999701976776 373
1689082554414 0.25 374
1689082554432 0.24999995529651642 375
1689082554452 0.2499999850988388 376
1689082554476 0.24999994039535522 377
1689082554509 0.25 378
1689082554531 0.25000008940696716 379
1689082554558 0.24999994039535522 380
1689082554582 0.25 381
1689082554613 0.25 382
1689082554638 0.2499999701976776 383
1689082554663 0.25 384
1689082554691 0.25 385
1689082554716 0.2500000596046448 386
1689082554737 0.2500000596046448 387
1689082554760 0.2499999850988388 388
1689082554780 0.24999992549419403 389
1689082554804 0.25 390
1689082554825 0.2499999850988388 391
1689082554845 0.24999994039535522 392
1689082554867 0.2500000298023224 393
1689082554888 0.2500000596046448 394
1689082554909 0.2499999850988388 395
1689082554927 0.2499999850988388 396
1689082554943 0.2500000596046448 397
1689082554959 0.25 398
1689082554975 0.2500000298023224 399
1689082554993 0.2499999701976776 400
1689082555010 0.25 401
1689082555029 0.2500000596046448 402
1689082555052 0.2499999701976776 403
1689082555072 0.24999992549419403 404
1689082555095 0.25 405
1689082555115 0.24999995529651642 406
1689082555132 0.2499999701976776 407
1689082555151 0.2499999850988388 408
1689082555169 0.2500000596046448 409
1689082555184 0.24999994039535522 410
1689082555200 0.24999995529651642 411
1689082555220 0.2500000596046448 412
1689082555238 0.2499999850988388 413
1689082555255 0.2499999850988388 414
1689082555271 0.2500000596046448 415
1689082555285 0.2499999850988388 416
1689082555300 0.2499999701976776 417
1689082555315 0.2499999701976776 418
1689082555332 0.2499999850988388 419
1689082555348 0.2499999701976776 420
1689082555363 0.25 421
1689082555378 0.24999994039535522 422
1689082555393 0.2500000596046448 423
1689082555408 0.25 424
1689082555423 0.2499999701976776 425
1689082555438 0.24999994039535522 426
1689082555452 0.24999991059303284 427
1689082555466 0.25 428
1689082555480 0.25000008940696716 429
1689082555495 0.24999995529651642 430
1689082555510 0.24999995529651642 431
1689082555525 0.2499999701976776 432
1689082555540 0.2500000298023224 433
1689082555557 0.24999994039535522 434
1689082555572 0.25 435
1689082555586 0.2499999850988388 436
1689082555601 0.24999995529651642 437
1689082555615 0.25 438
1689082555630 0.25 439
1689082555644 0.2499999701976776 440
1689082555659 0.2499999701976776 441
1689082555674 0.2500000298023224 442
1689082555690 0.2500000596046448 443
1689082555706 0.25 444
1689082555720 0.2500000596046448 445
1689082555734 0.2500000596046448 446
1689082555749 0.25 447
1689082555782 0.25 448
1689082555801 0.25 449
1689082555820 0.2499999850988388 450
1689082555834 0.2500000596046448 451
1689082555849 0.25 452
1689082555865 0.2500000596046448 453
1689082556117 0.2500000596046448 454
1689082556133 0.24999995529651642 455
1689082556148 0.2500000596046448 456
1689082556162 0.24999994039535522 457
1689082556176 0.2500000596046448 458
1689082556189 0.2499999850988388 459
1689082556202 0.25 460
1689082556217 0.25 461
1689082556232 0.2499999701976776 462
1689082556247 0.2500000596046448 463
1689082556260 0.2500000298023224 464
1689082556274 0.25 465
1689082556289 0.2500000298023224 466
1689082556302 0.2499999850988388 467
1689082556315 0.2499999701976776 468
1689082556329 0.25 469
1689082556343 0.2499999850988388 470
1689082556357 0.2499999850988388 471
1689082556372 0.2499999701976776 472
1689082556384 0.2499999701976776 473
1689082556399 0.2499999850988388 474
1689082556413 0.2499999701976776 475
1689082556427 0.2500000596046448 476
1689082556441 0.24999995529651642 477
1689082556454 0.2499999850988388 478
1689082556468 0.25 479
1689082556483 0.24999991059303284 480
1689082556498 0.2500000298023224 481
1689082556511 0.25 482
1689082556524 0.24999995529651642 483
1689082556538 0.2500000298023224 484
1689082556552 0.24999995529651642 485
1689082556565 0.25 486
1689082556579 0.24999995529651642 487
1689082556593 0.2500000298023224 488
1689082556607 0.25 489
1689082556619 0.24999994039535522 490
1689082556633 0.25 491
1689082556647 0.24999995529651642 492
1689082556660 0.25 493
1689082556673 0.2500000298023224 494
1689082556687 0.25 495
1689082556700 0.25000011920928955 496
1689082556716 0.25000008940696716 497
1689082556732 0.2500000298023224 498
1689082556750 0.24999995529651642 499
