1689602321653 5.008857727050781 0
1689602321885 5.008650779724121 1
1689602322091 5.008443832397461 2
1689602322341 5.008240699768066 3
1689602322572 5.008035182952881 4
1689602322799 5.0078301429748535 5
1689602323082 5.007625102996826 6
1689602323299 5.0074238777160645 7
1689602323530 5.007222652435303 8
1689602323765 5.007015705108643 9
1689602323999 5.00681209564209 10
1689602324228 5.0066070556640625 11
1689602324475 5.006402969360352 12
1689602324729 5.006200313568115 13
1689602324974 5.005995273590088 14
1689602325220 5.005792617797852 15
1689602325455 5.005589485168457 16
