1689602321653 1.9180227518081665 0
1689602321885 1.9179706573486328 1
1689602322091 1.9179191589355469 2
1689602322341 1.9178677797317505 3
1689602322572 1.9178165197372437 4
1689602322799 1.9177651405334473 5
1689602323082 1.9177134037017822 6
1689602323299 1.9176628589630127 7
1689602323530 1.9176125526428223 8
1689602323765 1.917560338973999 9
1689602323999 1.9175093173980713 10
1689602324228 1.9174572229385376 11
1689602324475 1.9174063205718994 12
1689602324729 1.9173551797866821 13
1689602324974 1.9173046350479126 14
1689602325220 1.9172521829605103 15
1689602325455 1.917201042175293 16
