1689264686700 3.0989904403686523 0
1689264686925 1.410086989402771 1
1689264687138 1.1176069974899292 2
1689264687361 0.9957430958747864 3
1689264687585 0.9071561098098755 4
1689264687803 0.8172587156295776 5
1689264688037 0.7296509742736816 6
1689264688249 0.6352775692939758 7
1689264688477 0.5411942005157471 8
1689264688686 0.4459317922592163 9
1689264688900 0.35576489567756653 10
1689264689115 0.2721535563468933 11
1689264689330 0.20304062962532043 12
1689264689556 0.14724278450012207 13
1689264689767 0.10494887083768845 14
1689264689990 0.07503177225589752 15
1689264690210 0.05439833924174309 16
1689264690430 0.04029211401939392 17
1689264690657 0.03091672994196415 18
1689264690878 0.024394694715738297 19
1689264691098 0.019634103402495384 20
1689264691312 0.0160064697265625 21
1689264691526 0.013089627027511597 22
1689264691750 0.010789063759148121 23
1689264691974 0.008931810967624187 24
1689264692199 0.00738048879429698 25
1689264692418 0.006169578991830349 26
1689264692645 0.005056706257164478 27
1689264692864 0.004250726196914911 28
1689264693083 0.0036037664394825697 29
1689264693293 0.0030481989961117506 30
1689264693513 0.0026115921791642904 31
1689264693737 0.002224317053332925 32
1689264693950 0.0019096169853582978 33
1689264694167 0.0016397080617025495 34
1689264694380 0.0014091170160099864 35
1689264694594 0.001221868791617453 36
1689264694821 0.0010750613873824477 37
1689264695046 0.0009507867507636547 38
1689264695268 0.0008184348698705435 39
1689264695497 0.0007231077179312706 40
1689264695716 0.0006304138223640621 41
1689264695943 0.0005605799960903823 42
1689264696160 0.00047940187505446374 43
1689264696386 0.00042661212501116097 44
1689264696645 0.0003792285860981792 45
1689264696870 0.0003363917057868093 46
1689264697087 0.00029912093305028975 47
1689264697301 0.0002682572230696678 48
1689264697522 0.00023958775273058563 49
1689264697743 0.00021212079445831478 50
1689264697964 0.00018908058700617403 51
1689264698188 0.00017099225078709424 52
1689264698416 0.00015070801600813866 53
1689264698644 0.00013594205665867776 54
1689264698876 0.00012198307376820594 55
1689264699094 0.0001097584463423118 56
1689264699306 9.85685910563916e-05 57
1689264699536 8.669834642205387e-05 58
1689264699760 7.864565122872591e-05 59
1689264699988 7.046655809972435e-05 60
1689264700202 6.335604120977223e-05 61
1689264700428 5.686492659151554e-05 62
1689264700635 5.257340308162384e-05 63
1689264700851 4.642893327400088e-05 64
1689264701077 4.158049341640435e-05 65
1689264701297 3.7738573155365884e-05 66
1689264701525 3.346033554407768e-05 67
1689264701744 3.0315710318973288e-05 68
1689264701967 2.6813069780473597e-05 69
