1689264686700 1.463715672492981 0
1689264686925 0.9966633319854736 1
1689264687138 0.9000673294067383 2
1689264687361 0.8559138774871826 3
1689264687585 0.819225013256073 4
1689264687803 0.7780799269676208 5
1689264688037 0.734382152557373 6
1689264688249 0.6842067837715149 7
1689264688477 0.6290028691291809 8
1689264688686 0.566720724105835 9
1689264688900 0.5009784698486328 10
1689264689115 0.4311623275279999 11
1689264689330 0.36243507266044617 12
1689264689556 0.29766884446144104 13
1689264689767 0.23750250041484833 14
1689264689990 0.1854812353849411 15
1689264690210 0.14274737238883972 16
1689264690430 0.10839531570672989 17
1689264690657 0.0843137577176094 18
1689264690878 0.06899963319301605 19
1689264691098 0.05998246371746063 20
1689264691312 0.05129406228661537 21
1689264691526 0.046085719019174576 22
1689264691750 0.041441380977630615 23
1689264691974 0.03691082447767258 24
1689264692199 0.03264801949262619 25
1689264692418 0.02998928539454937 26
1689264692645 0.026233186945319176 27
1689264692864 0.02321435697376728 28
1689264693083 0.02164849080145359 29
1689264693293 0.01949065551161766 30
1689264693513 0.01799170672893524 31
1689264693737 0.016195885837078094 32
1689264693950 0.01519046165049076 33
1689264694167 0.01399313099682331 34
1689264694380 0.0130525603890419 35
1689264694594 0.01217226218432188 36
1689264694821 0.011772883124649525 37
1689264695046 0.011994186788797379 38
1689264695268 0.010082021355628967 39
1689264695497 0.009349511936306953 40
1689264695716 0.008253966458141804 41
1689264695943 0.008425532840192318 42
1689264696160 0.007466388866305351 43
1689264696386 0.00720773171633482 44
1689264696645 0.006805148907005787 45
1689264696870 0.006407358217984438 46
1689264697087 0.005663256160914898 47
1689264697301 0.005761330481618643 48
1689264697522 0.005286657251417637 49
1689264697743 0.004927045200020075 50
1689264697964 0.004402559250593185 51
1689264698188 0.004344217013567686 52
1689264698416 0.004109635483473539 53
1689264698644 0.003579471493139863 54
1689264698876 0.0036773118190467358 55
1689264699094 0.0034586007241159678 56
1689264699306 0.003278678050264716 57
1689264699536 0.002848423318937421 58
1689264699760 0.0027358096558600664 59
1689264699988 0.0026125810109078884 60
1689264700202 0.0023201911244541407 61
1689264700428 0.0023714881390333176 62
1689264700635 0.0023295432329177856 63
1689264700851 0.0021019631531089544 64
1689264701077 0.0019419299205765128 65
1689264701297 0.001856691320426762 66
1689264701525 0.001700878026895225 67
1689264701744 0.0016632282640784979 68
1689264701967 0.0013368957443162799 69
