1689589380216 7.017172813415527 0
1689589380440 3.7216482162475586 1
1689589380655 2.0908002853393555 2
1689589380966 1.4396041631698608 3
1689589381185 1.2009918689727783 4
1689589381420 1.1049636602401733 5
1689589381640 1.0324782133102417 6
1689589381859 0.9656943082809448 7
1689589382063 0.9010475873947144 8
1689589382287 0.8338307738304138 9
1689589382521 0.7659907341003418 10
1689589382735 0.6963707804679871 11
1689589382970 0.6240248084068298 12
1689589383186 0.5456971526145935 13
1689589383397 0.46981000900268555 14
1689589383610 0.39303797483444214 15
1689589383866 0.32019567489624023 16
1689589384112 0.25464561581611633 17
1689589384322 0.19666731357574463 18
1689589384540 0.14859694242477417 19
1689589384746 0.11012820899486542 20
1689589384959 0.08037291467189789 21
1689589385191 0.059152983129024506 22
1689589385405 0.044298022985458374 23
1689589385635 0.034015953540802 24
1689589385840 0.026718752458691597 25
1689589386051 0.02144545502960682 26
1689589386280 0.017447076737880707 27
1689589386498 0.014347006566822529 28
1689589386727 0.011844193562865257 29
1689589386950 0.009847968816757202 30
1689589387176 0.008249642327427864 31
1689589387398 0.00692953635007143 32
1689589387613 0.005874679423868656 33
1689589387841 0.004990305285900831 34
1689589388067 0.004202407784759998 35
1689589388289 0.003555202390998602 36
1689589388530 0.0030359141528606415 37
1689589388739 0.0026179479900747538 38
1689589388977 0.002272685058414936 39
1689589389201 0.0019676825031638145 40
1689589389432 0.001709519186988473 41
1689589389667 0.0014915145002305508 42
1689589389890 0.0013057785108685493 43
1689589390104 0.0011360696516931057 44
1689589390307 0.00099595682695508 45
1689589390531 0.0008634764235466719 46
1689589390751 0.0007539503276348114 47
1689589390978 0.0006678096251562238 48
1689589391192 0.0005900929099880159 49
1689589391407 0.0005234088166616857 50
1689589391637 0.00046513983397744596 51
1689589391875 0.0004124737170059234 52
1689589392095 0.0003670349542517215 53
1689589392326 0.00032649331842549145 54
1689589392545 0.0002924402942880988 55
1689589392769 0.0002616459387354553 56
1689589392980 0.00023326270456891507 57
1689589393199 0.00020358416077215225 58
1689589393423 0.00017817220941651613 59
