1689589380216 2.3821778297424316 0
1689589380440 1.6024593114852905 1
1689589380655 1.1775400638580322 2
1689589380966 1.0006247758865356 3
1689589381185 0.9311122298240662 4
1689589381420 0.8980487585067749 5
1689589381640 0.8703947067260742 6
1689589381859 0.8441688418388367 7
1689589382063 0.8167163729667664 8
1689589382287 0.7865459322929382 9
1689589382521 0.7536289095878601 10
1689589382735 0.7175373435020447 11
1689589382970 0.6771129965782166 12
1689589383186 0.6318232417106628 13
1689589383397 0.5831737518310547 14
1689589383610 0.5302101969718933 15
1689589383866 0.4733743369579315 16
1689589384112 0.41641420125961304 17
1689589384322 0.3592659533023834 18
1689589384540 0.30269238352775574 19
1689589384746 0.25003278255462646 20
1689589384959 0.20308817923069 21
1689589385191 0.161478191614151 22
1689589385405 0.12678834795951843 23
1689589385635 0.09992615133523941 24
1689589385840 0.07920005917549133 25
1689589386051 0.06637649983167648 26
1689589386280 0.05591379851102829 27
1689589386498 0.04963031783699989 28
1689589386727 0.041512053459882736 29
1689589386950 0.03831961378455162 30
1689589387176 0.03394416347146034 31
1689589387398 0.03072000853717327 32
1689589387613 0.02804042026400566 33
1689589387841 0.025550350546836853 34
1689589388067 0.02299238182604313 35
1689589388289 0.021315550431609154 36
1689589388530 0.019215360283851624 37
1689589388739 0.01772780902683735 38
1689589388977 0.01648005284368992 39
1689589389201 0.015071729198098183 40
1689589389432 0.013846761547029018 41
1689589389667 0.01270999200642109 42
1689589389890 0.012199794873595238 43
1689589390104 0.01087877806276083 44
1689589390307 0.010052025318145752 45
1689589390531 0.009310216642916203 46
1689589390751 0.00845436193048954 47
1689589390978 0.007929274812340736 48
1689589391192 0.007277227006852627 49
1689589391407 0.006943102460354567 50
1689589391637 0.006470193155109882 51
1689589391875 0.005930035840719938 52
1689589392095 0.005453472025692463 53
1689589392326 0.005308018531650305 54
1689589392545 0.005167178809642792 55
1689589392769 0.004387801047414541 56
1689589392980 0.004432115703821182 57
1689589393199 0.003986126743257046 58
1689589393423 0.003981841262429953 59
