1690127193643 0.26537516713142395 0
1690127193689 0.2558102309703827 1
1690127193713 0.2495867908000946 2
1690127193737 0.24475990235805511 3
1690127193761 0.24073775112628937 4
1690127193777 0.23725149035453796 5
1690127193801 0.23415319621562958 6
1690127193825 0.23135153949260712 7
1690127193849 0.22878587245941162 8
1690127193865 0.22641324996948242 9
1690127193945 0.22420230507850647 10
1690127193969 0.22212904691696167 11
1690127193993 0.22017493844032288 12
1690127194017 0.21832485496997833 13
1690127194041 0.21656671166419983 14
1690127194065 0.21489042043685913 15
1690127194089 0.21328723430633545 16
1690127194105 0.21174991130828857 17
1690127194137 0.210271954536438 18
1690127194158 0.20884786546230316 19
1690127194185 0.20747250318527222 20
1690127194217 0.20614144206047058 21
1690127194249 0.2048504650592804 22
1690127194274 0.20359578728675842 23
1690127194298 0.2023741602897644 24
1690127194322 0.20118224620819092 25
1690127194346 0.2000172734260559 26
1690127194370 0.19887642562389374 27
1690127194386 0.19775737822055817 28
1690127194410 0.19665803015232086 29
1690127194434 0.1955762505531311 30
1690127194562 0.19451022148132324 31
1690127194578 0.19345836341381073 32
1690127194602 0.19241918623447418 33
1690127194626 0.1913911998271942 34
1690127194650 0.19037304818630219 35
1690127194674 0.18936370313167572 36
1690127194698 0.18836179375648499 37
1690127194714 0.18736639618873596 38
1690127194738 0.18637654185295105 39
1690127194762 0.18539130687713623 40
1690127194786 0.184409961104393 41
1690127194810 0.1834316849708557 42
1690127194826 0.18245606124401093 43
1690127194850 0.18148231506347656 44
1690127194874 0.18051010370254517 45
1690127194898 0.17953893542289734 46
1690127194914 0.17856839299201965 47
1690127194938 0.17759829759597778 48
1690127194962 0.17662811279296875 49
