1690127193643 0.423503041267395 0
1690127193689 0.41793668270111084 1
1690127193713 0.414010226726532 2
1690127193737 0.410782128572464 3
1690127193761 0.4079578220844269 4
1690127193777 0.40540167689323425 5
1690127193801 0.4030383229255676 6
1690127193825 0.40082108974456787 7
1690127193849 0.39871877431869507 8
1690127193865 0.39670926332473755 9
1690127193945 0.3947764039039612 10
1690127193969 0.3929077982902527 11
1690127193993 0.3910940885543823 12
1690127194017 0.3893274664878845 13
1690127194041 0.3876018524169922 14
1690127194065 0.38591229915618896 15
1690127194089 0.3842543959617615 16
1690127194105 0.38262468576431274 17
1690127194137 0.38102006912231445 18
1690127194158 0.37943804264068604 19
1690127194185 0.3778761625289917 20
1690127194217 0.3763325810432434 21
1690127194249 0.37480539083480835 22
1690127194274 0.3732929825782776 23
1690127194298 0.37179404497146606 24
1690127194322 0.37030717730522156 25
1690127194346 0.3688312768936157 26
1690127194370 0.3673650026321411 27
1690127194386 0.3659074902534485 28
1690127194410 0.3644578456878662 29
1690127194434 0.36301499605178833 30
1690127194562 0.3615781366825104 31
1690127194578 0.36014649271965027 32
1690127194602 0.3587193191051483 33
1690127194626 0.35729581117630005 34
1690127194650 0.35587528347969055 35
1690127194674 0.35445713996887207 36
1690127194698 0.35304057598114014 37
1690127194714 0.3516249656677246 38
1690127194738 0.35020965337753296 39
1690127194762 0.34879398345947266 40
1690127194786 0.34737730026245117 41
1690127194810 0.3459588885307312 42
1690127194826 0.34453821182250977 43
1690127194850 0.34311455488204956 44
1690127194874 0.34168726205825806 45
1690127194898 0.3402556777000427 46
1690127194914 0.33881914615631104 47
1690127194938 0.33737713098526 48
1690127194962 0.33592891693115234 49
