1689866182755 1.2920215129852295 0
1689866182850 1.094301462173462 1
1689866182933 1.1035957336425781 2
1689866183070 1.0645294189453125 3
1689866183153 1.059212565422058 4
1689866183233 1.0573123693466187 5
1689866183332 1.0380412340164185 6
1689866183409 1.0443336963653564 7
1689866183497 1.0217468738555908 8
1689866183571 1.0653879642486572 9
1689866183667 1.0303583145141602 10
1689866183754 1.0135570764541626 11
1689866183943 1.0323290824890137 12
1689866184045 1.0210888385772705 13
1689866184117 1.018847942352295 14
1689866184191 1.0354565382003784 15
1689866184289 1.0128672122955322 16
1689866184363 1.0235706567764282 17
1689866184453 1.0259181261062622 18
1689866184524 1.0163254737854004 19
1689866184617 1.0263229608535767 20
1689866184703 1.014939308166504 21
1689866184810 1.0357898473739624 22
1689866184888 1.020100712776184 23
1689866185005 1.0134024620056152 24
1689866185106 1.0021753311157227 25
1689866185194 1.0135995149612427 26
1689866185265 1.0176926851272583 27
1689866185353 1.0033236742019653 28
1689866185427 1.0200623273849487 29
1689866185515 1.0165714025497437 30
1689866185588 1.0151762962341309 31
1689866185682 1.0273078680038452 32
1689866185762 1.024416208267212 33
1689866185873 1.0149778127670288 34
1689866185955 1.0278533697128296 35
1689866186058 1.018049955368042 36
1689866186132 1.0135643482208252 37
1689866186219 1.0001251697540283 38
1689866186296 1.0159929990768433 39
1689866186385 1.0048925876617432 40
1689866186467 1.0052796602249146 41
1689866186554 1.0186522006988525 42
1689866186637 1.0084947347640991 43
1689866186713 1.00508451461792 44
1689866186799 1.0192631483078003 45
1689866186884 0.9991647005081177 46
1689866186968 1.0117270946502686 47
1689866187038 0.9856184720993042 48
1689866187129 1.0061086416244507 49
1689866187198 1.0057717561721802 50
1689866187284 1.022326946258545 51
1689866187356 1.0095480680465698 52
1689866187457 1.0191152095794678 53
1689866187564 1.01374351978302 54
1689866187642 1.008867621421814 55
1689866187718 1.004649043083191 56
1689866187810 0.9983487725257874 57
1689866187884 1.0070581436157227 58
1689866187980 0.9993463754653931 59
1689866188049 1.002672553062439 60
1689866188170 1.0120677947998047 61
1689866188268 1.0014265775680542 62
1689866188352 1.0089454650878906 63
1689866188434 1.0123637914657593 64
1689866188515 1.0170801877975464 65
1689866188600 1.0151153802871704 66
1689866188675 1.0023856163024902 67
1689866188762 0.9831937551498413 68
1689866188834 0.999428927898407 69
1689866188924 1.0091935396194458 70
1689866188992 0.9993420243263245 71
1689866189087 0.9852938652038574 72
1689866189159 1.0089855194091797 73
1689866189244 1.0064620971679688 74
1689866189315 1.0086429119110107 75
1689866189403 1.0068320035934448 76
1689866189473 0.9977965354919434 77
1689866189561 1.0110788345336914 78
1689866189645 1.0185168981552124 79
