1690135056740 0.4999687373638153 0
1690135056788 0.4898523688316345 1
1690135056805 0.4790910482406616 2
1690135056821 0.467585951089859 3
1690135056852 0.45531314611434937 4
1690135056868 0.44229209423065186 5
1690135056895 0.42859429121017456 6
1690135056908 0.41435107588768005 7
1690135056923 0.3997538983821869 8
1690135056939 0.38504648208618164 9
1690135056970 0.37050682306289673 10
1690135056995 0.35642263293266296 11
1690135057066 0.34306323528289795 12
1690135057098 0.33065420389175415 13
1690135057113 0.3193587362766266 14
1690135057145 0.30926892161369324 15
1690135057177 0.3004075586795807 16
1690135057201 0.2927384078502655 17
1690135057217 0.28618133068084717 18
1690135057257 0.2806287407875061 19
1690135057295 0.27596044540405273 20
1690135057313 0.2720550000667572 21
1690135057337 0.26879772543907166 22
1690135057353 0.26608484983444214 23
1690135057377 0.26382559537887573 24
1690135057401 0.2619422376155853 25
1690135057417 0.2603694200515747 26
1690135057433 0.259052574634552 27
1690135057457 0.25794684886932373 28
1690135057473 0.2570151686668396 29
1690135057496 0.25622737407684326 30
1690135057505 0.2555586099624634 31
1690135057536 0.2549886703491211 32
1690135057662 0.25450101494789124 33
1690135057677 0.25408199429512024 34
1690135057709 0.2537205219268799 35
1690135057725 0.25340738892555237 36
1690135057740 0.253135085105896 37
1690135057756 0.2528972923755646 38
1690135057787 0.25268882513046265 39
1690135057803 0.25250545144081116 40
1690135057819 0.25234344601631165 41
1690135057850 0.25219985842704773 42
1690135057866 0.2520720958709717 43
1690135057882 0.25195807218551636 44
1690135057898 0.25185590982437134 45
1690135057929 0.25176411867141724 46
1690135057945 0.2516813278198242 47
1690135057961 0.2516064941883087 48
1690135057992 0.25153857469558716 49
1690135058008 0.2514767348766327 50
1690135058024 0.25142034888267517 51
1690135058039 0.2513687312602997 52
1690135058070 0.25132134556770325 53
1690135058086 0.25127774477005005 54
1690135058102 0.2512374818325043 55
1690135058133 0.25120025873184204 56
1690135058165 0.2511656880378723 57
1690135058205 0.2511335611343384 58
1690135058241 0.25110360980033875 59
1690135058297 0.2510755956172943 60
1690135058326 0.2510493993759155 61
1690135058360 0.2510247826576233 62
1690135058396 0.25100159645080566 63
1690135058420 0.2509797215461731 64
1690135058436 0.2509590983390808 65
1690135058451 0.2509395480155945 66
1690135058467 0.25092095136642456 67
1690135058498 0.25090327858924866 68
1690135058514 0.250886470079422 69
1690135058530 0.25087040662765503 70
1690135058545 0.25085508823394775 71
1690135058577 0.25084036588668823 72
1690135058597 0.25082626938819885 73
1690135058608 0.25081273913383484 74
1690135058632 0.2507997155189514 75
1690135058899 0.2507871687412262 76
1690135058915 0.2507750391960144 77
1690135058930 0.2507633566856384 78
1690135058962 0.2507520318031311 79
1690135058977 0.2507410943508148 80
1690135059009 0.2507304847240448 81
1690135059040 0.25072017312049866 82
1690135059072 0.2507101595401764 83
1690135059119 0.250700443983078 84
1690135059198 0.2506909668445587 85
1690135059229 0.2506817579269409 86
1690135059244 0.2506727874279022 87
1690135059276 0.25066402554512024 88
1690135059298 0.25065547227859497 89
1690135059323 0.2506471574306488 90
1690135059339 0.2506389915943146 91
1690135059354 0.25063103437423706 92
1690135059378 0.2506232261657715 93
1690135059398 0.2506156265735626 94
1690135059426 0.2506081461906433 95
1690135059441 0.2506008446216583 96
1690135059457 0.2505936920642853 97
1690135059472 0.2505866587162018 98
1690135059504 0.25057974457740784 99
1690135059520 0.2505730092525482 100
1690135059535 0.25056636333465576 101
1690135059551 0.25055986642837524 102
1690135059582 0.2505534589290619 103
1690135059598 0.25054723024368286 104
1690135059614 0.2505410313606262 105
1690135059630 0.2505350112915039 106
1690135059661 0.25052905082702637 107
1690135059677 0.2505232095718384 108
1690135059699 0.25051745772361755 109
1690135059724 0.2505117952823639 110
1690135059739 0.2505062520503998 111
1690135059755 0.25050079822540283 112
1690135059786 0.25049543380737305 113
1690135059802 0.25049012899398804 114
1690135059834 0.2504849135875702 115
1690135059849 0.2504797875881195 116
1690135059865 0.250474750995636 117
1690135059881 0.25046977400779724 118
1690135059912 0.25046491622924805 119
1690135059928 0.25046011805534363 120
1690135059944 0.2504553496837616 121
1690135059959 0.2504507005214691 122
1690135059990 0.2504461407661438 123
1690135060006 0.2504415810108185 124
1690135060022 0.2504371404647827 125
1690135060038 0.2504327595233917 126
1690135060053 0.2504284381866455 127
1690135060085 0.25042417645454407 128
1690135060101 0.2504199743270874 129
1690135060116 0.2504158318042755 130
1690135060148 0.2504117786884308 131
1690135060163 0.25040775537490845 132
1690135060194 0.2504037916660309 133
1690135060211 0.2503998875617981 134
1690135060226 0.2503960132598877 135
1690135060242 0.25039225816726685 136
1690135060273 0.250388503074646 137
1690135060289 0.2503848075866699 138
1690135060305 0.2503811717033386 139
1690135060320 0.2503775954246521 140
1690135060352 0.25037404894828796 141
1690135060367 0.250370591878891 142
1690135060383 0.250367134809494 143
1690135060400 0.2503637373447418 144
1690135060430 0.2503603994846344 145
1690135060446 0.25035712122917175 146
1690135060461 0.2503538429737091 147
1690135060477 0.2503506541252136 148
1690135060500 0.25034746527671814 149
1690135060524 0.2503443658351898 150
1690135060540 0.2503412365913391 151
1690135060556 0.25033822655677795 152
1690135060571 0.2503352165222168 153
1690135060603 0.250332236289978 154
1690135060619 0.25032931566238403 155
1690135060634 0.2503264248371124 156
1690135060666 0.2503235638141632 157
1690135060681 0.25032079219818115 158
1690135061127 0.2503179907798767 159
1690135061136 0.25031524896621704 160
1690135061168 0.25031253695487976 161
1690135061184 0.25030988454818726 162
1690135061215 0.25030720233917236 163
1690135061231 0.250304639339447 164
1690135061262 0.2503020465373993 165
1690135061278 0.25029951333999634 166
1690135061309 0.25029700994491577 167
1690135061325 0.2502945065498352 168
1690135061341 0.2502920627593994 169
1690135061372 0.250289648771286 170
1690135061403 0.2502872943878174 171
1690135061435 0.25028491020202637 172
1690135061466 0.2502825856208801 173
1690135061482 0.2502802908420563 174
1690135061513 0.2502780258655548 175
1690135061529 0.25027576088905334 176
1690135061560 0.25027355551719666 177
1690135061576 0.25027137994766235 178
1690135061591 0.25026920437812805 179
1690135061607 0.25026705861091614 180
1690135061623 0.2502649426460266 181
1690135061655 0.2502628564834595 182
1690135061670 0.2502608001232147 183
1690135061686 0.25025874376296997 184
1690135061703 0.25025674700737 185
1690135061733 0.25025475025177 186
1690135061749 0.25025278329849243 187
1690135061780 0.25025084614753723 188
1690135061796 0.25024890899658203 189
1690135061820 0.2502470016479492 190
1690135061844 0.2502451241016388 191
1690135061859 0.25024327635765076 192
1690135061875 0.2502414286136627 193
1690135061903 0.25023961067199707 194
1690135061922 0.2502377927303314 195
1690135061938 0.25023606419563293 196
1690135061953 0.2502342760562897 197
1690135061969 0.2502325475215912 198
1690135062000 0.2502308487892151 199
1690135089871 0.25022912502326466 0
