1689077716695 0.283078134059906 0
1689077716751 0.2740130126476288 1
1689077716783 0.26804283261299133 2
1689077716821 0.26333087682724 3
1689077716854 0.25932514667510986 4
1689077716886 0.25577613711357117 5
1689077716957 0.25254741311073303 6
1689077716988 0.24955566227436066 7
1689077717020 0.24674636125564575 8
1689077717051 0.24408204853534698 9
1689077717086 0.241535946726799 10
1689077717115 0.23908844590187073 11
1689077717148 0.23672489821910858 12
1689077717178 0.23443377017974854 13
1689077717208 0.23220627009868622 14
1689077717238 0.23003515601158142 15
1689077717267 0.22791464626789093 16
1689077717298 0.22583997249603271 17
1689077717328 0.22380705177783966 18
1689077717423 0.221812441945076 19
1689077717443 0.2198532372713089 20
1689077717462 0.2179270088672638 21
1689077717489 0.21603164076805115 22
1689077717520 0.21416513621807098 23
1689077717551 0.2123258411884308 24
1689077717581 0.21051254868507385 25
1689077717611 0.20872370898723602 26
1689077717644 0.2069583535194397 27
1689077717668 0.20521551370620728 28
1689077717693 0.20349423587322235 29
1689077717717 0.20179373025894165 30
1689077717740 0.20011340081691742 31
1689077717764 0.19845253229141235 32
1689077717793 0.19681063294410706 33
1689077717821 0.19518715143203735 34
1689077717848 0.19358155131340027 35
1689077717868 0.19199351966381073 36
1689077717889 0.19042259454727173 37
1689077717908 0.18886849284172058 38
1689077717928 0.18733090162277222 39
1689077717947 0.18580949306488037 40
1689077717966 0.18430396914482117 41
1689077717984 0.18281419575214386 42
1689077718002 0.1813398003578186 43
1689077718022 0.17988066375255585 44
1689077718039 0.1784365177154541 45
1689077718149 0.1770072877407074 46
1689077718170 0.17559267580509186 47
1689077718189 0.1741926372051239 48
1689077718209 0.17280685901641846 49
1689077718238 0.1714354008436203 50
1689077718266 0.17007794976234436 51
1689077718297 0.16873449087142944 52
1689077718325 0.16740474104881287 53
1689077718355 0.1660887449979782 54
1689077718388 0.16478627920150757 55
1689077718418 0.16349729895591736 56
1689077718450 0.16222159564495087 57
1689077718483 0.1609591543674469 58
1689077718515 0.1597098410129547 59
1689077718546 0.15847378969192505 60
1689077718576 0.15725228190422058 61
1689077718607 0.15605837106704712 62
1689077718637 0.1548825353384018 63
1689077718666 0.15367935597896576 64
1689077718695 0.15249042212963104 65
1689077718727 0.15132609009742737 66
1689077718758 0.1501767784357071 67
1689077718787 0.14904074370861053 68
1689077718815 0.14791683852672577 69
1689077718844 0.14680510759353638 70
1689077718900 0.14570510387420654 71
1689077718933 0.144616961479187 72
1689077719048 0.1435404121875763 73
1689077719068 0.14247551560401917 74
1689077719089 0.14142201840877533 75
1689077719109 0.14038044214248657 76
1689077719136 0.13935084640979767 77
1689077719168 0.138335183262825 78
1689077719206 0.13733115792274475 79
1689077719236 0.13633668422698975 80
1689077719265 0.1353435516357422 81
1689077719295 0.13436231017112732 82
1689077719324 0.1333918273448944 83
1689077719353 0.13243374228477478 84
1689077719383 0.13148587942123413 85
1689077719413 0.1305486261844635 86
1689077719444 0.12962092459201813 87
1689077719476 0.12870314717292786 88
1689077719508 0.1277945339679718 89
1689077719535 0.12689563632011414 90
1689077719569 0.12600558996200562 91
1689077719601 0.1251254677772522 92
1689077719635 0.12425322830677032 93
1689077719665 0.12339033931493759 94
1689077719691 0.12253229320049286 95
1689077719711 0.1216827929019928 96
1689077719729 0.12083889544010162 97
1689077719748 0.12000395357608795 98
1689077719767 0.11917577683925629 99
1689077719786 0.1183559000492096 100
1689077719806 0.11754268407821655 101
1689077719825 0.11673714220523834 102
1689077719844 0.11593806743621826 103
1689077719862 0.11514656245708466 104
1689077720021 0.11436121165752411 105
1689077720042 0.11358359456062317 106
1689077720065 0.11281177401542664 107
1689077720095 0.11204776167869568 108
1689077720124 0.11128882318735123 109
1689077720145 0.11053773015737534 110
1689077720163 0.10979145765304565 111
1689077720182 0.1090530976653099 112
1689077720201 0.10832010209560394 113
1689077720219 0.10759498178958893 114
1689077720236 0.10687562823295593 115
1689077720257 0.10616400837898254 116
1689077720275 0.1054583489894867 117
1689077720294 0.1047603115439415 118
1689077720313 0.10406820476055145 119
1689077720331 0.10338381677865982 120
1689077720350 0.10270531475543976 121
1689077720369 0.10203458368778229 122
1689077720389 0.10136939585208893 123
1689077720408 0.1007121130824089 124
1689077720427 0.10006014257669449 125
1689077720445 0.09941598773002625 126
1689077720466 0.09877709299325943 127
1689077720487 0.0981459990143776 128
1689077720505 0.09752035140991211 129
1689077720524 0.09690241515636444 130
1689077720543 0.09629005193710327 131
1689077720561 0.09568529576063156 132
1689077720579 0.09508611261844635 133
1689077720597 0.09449449181556702 134
1689077720615 0.0939084142446518 135
1689077720634 0.09332989156246185 136
1689077720655 0.09275680035352707 137
1689077720674 0.0921911969780922 138
1689077720693 0.09163086116313934 139
1689077720711 0.0910780131816864 140
1689077720738 0.09053029865026474 141
1689077720766 0.08998998999595642 142
1689077720788 0.08945479989051819 143
1689077720811 0.08892691880464554 144
1689077720834 0.08840416371822357 145
1689077720865 0.0878886878490448 146
1689077720903 0.0873783528804779 147
1689077721102 0.08687520027160645 148
1689077721123 0.08637718111276627 149
1689077721143 0.08588626980781555 150
1689077721162 0.08540040254592896 151
1689077721180 0.08492159843444824 152
1689077721202 0.08444775640964508 153
1689077721222 0.08398088812828064 154
1689077721243 0.0835188552737236 155
1689077721262 0.08306381851434708 156
1689077721282 0.08261346817016602 157
1689077721309 0.0821700394153595 158
1689077721336 0.08173125982284546 159
1689077721362 0.08129927515983582 160
1689077721391 0.08087194710969925 161
1689077721438 0.08045132458209991 162
1689077721474 0.08003533631563187 163
1689077721500 0.07962594926357269 164
1689077721520 0.07922113686800003 165
1689077721539 0.07882288843393326 166
1689077721560 0.07842910289764404 167
1689077721580 0.07804177701473236 168
1689077721600 0.07765882462263107 169
1689077721618 0.07728225737810135 170
1689077721637 0.07690993696451187 171
1689077721657 0.07654392719268799 172
1689077721675 0.07618214190006256 173
1689077721694 0.0758264809846878 174
1689077721713 0.07547493278980255 175
1689077721730 0.07512950897216797 176
1689077721750 0.0747881531715393 177
1689077721770 0.07445275783538818 178
1689077721788 0.0741213709115982 179
1689077721808 0.0737958550453186 180
1689077721827 0.07347433269023895 181
1689077721847 0.07315865159034729 182
1689077721866 0.07284682989120483 183
1689077721887 0.07254079729318619 184
1689077721935 0.07223858684301376 185
1689077721961 0.07194210588932037 186
1689077721984 0.0716494470834732 187
1689077722004 0.07136251777410507 188
1689077722023 0.07107934355735779 189
1689077722042 0.07080192863941193 190
1689077722060 0.07052826881408691 191
1689077722078 0.07026037573814392 192
1689077722096 0.06999624520540237 193
1689077722116 0.06973792612552643 194
1689077722139 0.06948338449001312 195
1689077722161 0.06923466175794601 196
1689077722185 0.06898972392082214 197
1689077722211 0.06875065714120865 198
1689077722242 0.06851537525653839 199
1689077722265 0.0682859867811203 200
1689077722289 0.06806033849716187 201
1689077722310 0.06784063577651978 202
1689077722329 0.06762472540140152 203
1689077722347 0.06741471588611603 204
1689077722366 0.06720852106809616 205
1689077722584 0.06700824946165085 206
1689077722610 0.06681180745363235 207
1689077722638 0.06662126630544662 208
1689077722666 0.06643456220626831 209
1689077722696 0.06625372171401978 210
1689077722724 0.06607674062252045 211
1689077722751 0.06590563803911209 212
1689077722778 0.06573830544948578 213
1689077722802 0.06557681411504745 214
1689077722826 0.06541913747787476 215
1689077722850 0.06526722013950348 216
1689077722873 0.06511905789375305 217
1689077722896 0.06497666239738464 218
1689077722916 0.06483794748783112 219
1689077722937 0.06470495462417603 220
1689077722955 0.06457562744617462 221
1689077722973 0.0644519180059433 222
1689077722992 0.06433184444904327 223
1689077723010 0.06421727687120438 224
1689077723036 0.06410633772611618 225
1689077723066 0.06400074809789658 226
1689077723097 0.06389874964952469 227
1689077723128 0.06380198895931244 228
1689077723158 0.06370869278907776 229
1689077723187 0.06362056732177734 230
1689077723218 0.06353583931922913 231
1689077723247 0.06345610320568085 232
1689077723279 0.06337961554527283 233
1689077723310 0.06330797076225281 234
1689077723339 0.06323955208063126 235
1689077723371 0.06317570805549622 236
1689077723409 0.06311497092247009 237
1689077723445 0.06305868178606033 238
1689077723483 0.06300534307956696 239
1689077723519 0.06295619904994965 240
1689077723541 0.06290982663631439 241
1689077723562 0.06286744773387909 242
1689077723583 0.06282764673233032 243
1689077723602 0.0627916008234024 244
1689077723622 0.0627579391002655 245
1689077723641 0.06272773444652557 246
1689077723668 0.06269970536231995 247
1689077723698 0.0626748725771904 248
1689077723727 0.06265196204185486 249
1689077723755 0.06263192743062973 250
1689077723784 0.06261363625526428 251
1689077723816 0.0625978633761406 252
1689077723846 0.06258358061313629 253
1689077723875 0.06257148087024689 254
1689077723908 0.06256061792373657 255
1689077723939 0.06255161762237549 256
1689077723968 0.06254366040229797 257
1689077723998 0.06253720074892044 258
1689077724227 0.06253154575824738 259
1689077724257 0.06252710521221161 260
1689077724286 0.0625232607126236 261
1689077724317 0.0625203400850296 262
1689077724347 0.06251784414052963 263
1689077724379 0.06251601874828339 264
1689077724409 0.062514528632164 265
1689077724436 0.06251347810029984 266
1689077724465 0.06251262128353119 267
1689077724498 0.0625121146440506 268
1689077724528 0.06251169741153717 269
1689077724557 0.06251145899295807 270
1689077724589 0.06251132488250732 271
1689077724619 0.06251125037670135 272
1689077724657 0.06251129508018494 273
1689077724686 0.06251130998134613 274
1689077724711 0.06251143664121628 275
1689077724743 0.06251148879528046 276
1689077724776 0.06251167505979538 277
1689077724805 0.06251175701618195 278
1689077724833 0.06251195073127747 279
1689077724856 0.06251202523708344 280
1689077724878 0.06251220405101776 281
1689077724897 0.06251228600740433 282
1689077724919 0.06251244246959686 283
1689077724937 0.06251250207424164 284
1689077724957 0.06251267343759537 285
1689077724977 0.06251268088817596 286
1689077724996 0.0625128448009491 287
1689077725015 0.06251287460327148 288
1689077725037 0.06251300126314163 289
1689077725059 0.06251299381256104 290
1689077725080 0.06251312047243118 291
1689077725103 0.06251309812068939 292
1689077725124 0.06251324713230133 293
1689077725143 0.06251318752765656 294
1689077725163 0.0625133067369461 295
1689077725183 0.06251326203346252 296
1689077725204 0.06251336634159088 297
1689077725236 0.06251329928636551 298
1689077725265 0.06251344829797745 299
1689077725291 0.06251338124275208 300
1689077725313 0.06251349300146103 301
1689077725331 0.06251339614391327 302
1689077725351 0.06251350045204163 303
1689077725371 0.06251342594623566 304
1689077725390 0.06251350045204163 305
1689077725410 0.06251344829797745 306
1689077725429 0.06251354515552521 307
1689077725447 0.06251344829797745 308
1689077725469 0.0625135749578476 309
1689077725488 0.06251344829797745 310
1689077725506 0.06251358985900879 311
1689077725528 0.06251345574855804 312
1689077725547 0.062513567507267 313
1689077725566 0.06251345574855804 314
1689077725585 0.0625135749578476 315
1689077725604 0.06251346319913864 316
1689077725623 0.062513567507267 317
1689077725642 0.06251348555088043 318
1689077725660 0.0625135749578476 319
1689077725678 0.06251347810029984 320
1689077725697 0.062513567507267 321
1689077725720 0.06251345574855804 322
1689077725738 0.0625135749578476 323
1689077725758 0.06251348555088043 324
1689077726009 0.0625135749578476 325
1689077726027 0.06251350045204163 326
1689077726045 0.0625135749578476 327
1689077726064 0.06251348555088043 328
1689077726082 0.062513567507267 329
1689077726102 0.06251346319913864 330
1689077726122 0.0625135749578476 331
1689077726140 0.06251347810029984 332
1689077726159 0.0625135749578476 333
1689077726177 0.06251347064971924 334
1689077726195 0.0625135600566864 335
1689077726213 0.06251348555088043 336
1689077726231 0.0625135749578476 337
1689077726250 0.06251347064971924 338
1689077726269 0.0625135526061058 339
1689077726289 0.06251347064971924 340
1689077726309 0.0625135749578476 341
1689077726327 0.06251347810029984 342
1689077726345 0.06251358985900879 343
1689077726363 0.06251346319913864 344
1689077726382 0.062513567507267 345
1689077726400 0.06251348555088043 346
1689077726419 0.0625135600566864 347
1689077726438 0.06251346319913864 348
1689077726457 0.0625135749578476 349
1689077726475 0.06251348555088043 350
1689077726494 0.062513567507267 351
1689077726512 0.06251347064971924 352
1689077726530 0.0625135526061058 353
1689077726549 0.06251344829797745 354
1689077726567 0.0625135749578476 355
1689077726586 0.06251347064971924 356
1689077726606 0.0625135600566864 357
1689077726625 0.06251345574855804 358
1689077726642 0.0625135749578476 359
1689077726661 0.06251348555088043 360
1689077726680 0.0625135600566864 361
1689077726704 0.06251348555088043 362
1689077726726 0.0625135749578476 363
1689077726745 0.06251347810029984 364
1689077726763 0.0625135749578476 365
1689077726783 0.06251346319913864 366
1689077726805 0.0625135749578476 367
1689077726831 0.06251346319913864 368
1689077726858 0.062513567507267 369
1689077726878 0.06251346319913864 370
1689077726898 0.0625135600566864 371
1689077726921 0.06251347064971924 372
1689077726946 0.062513567507267 373
1689077726968 0.06251344829797745 374
1689077726987 0.0625135749578476 375
1689077727010 0.06251346319913864 376
1689077727028 0.06251358985900879 377
1689077727046 0.06251348555088043 378
1689077727063 0.06251358240842819 379
1689077727081 0.06251346319913864 380
1689077727099 0.0625135749578476 381
1689077727117 0.06251346319913864 382
1689077727135 0.0625135749578476 383
1689077727157 0.06251347064971924 384
1689077727176 0.06251354515552521 385
1689077727194 0.06251347064971924 386
1689077727212 0.0625135749578476 387
1689077727231 0.06251348555088043 388
1689077727250 0.06251354515552521 389
1689077727268 0.06251347064971924 390
1689077727290 0.062513567507267 391
1689077727310 0.06251345574855804 392
1689077727329 0.0625135749578476 393
1689077727347 0.06251345574855804 394
1689077727366 0.0625135749578476 395
1689077727385 0.06251347064971924 396
1689077727405 0.06251354515552521 397
1689077727423 0.06251345574855804 398
1689077727441 0.0625135600566864 399
1689077727459 0.06251344084739685 400
1689077727477 0.06251354515552521 401
1689077727495 0.06251345574855804 402
1689077727514 0.06251354515552521 403
1689077727538 0.06251345574855804 404
1689077727573 0.0625135749578476 405
1689077727597 0.06251345574855804 406
1689077727619 0.0625135600566864 407
1689077727639 0.06251347064971924 408
1689077727657 0.0625135526061058 409
1689077727674 0.06251345574855804 410
1689077727693 0.0625135600566864 411
1689077727711 0.06251345574855804 412
1689077727730 0.0625135600566864 413
1689077727748 0.06251344084739685 414
1689077727768 0.06251354515552521 415
1689077727786 0.06251347064971924 416
1689077727805 0.06251354515552521 417
1689077727825 0.06251346319913864 418
1689077727844 0.0625135600566864 419
1689077727863 0.06251344829797745 420
1689077727882 0.0625135749578476 421
1689077727901 0.06251347810029984 422
1689077727920 0.0625135749578476 423
1689077727939 0.06251345574855804 424
1689077727958 0.0625135600566864 425
1689077727976 0.06251345574855804 426
1689077727994 0.06251354515552521 427
1689077728011 0.06251343339681625 428
1689077728030 0.062513567507267 429
1689077728050 0.06251347064971924 430
1689077728419 0.0625135600566864 431
1689077728452 0.06251344829797745 432
1689077728482 0.0625135526061058 433
1689077728510 0.06251347064971924 434
1689077728539 0.0625135526061058 435
1689077728569 0.06251345574855804 436
1689077728599 0.0625135749578476 437
1689077728630 0.06251347810029984 438
1689077728658 0.06251354515552521 439
1689077728688 0.06251344829797745 440
1689077728717 0.062513567507267 441
1689077728746 0.06251344084739685 442
1689077728775 0.06251354515552521 443
1689077728806 0.06251346319913864 444
1689077728836 0.06251354515552521 445
1689077728868 0.06251345574855804 446
1689077728900 0.06251354515552521 447
1689077728931 0.06251347064971924 448
1689077728962 0.0625135600566864 449
1689077728990 0.06251345574855804 450
1689077729020 0.0625135600566864 451
1689077729041 0.06251345574855804 452
1689077729061 0.0625135526061058 453
1689077729081 0.06251347064971924 454
1689077729106 0.0625135600566864 455
1689077729128 0.06251344084739685 456
1689077729152 0.06251353770494461 457
1689077729173 0.06251347064971924 458
1689077729192 0.0625135600566864 459
1689077729212 0.06251345574855804 460
1689077729236 0.0625135600566864 461
1689077729259 0.06251345574855804 462
1689077729279 0.0625135600566864 463
1689077729301 0.06251347064971924 464
1689077729323 0.0625135526061058 465
1689077729341 0.06251345574855804 466
1689077729360 0.0625135526061058 467
1689077729377 0.06251346319913864 468
1689077729396 0.062513567507267 469
1689077729413 0.06251345574855804 470
1689077729433 0.062513567507267 471
1689077729452 0.06251343339681625 472
1689077729477 0.06251354515552521 473
1689077729497 0.06251346319913864 474
1689077729516 0.06251354515552521 475
1689077729535 0.06251345574855804 476
1689077729554 0.0625135600566864 477
1689077729574 0.06251345574855804 478
1689077729594 0.06251354515552521 479
1689077729612 0.06251342594623566 480
1689077729630 0.0625135600566864 481
1689077729649 0.06251342594623566 482
1689077729668 0.0625135600566864 483
1689077729686 0.06251344829797745 484
1689077729705 0.0625135600566864 485
1689077729725 0.06251347064971924 486
1689077729742 0.0625135600566864 487
1689077729760 0.06251345574855804 488
1689077729779 0.06251354515552521 489
1689077729798 0.06251345574855804 490
1689077729817 0.06251353770494461 491
1689077729836 0.06251342594623566 492
1689077729855 0.0625135600566864 493
1689077729874 0.06251344084739685 494
1689077729893 0.06251354515552521 495
1689077729910 0.06251343339681625 496
1689077729928 0.0625135526061058 497
1689077729947 0.06251344084739685 498
1689077729966 0.06251353025436401 499
