1689077716695 0.44428443908691406 0
1689077716751 0.43739575147628784 1
1689077716783 0.432516872882843 2
1689077716821 0.4284866452217102 3
1689077716854 0.42494329810142517 4
1689077716886 0.4217202663421631 5
1689077716957 0.41872501373291016 6
1689077716988 0.41590023040771484 7
1689077717020 0.413207471370697 8
1689077717051 0.410619854927063 9
1689077717086 0.408117413520813 10
1689077717115 0.4056854248046875 11
1689077717148 0.4033123850822449 12
1689077717178 0.4009891152381897 13
1689077717208 0.3987085819244385 14
1689077717238 0.39646488428115845 15
1689077717267 0.39425334334373474 16
1689077717298 0.39207005500793457 17
1689077717328 0.3899117112159729 18
1689077717423 0.3877755403518677 19
1689077717443 0.38565924763679504 20
1689077717462 0.3835609257221222 21
1689077717489 0.38147884607315063 22
1689077717520 0.3794114291667938 23
1689077717551 0.3773573637008667 24
1689077717581 0.37531572580337524 25
1689077717611 0.37328535318374634 26
1689077717644 0.37126535177230835 27
1689077717668 0.36925506591796875 28
1689077717693 0.3672536611557007 29
1689077717717 0.36526063084602356 30
1689077717740 0.3632754683494568 31
1689077717764 0.361297607421875 32
1689077717793 0.35932672023773193 33
1689077717821 0.3573623299598694 34
1689077717848 0.3554040193557739 35
1689077717868 0.353451669216156 36
1689077717889 0.3515048921108246 37
1689077717908 0.3495633900165558 38
1689077717928 0.34762710332870483 39
1689077717947 0.34569573402404785 40
1689077717966 0.34376898407936096 41
1689077717984 0.34184691309928894 42
1689077718002 0.3399292230606079 43
1689077718022 0.3380158543586731 44
1689077718039 0.33610665798187256 45
1689077718149 0.33420151472091675 46
1689077718170 0.3323003351688385 47
1689077718189 0.3304031193256378 48
1689077718209 0.3285096287727356 49
1689077718238 0.3266199827194214 50
1689077718266 0.3247339725494385 51
1689077718297 0.3228515684604645 52
1689077718325 0.320972740650177 53
1689077718355 0.31909745931625366 54
1689077718388 0.3172255754470825 55
1689077718418 0.3153572082519531 56
1689077718450 0.3134922683238983 57
1689077718483 0.31163060665130615 58
1689077718515 0.3097726106643677 59
1689077718546 0.307917058467865 60
1689077718576 0.3060672879219055 61
1689077718607 0.3042135238647461 62
1689077718637 0.3023843765258789 63
1689077718666 0.30051904916763306 64
1689077718695 0.29869964718818665 65
1689077718727 0.2968553900718689 66
1689077718758 0.29502958059310913 67
1689077718787 0.2931979298591614 68
1689077718815 0.29137516021728516 69
1689077718844 0.2895512282848358 70
1689077718900 0.2877337634563446 71
1689077718933 0.2859163284301758 72
1689077719048 0.2841050624847412 73
1689077719068 0.2822934091091156 74
1689077719089 0.2804889380931854 75
1689077719109 0.2786821126937866 76
1689077719136 0.27688610553741455 77
1689077719168 0.2750815153121948 78
1689077719206 0.27329784631729126 79
1689077719236 0.27149227261543274 80
1689077719265 0.2697204053401947 81
1689077719295 0.2679218053817749 82
1689077719324 0.2661508321762085 83
1689077719353 0.26436376571655273 84
1689077719383 0.2625942528247833 85
1689077719413 0.26081570982933044 86
1689077719444 0.2590504288673401 87
1689077719476 0.2572782337665558 88
1689077719508 0.25551867485046387 89
1689077719535 0.25375139713287354 90
1689077719569 0.2519989013671875 91
1689077719601 0.2515934705734253 92
1689077719635 0.25 93
1689077719665 0.25086304545402527 94
1689077719691 0.2499999850988388 95
1689077719711 0.25 96
1689077719729 0.25 97
1689077719748 0.25 98
1689077719767 0.25 99
1689077719786 0.25 100
1689077719806 0.25 101
1689077719825 0.24999995529651642 102
1689077719844 0.2499999701976776 103
1689077719862 0.25 104
1689077720021 0.2499999850988388 105
1689077720042 0.25 106
1689077720065 0.25 107
1689077720095 0.25 108
1689077720124 0.25 109
1689077720145 0.25 110
1689077720163 0.25 111
1689077720182 0.25 112
1689077720201 0.25 113
1689077720219 0.25 114
1689077720236 0.25 115
1689077720257 0.25 116
1689077720275 0.2500000298023224 117
1689077720294 0.25 118
1689077720313 0.2499999701976776 119
1689077720331 0.2499999701976776 120
1689077720350 0.25 121
1689077720369 0.25 122
1689077720389 0.2499999701976776 123
1689077720408 0.25 124
1689077720427 0.2500000298023224 125
1689077720445 0.25 126
1689077720466 0.2499999850988388 127
1689077720487 0.2499999850988388 128
1689077720505 0.2499999701976776 129
1689077720524 0.25 130
1689077720543 0.25 131
1689077720561 0.2500000298023224 132
1689077720579 0.25 133
1689077720597 0.25 134
1689077720615 0.2499999850988388 135
1689077720634 0.25 136
1689077720655 0.25 137
1689077720674 0.25 138
1689077720693 0.2499999701976776 139
1689077720711 0.25 140
1689077720738 0.25 141
1689077720766 0.2499999850988388 142
1689077720788 0.25 143
1689077720811 0.25 144
1689077720834 0.2499999701976776 145
1689077720865 0.2499999850988388 146
1689077720903 0.2499999701976776 147
1689077721102 0.25 148
1689077721123 0.25 149
1689077721143 0.2500000298023224 150
1689077721162 0.25 151
1689077721180 0.25 152
1689077721202 0.25 153
1689077721222 0.25 154
1689077721243 0.2499999701976776 155
1689077721262 0.25 156
1689077721282 0.25 157
1689077721309 0.25 158
1689077721336 0.2500000298023224 159
1689077721362 0.25 160
1689077721391 0.25 161
1689077721438 0.25 162
1689077721474 0.25 163
1689077721500 0.25 164
1689077721520 0.25 165
1689077721539 0.2500000298023224 166
1689077721560 0.2500000298023224 167
1689077721580 0.25 168
1689077721600 0.25 169
1689077721618 0.25 170
1689077721637 0.2499999850988388 171
1689077721657 0.2499999850988388 172
1689077721675 0.2500000596046448 173
1689077721694 0.2500000298023224 174
1689077721713 0.2499999850988388 175
1689077721730 0.25 176
1689077721750 0.2500000298023224 177
1689077721770 0.25 178
1689077721788 0.25 179
1689077721808 0.2499999850988388 180
1689077721827 0.25 181
1689077721847 0.25 182
1689077721866 0.25 183
1689077721887 0.25 184
1689077721935 0.25 185
1689077721961 0.24999995529651642 186
1689077721984 0.25 187
1689077722004 0.25 188
1689077722023 0.25 189
1689077722042 0.25 190
1689077722060 0.25 191
1689077722078 0.2499999850988388 192
1689077722096 0.2499999701976776 193
1689077722116 0.2499999850988388 194
1689077722139 0.2499999850988388 195
1689077722161 0.25 196
1689077722185 0.2499999850988388 197
1689077722211 0.25 198
1689077722242 0.25 199
1689077722265 0.2500000298023224 200
1689077722289 0.25 201
1689077722310 0.25 202
1689077722329 0.25 203
1689077722347 0.25 204
1689077722366 0.25 205
1689077722584 0.2499999850988388 206
1689077722610 0.25 207
1689077722638 0.25 208
1689077722666 0.2500000298023224 209
1689077722696 0.2499999850988388 210
1689077722724 0.25 211
1689077722751 0.2500000596046448 212
1689077722778 0.25 213
1689077722802 0.25 214
1689077722826 0.2500000298023224 215
1689077722850 0.25 216
1689077722873 0.25 217
1689077722896 0.25 218
1689077722916 0.24999995529651642 219
1689077722937 0.25 220
1689077722955 0.2499999701976776 221
1689077722973 0.2499999850988388 222
1689077722992 0.2499999850988388 223
1689077723010 0.2499999701976776 224
1689077723036 0.25 225
1689077723066 0.2499999701976776 226
1689077723097 0.25 227
1689077723128 0.25 228
1689077723158 0.24999995529651642 229
1689077723187 0.2499999701976776 230
1689077723218 0.25 231
1689077723247 0.2500000298023224 232
1689077723279 0.25 233
1689077723310 0.2499999850988388 234
1689077723339 0.2500000596046448 235
1689077723371 0.2499999701976776 236
1689077723409 0.2499999701976776 237
1689077723445 0.24999995529651642 238
1689077723483 0.2500000298023224 239
1689077723519 0.25 240
1689077723541 0.2500000298023224 241
1689077723562 0.25 242
1689077723583 0.25 243
1689077723602 0.25 244
1689077723622 0.2500000298023224 245
1689077723641 0.25 246
1689077723668 0.25 247
1689077723698 0.2500000298023224 248
1689077723727 0.2499999701976776 249
1689077723755 0.2499999701976776 250
1689077723784 0.25 251
1689077723816 0.25 252
1689077723846 0.2500000298023224 253
1689077723875 0.25 254
1689077723908 0.2499999850988388 255
1689077723939 0.2499999850988388 256
1689077723968 0.25 257
1689077723998 0.2499999850988388 258
1689077724227 0.25 259
1689077724257 0.25 260
1689077724286 0.25 261
1689077724317 0.25 262
1689077724347 0.25 263
1689077724379 0.24999995529651642 264
1689077724409 0.25 265
1689077724436 0.2499999850988388 266
1689077724465 0.24999995529651642 267
1689077724498 0.25 268
1689077724528 0.25 269
1689077724557 0.25 270
1689077724589 0.25 271
1689077724619 0.2499999850988388 272
1689077724657 0.25 273
1689077724686 0.25 274
1689077724711 0.2500000298023224 275
1689077724743 0.25 276
1689077724776 0.2500000298023224 277
1689077724805 0.2500000298023224 278
1689077724833 0.2500000596046448 279
1689077724856 0.2500000298023224 280
1689077724878 0.25 281
1689077724897 0.2500000596046448 282
1689077724919 0.2499999850988388 283
1689077724937 0.25 284
1689077724957 0.25 285
1689077724977 0.2499999701976776 286
1689077724996 0.2499999850988388 287
1689077725015 0.25 288
1689077725037 0.2499999850988388 289
1689077725059 0.25 290
1689077725080 0.2499999850988388 291
1689077725103 0.25 292
1689077725124 0.2500000298023224 293
1689077725143 0.2499999850988388 294
1689077725163 0.2499999850988388 295
1689077725183 0.25 296
1689077725204 0.2499999701976776 297
1689077725236 0.2499999701976776 298
1689077725265 0.2500000298023224 299
1689077725291 0.2500000298023224 300
1689077725313 0.2500000596046448 301
1689077725331 0.25 302
1689077725351 0.25 303
1689077725371 0.25 304
1689077725390 0.24999995529651642 305
1689077725410 0.2500000298023224 306
1689077725429 0.25 307
1689077725447 0.25 308
1689077725469 0.2500000298023224 309
1689077725488 0.2499999701976776 310
1689077725506 0.2500000596046448 311
1689077725528 0.2499999701976776 312
1689077725547 0.25 313
1689077725566 0.2499999701976776 314
1689077725585 0.25 315
1689077725604 0.2499999701976776 316
1689077725623 0.25 317
1689077725642 0.2500000298023224 318
1689077725660 0.25 319
1689077725678 0.25 320
1689077725697 0.2499999850988388 321
1689077725720 0.2499999701976776 322
1689077725738 0.2499999701976776 323
1689077725758 0.25 324
1689077726009 0.25 325
1689077726027 0.2500000596046448 326
1689077726045 0.25 327
1689077726064 0.2500000298023224 328
1689077726082 0.2499999850988388 329
1689077726102 0.2499999701976776 330
1689077726122 0.25 331
1689077726140 0.25 332
1689077726159 0.25 333
1689077726177 0.25 334
1689077726195 0.2499999701976776 335
1689077726213 0.25 336
1689077726231 0.25 337
1689077726250 0.2499999850988388 338
1689077726269 0.24999995529651642 339
1689077726289 0.2499999850988388 340
1689077726309 0.25 341
1689077726327 0.25 342
1689077726345 0.2500000298023224 343
1689077726363 0.2499999850988388 344
1689077726382 0.25 345
1689077726400 0.2500000298023224 346
1689077726419 0.25 347
1689077726438 0.25 348
1689077726457 0.25 349
1689077726475 0.2500000298023224 350
1689077726494 0.25 351
1689077726512 0.25 352
1689077726530 0.2499999701976776 353
1689077726549 0.24999995529651642 354
1689077726567 0.25 355
1689077726586 0.25 356
1689077726606 0.2499999850988388 357
1689077726625 0.2499999701976776 358
1689077726642 0.2500000298023224 359
1689077726661 0.2500000298023224 360
1689077726680 0.2499999701976776 361
1689077726704 0.2500000298023224 362
1689077726726 0.2500000298023224 363
1689077726745 0.25 364
1689077726763 0.25 365
1689077726783 0.25 366
1689077726805 0.25 367
1689077726831 0.25 368
1689077726858 0.2499999850988388 369
1689077726878 0.25 370
1689077726898 0.2499999701976776 371
1689077726921 0.25 372
1689077726946 0.25 373
1689077726968 0.24999995529651642 374
1689077726987 0.25 375
1689077727010 0.25 376
1689077727028 0.2500000596046448 377
1689077727046 0.2500000298023224 378
1689077727063 0.2500000596046448 379
1689077727081 0.25 380
1689077727099 0.25 381
1689077727117 0.25 382
1689077727135 0.25 383
1689077727157 0.25 384
1689077727176 0.24999995529651642 385
1689077727194 0.25 386
1689077727212 0.25 387
1689077727231 0.2500000298023224 388
1689077727250 0.2499999701976776 389
1689077727268 0.2500000298023224 390
1689077727290 0.25 391
1689077727310 0.2499999850988388 392
1689077727329 0.25 393
1689077727347 0.2499999701976776 394
1689077727366 0.2500000298023224 395
1689077727385 0.25 396
1689077727405 0.2499999701976776 397
1689077727423 0.25 398
1689077727441 0.25 399
1689077727459 0.2499999701976776 400
1689077727477 0.2499999701976776 401
1689077727495 0.25 402
1689077727514 0.2499999701976776 403
1689077727538 0.2499999701976776 404
1689077727573 0.2500000298023224 405
1689077727597 0.25 406
1689077727619 0.25 407
1689077727639 0.2500000298023224 408
1689077727657 0.2499999701976776 409
1689077727674 0.2499999850988388 410
1689077727693 0.25 411
1689077727711 0.25 412
1689077727730 0.25 413
1689077727748 0.2499999701976776 414
1689077727768 0.2499999701976776 415
1689077727786 0.2500000298023224 416
1689077727805 0.2499999701976776 417
1689077727825 0.25 418
1689077727844 0.25 419
1689077727863 0.2499999701976776 420
1689077727882 0.2500000298023224 421
1689077727901 0.2500000596046448 422
1689077727920 0.2500000298023224 423
1689077727939 0.25 424
1689077727958 0.25 425
1689077727976 0.25 426
1689077727994 0.2499999701976776 427
1689077728011 0.2499999701976776 428
1689077728030 0.2500000298023224 429
1689077728050 0.2500000298023224 430
1689077728419 0.25 431
1689077728452 0.2499999701976776 432
1689077728482 0.25 433
1689077728510 0.2500000298023224 434
1689077728539 0.25 435
1689077728569 0.25 436
1689077728599 0.2500000596046448 437
1689077728630 0.2500000298023224 438
1689077728658 0.2499999850988388 439
1689077728688 0.2499999850988388 440
1689077728717 0.2500000298023224 441
1689077728746 0.2499999701976776 442
1689077728775 0.25 443
1689077728806 0.2500000298023224 444
1689077728836 0.2499999701976776 445
1689077728868 0.25 446
1689077728900 0.2499999850988388 447
1689077728931 0.25 448
1689077728962 0.25 449
1689077728990 0.25 450
1689077729020 0.25 451
1689077729041 0.25 452
1689077729061 0.2499999850988388 453
1689077729081 0.2500000298023224 454
1689077729106 0.2500000298023224 455
1689077729128 0.2499999850988388 456
1689077729152 0.24999995529651642 457
1689077729173 0.2500000298023224 458
1689077729192 0.2500000298023224 459
1689077729212 0.25 460
1689077729236 0.2500000298023224 461
1689077729259 0.25 462
1689077729279 0.2500000298023224 463
1689077729301 0.2500000596046448 464
1689077729323 0.2499999850988388 465
1689077729341 0.25 466
1689077729360 0.25 467
1689077729377 0.2500000298023224 468
1689077729396 0.2500000298023224 469
1689077729413 0.25 470
1689077729433 0.2500000298023224 471
1689077729452 0.2499999701976776 472
1689077729477 0.25 473
1689077729497 0.2500000298023224 474
1689077729516 0.2499999850988388 475
1689077729535 0.25 476
1689077729554 0.25 477
1689077729574 0.25 478
1689077729594 0.2499999701976776 479
1689077729612 0.2499999701976776 480
1689077729630 0.2500000298023224 481
1689077729649 0.2499999701976776 482
1689077729668 0.2500000298023224 483
1689077729686 0.25 484
1689077729705 0.25 485
1689077729725 0.2500000298023224 486
1689077729742 0.25 487
1689077729760 0.2500000298023224 488
1689077729779 0.2499999850988388 489
1689077729798 0.2500000298023224 490
1689077729817 0.2499999701976776 491
1689077729836 0.2499999701976776 492
1689077729855 0.2500000298023224 493
1689077729874 0.25 494
1689077729893 0.25 495
1689077729910 0.2499999701976776 496
1689077729928 0.2500000298023224 497
1689077729947 0.25 498
1689077729966 0.2499999850988388 499
