1688633548883 0.2778576910495758 0
1688633548940 0.27140161395072937 1
1688633548989 0.26616647839546204 2
1688633549046 0.26200273633003235 3
1688633549092 0.25824370980262756 4
1688633549153 0.25452920794487 5
1688633549201 0.2510141134262085 6
1688633549246 0.2479352355003357 7
1688633549306 0.24479837715625763 8
1688633549353 0.24192573130130768 9
1688633549411 0.23910196125507355 10
1688633549459 0.23664206266403198 11
1688633549518 0.2340153604745865 12
1688633549564 0.23141594231128693 13
1688633549621 0.22909760475158691 14
1688633549671 0.22683824598789215 15
1688633549729 0.22473901510238647 16
1688633549778 0.22240738570690155 17
1688633549837 0.2204224020242691 18
1688633549883 0.21831214427947998 19
1688633549942 0.21640367805957794 20
1688633549991 0.2143927663564682 21
1688633550055 0.21229536831378937 22
1688633550104 0.21063776314258575 23
1688633550163 0.2091248482465744 24
1688633550210 0.20755954086780548 25
1688633550272 0.2058812379837036 26
1688633550323 0.2042827606201172 27
1688633550382 0.20275549590587616 28
1688633550431 0.2012929916381836 29
1688633550478 0.19986951351165771 30
1688633550542 0.19851328432559967 31
1688633550591 0.1972295492887497 32
1688633550643 0.19578908383846283 33
1688633550707 0.19482779502868652 34
1688633550755 0.19360077381134033 35
1688633550813 0.19278454780578613 36
1688633550861 0.19146768748760223 37
1688633550924 0.19052402675151825 38
1688633550999 0.18970149755477905 39
1688633551080 0.18885301053524017 40
1688633551129 0.18766482174396515 41
1688633551178 0.18695785105228424 42
1688633551241 0.18619923293590546 43
1688633551290 0.18510931730270386 44
1688633551337 0.184476837515831 45
1688633551401 0.18369801342487335 46
1688633551450 0.18306231498718262 47
1688633551513 0.182297483086586 48
1688633551567 0.18135981261730194 49
1688633551623 0.18085116147994995 50
1688633551670 0.18019765615463257 51
1688633551716 0.17956401407718658 52
1688633551785 0.17884932458400726 53
1688633551833 0.17840375006198883 54
1688633551890 0.177920863032341 55
1688633551937 0.17721135914325714 56
1688633551997 0.17677657306194305 57
1688633552049 0.17601914703845978 58
1688633552109 0.17554272711277008 59
1688633552168 0.17518186569213867 60
1688633552235 0.17468301951885223 61
1688633552286 0.17410027980804443 62
1688633552344 0.17387272417545319 63
1688633552396 0.1732950210571289 64
1688633552449 0.17273110151290894 65
1688633552510 0.1723419576883316 66
1688633552557 0.1721336990594864 67
1688633552613 0.17156875133514404 68
1688633552662 0.1712581366300583 69
1688633552721 0.17082209885120392 70
1688633552767 0.17039912939071655 71
1688633552825 0.16981397569179535 72
1688633552874 0.16947419941425323 73
1688633552932 0.16931350529193878 74
1688633552983 0.16881348192691803 75
1688633553042 0.16854743659496307 76
1688633553088 0.16816039383411407 77
1688633553148 0.16761326789855957 78
1688633553205 0.16747550666332245 79
1688633553262 0.1671038120985031 80
1688633553309 0.16657307744026184 81
1688633553370 0.16627179086208344 82
1688633553417 0.1659567505121231 83
1688633553475 0.16565363109111786 84
1688633553522 0.16546791791915894 85
1688633553580 0.1652006357908249 86
1688633553629 0.16475312411785126 87
1688633553688 0.16435469686985016 88
1688633553736 0.16413649916648865 89
1688633553793 0.16373729705810547 90
1688633553838 0.16361290216445923 91
1688633553905 0.16317932307720184 92
1688633553953 0.1628674566745758 93
1688633554014 0.1626466065645218 94
1688633554063 0.1623171865940094 95
1688633554121 0.16199509799480438 96
1688633554167 0.1616806536912918 97
1688633554226 0.16119597852230072 98
1688633554273 0.16094307601451874 99
1688633572006 0.00616768142208457 0
1688633572062 0.003276255214586854 1
1688633572110 0.0020434516482055187 2
1688633572168 0.0014084313297644258 3
1688633572214 0.001069181482307613 4
1688633572273 0.0007988367578946054 5
1688633572320 0.0006258455687202513 6
1688633572377 0.0005219427403062582 7
1688633572423 0.00042579430737532675 8
1688633572485 0.0003379900299478322 9
1688633572533 0.0002624160551931709 10
1688633572583 0.00018850438937079161 11
1688633572651 0.00013787341595161706 12
1688633572700 8.93060423550196e-05 13
1688633572747 5.748315015807748e-05 14
1688633572806 2.8626534913200885e-05 15
1688633572853 2.3861581212258898e-05 16
1688633572902 6.820377166150138e-06 17
1688633572967 3.012516572198365e-06 18
1688633573014 2.1613298031297745e-06 19
1688633573060 1.5878540580160916e-06 20
1688633573122 1.2248041230122908e-06 21
1688633573171 1.2102856089768466e-05 22
1688633573228 2.0757523088832386e-05 23
1688633573278 0.0001199402249767445 24
1688633573324 7.370064122369513e-05 25
1688633573387 5.8142304624198005e-05 26
1688633573440 3.2150273909792304e-05 27
1688633573503 3.488311267574318e-05 28
1688633573548 2.9761233236058615e-05 29
1688633573596 4.4443251681514084e-05 30
1688633573658 4.4297459680819884e-05 31
1688633573705 5.279144170344807e-05 32
1688633573763 5.297315146890469e-05 33
1688633573810 5.008710650145076e-05 34
1688633573870 4.4672040530713275e-05 35
1688633573914 4.221133713144809e-05 36
1688633573959 4.134609116590582e-05 37
1688633574033 4.3461332097649574e-05 38
1688633574078 5.2682484238175675e-05 39
1688633574139 4.171511682216078e-05 40
1688633574185 4.2319170461269096e-05 41
1688633574248 3.851353903883137e-05 42
1688633574336 3.83471415261738e-05 43
1688633574387 5.6651057093404233e-05 44
1688633574433 5.601979501079768e-05 45
1688633574496 4.9985843361355364e-05 46
1688633574546 3.625982571975328e-05 47
1688633574594 3.827940599876456e-05 48
1688633574658 4.9749145546229556e-05 49
1688633574706 4.301193985156715e-05 50
1688633574761 4.569910015561618e-05 51
1688633574828 4.835274376091547e-05 52
1688633574876 4.089680078322999e-05 53
1688633574934 3.8823829527245834e-05 54
1688633574980 5.037696973886341e-05 55
1688633575040 6.060288069420494e-05 56
1688633575090 4.9104633944807574e-05 57
1688633575137 4.807795266970061e-05 58
1688633575197 3.836930773104541e-05 59
1688633575247 4.2203737393720075e-05 60
1688633575304 3.958269735448994e-05 61
1688633575355 4.7948236897354946e-05 62
1688633575414 3.858447598759085e-05 63
1688633575460 4.257206819602288e-05 64
1688633575521 3.984901195508428e-05 65
1688633575573 4.8045982111943886e-05 66
1688633575632 4.515543332672678e-05 67
1688633575680 5.8899739087792113e-05 68
1688633575736 4.960966180078685e-05 69
1688633575792 4.377679215394892e-05 70
1688633575838 3.378300243639387e-05 71
1688633575896 4.478112896322273e-05 72
1688633575942 4.0296024963026866e-05 73
1688633576001 5.435862476588227e-05 74
1688633576049 5.0095095502911136e-05 75
1688633576107 5.385085751186125e-05 76
1688633576160 4.325195914134383e-05 77
1688633576223 3.8483220123453066e-05 78
1688633576273 3.7661491660401225e-05 79
1688633576332 3.514212221489288e-05 80
1688633576377 3.715718412422575e-05 81
1688633576433 5.0388243835186586e-05 82
1688633576479 4.935864490107633e-05 83
1688633576540 5.5384894949384034e-05 84
1688633576585 5.24868410138879e-05 85
1688633576645 4.7308902139775455e-05 86
1688633576695 4.205810182611458e-05 87
1688633576755 3.463923712843098e-05 88
1688633576800 3.3468510082457215e-05 89
1688633576857 4.4721400627167895e-05 90
1688633576904 5.131967191118747e-05 91
1688633576968 5.6114618928404525e-05 92
1688633577017 5.1307837566128e-05 93
1688633577062 4.5980556024005637e-05 94
1688633577125 3.5019827919313684e-05 95
1688633577170 3.290826134616509e-05 96
1688633577232 4.216887100483291e-05 97
1688633577276 4.594368874677457e-05 98
1688633577332 5.527226676349528e-05 99
1688633592802 0.6371430158615112 0
1688633592869 0.5902202129364014 1
1688633592925 0.5618276000022888 2
1688633592993 0.5372779965400696 3
1688633593046 0.5147215127944946 4
1688633593109 0.4946947395801544 5
1688633593160 0.47666624188423157 6
1688633593219 0.4600163400173187 7
1688633593276 0.4448770582675934 8
1688633593339 0.43134355545043945 9
1688633593388 0.41770264506340027 10
1688633593449 0.40574994683265686 11
1688633593496 0.39388880133628845 12
1688633593563 0.3824935853481293 13
1688633593618 0.371258020401001 14
1688633593679 0.36072489619255066 15
1688633593725 0.35087642073631287 16
1688633593782 0.34235015511512756 17
1688633593852 0.33407822251319885 18
1688633593922 0.3260525166988373 19
1688633593971 0.3178691267967224 20
1688633594030 0.31004852056503296 21
1688633594124 0.3030547797679901 22
1688633594192 0.29602378606796265 23
1688633594253 0.2888619601726532 24
1688633594318 0.28246164321899414 25
1688633594372 0.2766891419887543 26
1688633594441 0.27106598019599915 27
1688633594501 0.2659152150154114 28
1688633594556 0.2602609694004059 29
1688633594618 0.25475013256073 30
1688633594669 0.25042828917503357 31
1688633594727 0.2455347627401352 32
1688633594782 0.24082010984420776 33
1688633594830 0.23724843561649323 34
1688633594891 0.23315073549747467 35
1688633594937 0.22917675971984863 36
1688633594998 0.22568075358867645 37
1688633595048 0.22233004868030548 38
1688633595132 0.21912355720996857 39
1688633595208 0.21618635952472687 40
1688633595256 0.2129984050989151 41
1688633595352 0.21023952960968018 42
1688633595443 0.2074117660522461 43
1688633595530 0.20496194064617157 44
1688633595643 0.20293213427066803 45
1688633595732 0.20033158361911774 46
1688633595808 0.19804896414279938 47
1688633595858 0.19594360888004303 48
1688633595922 0.1937473863363266 49
1688633595973 0.19185787439346313 50
1688633596033 0.19040387868881226 51
1688633596080 0.1883545070886612 52
1688633596137 0.1866447478532791 53
1688633596213 0.18494252860546112 54
1688633596286 0.18332307040691376 55
1688633596340 0.1815149337053299 56
1688633596416 0.18020868301391602 57
1688633596480 0.178594172000885 58
1688633596541 0.1773809939622879 59
1688633596599 0.17585407197475433 60
1688633596649 0.17490090429782867 61
1688633596709 0.17342500388622284 62
1688633596755 0.1721246987581253 63
1688633596813 0.17097033560276031 64
1688633596870 0.16960757970809937 65
1688633596920 0.1686464101076126 66
1688633596980 0.1675676554441452 67
1688633597025 0.1664137989282608 68
1688633597098 0.16531260311603546 69
1688633597159 0.16410814225673676 70
1688633597212 0.16325969994068146 71
1688633597275 0.1622471958398819 72
1688633597333 0.16110731661319733 73
1688633597427 0.16031432151794434 74
1688633597488 0.15942707657814026 75
1688633597550 0.1584647297859192 76
1688633597596 0.15750086307525635 77
1688633597652 0.15672564506530762 78
1688633597697 0.15570621192455292 79
1688633597756 0.15485697984695435 80
1688633597802 0.15402236580848694 81
1688633597861 0.153292715549469 82
1688633597911 0.15233324468135834 83
1688633597968 0.15165501832962036 84
1688633598015 0.150656595826149 85
1688633598073 0.14996258914470673 86
1688633598119 0.14934426546096802 87
1688633598175 0.14829301834106445 88
1688633598224 0.14752767980098724 89
1688633598283 0.14676152169704437 90
1688633598331 0.14607012271881104 91
1688633598390 0.1452636867761612 92
1688633598436 0.14453628659248352 93
1688633598493 0.14372052252292633 94
1688633598541 0.14279495179653168 95
1688633598600 0.14220021665096283 96
1688633598653 0.14135362207889557 97
1688633598726 0.14074452221393585 98
1688633598808 0.13996736705303192 99
1688633615299 0.007243730127811432 0
1688633615365 0.005704675335437059 1
1688633615423 0.004753491375595331 2
1688633615490 0.004033734556287527 3
1688633615542 0.0034435680136084557 4
1688633615603 0.00297291181050241 5
1688633615650 0.002570937853306532 6
1688633615712 0.0022127365227788687 7
1688633615768 0.0019123012898489833 8
1688633615818 0.0016688777832314372 9
1688633615876 0.0014547007158398628 10
1688633615923 0.0012645026436075568 11
1688633615983 0.0011086640879511833 12
1688633616037 0.0009708931320346892 13
1688633616107 0.0008434844203293324 14
1688633616166 0.0007371997926384211 15
1688633616236 0.0006391970091499388 16
1688633616288 0.0005455781356431544 17
1688633616350 0.00046157275210134685 18
1688633616398 0.00038965974817983806 19
1688633616459 0.0003221040533389896 20
1688633616506 0.0002627724898047745 21
1688633616569 0.00021538586588576436 22
1688633616617 0.00017328461399301887 23
1688633616683 0.00013650931941810995 24
1688633616736 0.00010215386282652617 25
1688633616804 7.435057341353968e-05 26
1688633616851 5.324692392605357e-05 27
1688633616900 3.733210178324953e-05 28
1688633616970 2.4409921024926007e-05 29
1688633617021 1.4629979887104128e-05 30
1688633617089 8.118271580315195e-06 31
1688633617151 4.251132395438617e-06 32
1688633617225 1.8878473611039226e-06 33
1688633617281 7.597688522764656e-07 34
1688633617339 2.5266993475270283e-07 35
1688633617418 6.547255537725505e-08 36
1688633617478 1.374470404158501e-08 37
1688633617537 1.5887060555996868e-09 38
1688633617602 8.874567747341189e-11 39
1688633617650 5.253621431118571e-13 40
1688633617733 0.0 41
1688633617807 0.0 42
1688633617853 0.0 43
1688633617901 0.0 44
1688633617960 0.0 45
1688633618007 0.0 46
1688633618056 0.0 47
1688633618119 0.0 48
1688633618168 0.0 49
1688633618234 0.0 50
1688633618282 0.0 51
1688633618341 0.0 52
1688633618385 0.0 53
1688633618442 0.0 54
1688633618493 0.0 55
1688633618582 0.0 56
1688633618631 0.0 57
1688633618681 0.0 58
1688633618744 0.0 59
1688633618791 0.0 60
1688633618851 0.0 61
1688633618900 0.0 62
1688633618972 0.0 63
1688633619031 0.0 64
1688633619085 0.0 65
1688633619155 0.0 66
1688633619205 0.0 67
1688633619268 0.0 68
1688633619322 0.0 69
1688633619385 0.0 70
1688633619436 0.0 71
1688633619499 0.0 72
1688633619545 0.0 73
1688633619591 0.0 74
1688633619653 0.0 75
1688633619707 0.0 76
1688633619773 0.0 77
1688633619824 0.0 78
1688633619892 0.0 79
1688633619938 0.0 80
1688633619987 0.0 81
1688633620049 0.0 82
1688633620096 0.0 83
1688633620153 0.0 84
1688633620200 0.0 85
1688633620259 0.0 86
1688633620305 0.0 87
1688633620365 0.0 88
1688633620420 0.0 89
1688633620480 0.0 90
1688633620527 0.0 91
1688633620586 0.0 92
1688633620633 0.0 93
1688633620691 0.0 94
1688633620735 0.0 95
1688633620800 0.0 96
1688633620845 0.0 97
1688633620915 0.0 98
1688633620966 0.0 99
