1688633548883 0.34847593307495117 0
1688633548940 0.34302160143852234 1
1688633548989 0.3430568277835846 2
1688633549046 0.3428451716899872 3
1688633549092 0.3414311110973358 4
1688633549153 0.3433803617954254 5
1688633549201 0.34598085284233093 6
1688633549246 0.34609678387641907 7
1688633549306 0.3495537042617798 8
1688633549353 0.3499026298522949 9
1688633549411 0.35315272212028503 10
1688633549459 0.353129506111145 11
1688633549518 0.35351642966270447 12
1688633549564 0.35686227679252625 13
1688633549621 0.35780343413352966 14
1688633549671 0.35889360308647156 15
1688633549729 0.35867545008659363 16
1688633549778 0.3611443340778351 17
1688633549837 0.3601149320602417 18
1688633549883 0.361165314912796 19
1688633549942 0.3607304096221924 20
1688633549991 0.3617652952671051 21
1688633550055 0.36601004004478455 22
1688633550104 0.3669147491455078 23
1688633550163 0.36651456356048584 24
1688633550210 0.36544445157051086 25
1688633550272 0.36635592579841614 26
1688633550323 0.3672389090061188 27
1688633550382 0.3680952489376068 28
1688633550431 0.3689260482788086 29
1688633550478 0.36974844336509705 30
1688633550542 0.3705357611179352 31
1688633550591 0.3712886869907379 32
1688633550643 0.3749745786190033 33
1688633550707 0.37441161274909973 34
1688633550755 0.3762669563293457 35
1688633550813 0.3739438056945801 36
1688633550861 0.3774906396865845 37
1688633550924 0.37806272506713867 38
1688633550999 0.3770280182361603 39
1688633551080 0.37630534172058105 40
1688633551129 0.37967777252197266 41
1688633551178 0.37898799777030945 42
1688633551241 0.37787118554115295 43
1688633551290 0.38109633326530457 44
1688633551337 0.38004520535469055 45
1688633551401 0.3804877698421478 46
1688633551450 0.3796980381011963 47
1688633551513 0.3801232874393463 48
1688633551567 0.3831195831298828 49
1688633551623 0.3820575475692749 50
1688633551670 0.3824101984500885 51
1688633551716 0.3827451169490814 52
1688633551785 0.3844326436519623 53
1688633551833 0.3833406865596771 54
1688633551890 0.3824639320373535 55
1688633551937 0.38389137387275696 56
1688633551997 0.38302209973335266 57
1688633552049 0.3856850564479828 58
1688633552109 0.3858811557292938 59
1688633552168 0.384774774312973 60
1688633552235 0.38496336340904236 61
1688633552286 0.38640204071998596 62
1688633552344 0.38418087363243103 63
1688633552396 0.385672926902771 64
1688633552449 0.3867853879928589 65
1688633552510 0.3868931233882904 66
1688633552557 0.3846815824508667 67
1688633552613 0.3858534097671509 68
1688633552662 0.38489535450935364 69
1688633552721 0.38498225808143616 70
1688633552767 0.3850667178630829 71
1688633552825 0.3873054087162018 72
1688633552874 0.38733363151550293 73
1688633552932 0.38517725467681885 74
1688633552983 0.3862205445766449 75
1688633553042 0.3852318823337555 76
1688633553088 0.3852488696575165 77
1688633553148 0.3873406946659088 78
1688633553205 0.385221004486084 79
1688633553262 0.38520893454551697 80
1688633553309 0.38723358511924744 81
1688633553370 0.3871733248233795 82
1688633553417 0.38708725571632385 83
1688633553475 0.3870021104812622 84
1688633553522 0.3860238492488861 85
1688633553580 0.3847852647304535 86
1688633553629 0.38566064834594727 87
1688633553688 0.3866156339645386 88
1688633553736 0.3854457437992096 89
1688633553793 0.3863750994205475 90
1688633553838 0.38424956798553467 91
1688633553905 0.38506951928138733 92
1688633553953 0.38494065403938293 93
1688633554014 0.3838798999786377 94
1688633554063 0.38375136256217957 95
1688633554121 0.38362106680870056 96
1688633554167 0.38349732756614685 97
1688633554226 0.385211706161499 98
1688633554273 0.3850574195384979 99
1688633572006 0.05127827823162079 0
1688633572062 0.041215017437934875 1
1688633572110 0.03488997742533684 2
1688633572168 0.03012964315712452 3
1688633572214 0.026193195953965187 4
1688633572273 0.023071691393852234 5
1688633572320 0.019659170880913734 6
1688633572377 0.017918044701218605 7
1688633572423 0.016079172492027283 8
1688633572485 0.014239739626646042 9
1688633572533 0.012467904947698116 10
1688633572583 0.010524705052375793 11
1688633572651 0.009533420205116272 12
1688633572700 0.007044393103569746 13
1688633572747 0.005597814917564392 14
1688633572806 0.0033331236336380243 15
1688633572853 0.0038891721051186323 16
1688633572902 0.0019340305589139462 17
1688633572967 0.0013874060241505504 18
1688633573014 0.0011349344858899713 19
1688633573060 0.0010103087406605482 20
1688633573122 0.0006510152597911656 21
1688633573171 0.0028117953334003687 22
1688633573228 0.0026304323691874743 23
1688633573278 0.006322979927062988 24
1688633573324 0.006337334867566824 25
1688633573387 0.00440235948190093 26
1688633573440 0.0032736461143940687 27
1688633573503 0.003409941913560033 28
1688633573548 0.0031496684532612562 29
1688633573596 0.003848950145766139 30
1688633573658 0.0038426320534199476 31
1688633573705 0.0041948952712118626 32
1688633573763 0.004240805748850107 33
1688633573810 0.004086037632077932 34
1688633573870 0.003858844516798854 35
1688633573914 0.0037510592956095934 36
1688633573959 0.0037124156951904297 37
1688633574033 0.0038061935920268297 38
1688633574078 0.004190564155578613 39
1688633574139 0.0037289459723979235 40
1688633574185 0.003755847690626979 41
1688633574248 0.003582994220778346 42
1688633574336 0.0035752456169575453 43
1688633574387 0.004345536231994629 44
1688633574433 0.004321257118135691 45
1688633574496 0.004081904888153076 46
1688633574546 0.0034765799064189196 47
1688633574594 0.0035720865707844496 48
1688633574658 0.004072228912264109 49
1688633574706 0.0037864644546061754 50
1688633574761 0.003902951953932643 51
1688633574828 0.0040146708488464355 52
1688633574876 0.0036921899300068617 53
1688633574934 0.0035973985213786364 54
1688633574980 0.004225424490869045 55
1688633575040 0.0044945478439331055 56
1688633575090 0.004045764449983835 57
1688633575137 0.004003246780484915 58
1688633575197 0.0035762786865234375 59
1688633575247 0.0037507216911762953 60
1688633575304 0.0036323864478617907 61
1688633575355 0.003997842315584421 62
1688633575414 0.003586292266845703 63
1688633575460 0.0037670533638447523 64
1688633575521 0.003644585609436035 65
1688633575573 0.004001915454864502 66
1688633575632 0.0038796663284301758 67
1688633575680 0.004513661377131939 68
1688633575736 0.00407512066885829 69
1688633575792 0.003819982288405299 70
1688633575838 0.003355741500854492 71
1688633575896 0.0038635532837361097 72
1688633575942 0.0036649703979492188 73
1688633576001 0.004256705287843943 74
1688633576049 0.004150063265115023 75
1688633576107 0.004236777778714895 76
1688633576160 0.0037970144767314196 77
1688633576223 0.0035815834999084473 78
1688633576273 0.0035431385040283203 79
1688633576332 0.0034225780982524157 80
1688633576377 0.003519336460158229 81
1688633576433 0.004142812453210354 82
1688633576479 0.004056215286254883 83
1688633576540 0.00429670000448823 84
1688633576585 0.004182775970548391 85
1688633576645 0.003971099853515625 86
1688633576695 0.0037442445755004883 87
1688633576755 0.003398001194000244 88
1688633576800 0.003340085269883275 89
1688633576857 0.003994406200945377 90
1688633576904 0.004139375407248735 91
1688633576968 0.004324913024902344 92
1688633577017 0.004153934773057699 93
1688633577062 0.003914952278137207 94
1688633577125 0.0034166176337748766 95
1688633577170 0.003312011482194066 96
1688633577232 0.003749171970412135 97
1688633577276 0.003913382533937693 98
1688633577332 0.004292329307645559 99
1688633592802 0.571208119392395 0
1688633592869 0.5301154255867004 1
1688633592925 0.5112691521644592 2
1688633592993 0.4994623363018036 3
1688633593046 0.48288217186927795 4
1688633593109 0.4677288830280304 5
1688633593160 0.4535355567932129 6
1688633593219 0.44011858105659485 7
1688633593276 0.4228348433971405 8
1688633593339 0.41587409377098083 9
1688633593388 0.39906391501426697 10
1688633593449 0.38791248202323914 11
1688633593496 0.3768059015274048 12
1688633593563 0.3709827661514282 13
1688633593618 0.35987135767936707 14
1688633593679 0.34923234581947327 15
1688633593725 0.3496820628643036 16
1688633593782 0.3498837947845459 17
1688633593852 0.34984898567199707 18
1688633593922 0.3448857367038727 19
1688633593971 0.3447827398777008 20
1688633594030 0.3490363359451294 21
1688633594124 0.3486446440219879 22
1688633594192 0.3434832990169525 23
1688633594253 0.34753820300102234 24
1688633594318 0.3467472791671753 25
1688633594372 0.3462207317352295 26
1688633594441 0.34574103355407715 27
1688633594501 0.3412424623966217 28
1688633594556 0.34089383482933044 29
1688633594618 0.3442045748233795 30
1688633594669 0.3400653898715973 31
1688633594727 0.33961156010627747 32
1688633594782 0.3427177667617798 33
1688633594830 0.3388005793094635 34
1688633594891 0.3383920192718506 35
1688633594937 0.3378988206386566 36
1688633594998 0.3375013768672943 37
1688633595048 0.3370877802371979 38
1688633595132 0.3366610109806061 39
1688633595208 0.3363066613674164 40
1688633595256 0.3357340395450592 41
1688633595352 0.3352893888950348 42
1688633595443 0.337625116109848 43
1688633595530 0.33707961440086365 44
1688633595643 0.33392080664634705 45
1688633595732 0.3333178460597992 46
1688633595808 0.33560308814048767 47
1688633595858 0.3322974443435669 48
1688633595922 0.33427247405052185 49
1688633595973 0.33371737599372864 50
1688633596033 0.3308464288711548 51
1688633596080 0.33020657300949097 52
1688633596137 0.32971954345703125 53
1688633596213 0.3315882682800293 54
1688633596286 0.3286140561103821 55
1688633596340 0.3301751911640167 56
1688633596416 0.3297809660434723 57
1688633596480 0.3289374113082886 58
1688633596541 0.32854539155960083 59
1688633596599 0.3277008533477783 60
1688633596649 0.3253510892391205 61
1688633596709 0.324640154838562 62
1688633596755 0.32410305738449097 63
1688633596813 0.3235490024089813 64
1688633596870 0.32468822598457336 65
1688633596920 0.3223721981048584 66
1688633596980 0.32178986072540283 67
1688633597025 0.3211973011493683 68
1688633597098 0.32235556840896606 69
1688633597159 0.3214554488658905 70
1688633597212 0.3192884027957916 71
1688633597275 0.3203688859939575 72
1688633597333 0.3194699287414551 73
1688633597427 0.3173132836818695 74
1688633597488 0.316721647977829 75
1688633597550 0.31611427664756775 76
1688633597596 0.31688475608825684 77
1688633597652 0.31482914090156555 78
1688633597697 0.3155439794063568 79
1688633597756 0.3147948682308197 80
1688633597802 0.31405648589134216 81
1688633597861 0.312073677778244 82
1688633597911 0.3127327859401703 83
1688633597968 0.3121594190597534 84
1688633598015 0.3112362325191498 85
1688633598073 0.3093205392360687 86
1688633598119 0.3088136613368988 87
1688633598175 0.309181809425354 88
1688633598224 0.30849364399909973 89
1688633598283 0.307797908782959 90
1688633598331 0.30589595437049866 91
1688633598390 0.30523285269737244 92
1688633598436 0.3058919906616211 93
1688633598493 0.3051004707813263 94
1688633598541 0.30415400862693787 95
1688633598600 0.303567498922348 96
1688633598653 0.3015201985836029 97
1688633598726 0.3021605312824249 98
1688633598808 0.30138346552848816 99
1688633615299 0.06728851050138474 0
1688633615365 0.05928775668144226 1
1688633615423 0.05419960990548134 2
1688633615490 0.04946877062320709 3
1688633615542 0.04520392790436745 4
1688633615603 0.041505929082632065 5
1688633615650 0.038065772503614426 6
1688633615712 0.03473147749900818 7
1688633615768 0.03105262853205204 8
1688633615818 0.0282911229878664 9
1688633615876 0.026310911402106285 10
1688633615923 0.023061394691467285 11
1688633615983 0.02076210081577301 12
1688633616037 0.019343307241797447 13
1688633616107 0.016767870634794235 14
1688633616166 0.015675881877541542 15
1688633616236 0.014596768654882908 16
1688633616288 0.01348552480340004 17
1688633616350 0.012403934262692928 18
1688633616398 0.011396779678761959 19
1688633616459 0.010361853986978531 20
1688633616506 0.009358997456729412 21
1688633616569 0.008473210036754608 22
1688633616617 0.007600101176649332 23
1688633616683 0.006745599210262299 24
1688633616736 0.005835348274558783 25
1688633616804 0.004978305194526911 26
1688633616851 0.004212953150272369 27
1688633616900 0.003527610329911113 28
1688633616970 0.0028524796944111586 29
1688633617021 0.0022083160001784563 30
1688633617089 0.0016450198600068688 31
1688633617151 0.0011903966078534722 32
1688633617225 0.0007932732696644962 33
1688633617281 0.0005032457411289215 34
1688633617339 0.00029021254158578813 35
1688633617418 0.00014773011207580566 36
1688633617478 6.768728053430095e-05 37
1688633617537 2.3012360543361865e-05 38
1688633617602 5.4389238357543945e-06 39
1688633617650 4.1847428633445816e-07 40
1688633617733 0.0 41
1688633617807 0.0 42
1688633617853 0.0 43
1688633617901 0.0 44
1688633617960 0.0 45
1688633618007 0.0 46
1688633618056 0.0 47
1688633618119 0.0 48
1688633618168 0.0 49
1688633618234 0.0 50
1688633618282 0.0 51
1688633618341 0.0 52
1688633618385 0.0 53
1688633618442 0.0 54
1688633618493 0.0 55
1688633618582 0.0 56
1688633618631 0.0 57
1688633618681 0.0 58
1688633618744 0.0 59
1688633618791 0.0 60
1688633618851 0.0 61
1688633618900 0.0 62
1688633618972 0.0 63
1688633619031 0.0 64
1688633619085 0.0 65
1688633619155 0.0 66
1688633619205 0.0 67
1688633619268 0.0 68
1688633619322 0.0 69
1688633619385 0.0 70
1688633619436 0.0 71
1688633619499 0.0 72
1688633619545 0.0 73
1688633619591 0.0 74
1688633619653 0.0 75
1688633619707 0.0 76
1688633619773 0.0 77
1688633619824 0.0 78
1688633619892 0.0 79
1688633619938 0.0 80
1688633619987 0.0 81
1688633620049 0.0 82
1688633620096 0.0 83
1688633620153 0.0 84
1688633620200 0.0 85
1688633620259 0.0 86
1688633620305 0.0 87
1688633620365 0.0 88
1688633620420 0.0 89
1688633620480 0.0 90
1688633620527 0.0 91
1688633620586 0.0 92
1688633620633 0.0 93
1688633620691 0.0 94
1688633620735 0.0 95
1688633620800 0.0 96
1688633620845 0.0 97
1688633620915 0.0 98
1688633620966 0.0 99
