1689861926417 1.1250097751617432 0
1689861926954 0.839333713054657 1
1689861927558 0.7284053564071655 2
1689861928063 0.622128963470459 3
1689861928582 0.5159519910812378 4
1689861929134 0.47563886642456055 5
1689861929632 0.4652460217475891 6
1689861930134 0.4607458710670471 7
1689861930616 0.4588354229927063 8
1689861931077 0.4582235813140869 9
1689861931554 0.45701223611831665 10
1689861932017 0.45675209164619446 11
1689861932491 0.4561081528663635 12
1689861932984 0.45540308952331543 13
1689861933452 0.4557589292526245 14
1689861933929 0.4547750651836395 15
1689861934412 0.45468658208847046 16
1689861934905 0.4537706673145294 17
1689861935390 0.4540758430957794 18
1689861935969 0.45421651005744934 19
1689861936515 0.45388317108154297 20
1689861937076 0.453289270401001 21
1689861937570 0.4531579613685608 22
1689861938156 0.452360600233078 23
1689861938656 0.4536070227622986 24
1689861939192 0.452947199344635 25
1689861939691 0.4521464407444 26
1689861940245 0.4526735246181488 27
1689861940750 0.4518278241157532 28
1689861941244 0.45276445150375366 29
1689861941744 0.4525910019874573 30
1689861942262 0.452119916677475 31
1689861942761 0.45205461978912354 32
1689861943266 0.45238688588142395 33
1689861943764 0.4517892301082611 34
1689861944258 0.45138296484947205 35
1689861944842 0.45210397243499756 36
1689861945334 0.4518018662929535 37
1689861945812 0.4517691135406494 38
1689861946375 0.45134085416793823 39
1689861946902 0.4511755406856537 40
1689861947399 0.4508536458015442 41
1689861947886 0.4520208239555359 42
1689861948450 0.4516586661338806 43
1689861948990 0.4517858624458313 44
1689861949500 0.4521232843399048 45
1689861950031 0.45107975602149963 46
1689861950585 0.4517424404621124 47
1689861951112 0.45129233598709106 48
1689861951595 0.4519279897212982 49
1689861952148 0.4514258801937103 50
1689861952671 0.45175015926361084 51
1689861953183 0.4515957534313202 52
1689861953678 0.4512294828891754 53
1689861954130 0.45149365067481995 54
1689861954570 0.45112982392311096 55
1689861955023 0.45149368047714233 56
1689861955482 0.45108112692832947 57
1689861955997 0.45187434554100037 58
1689861956519 0.4514118432998657 59
1689861957048 0.45121052861213684 60
1689861957532 0.4514659643173218 61
1689861957999 0.4511346220970154 62
1689861958447 0.45145970582962036 63
1689861958885 0.45153212547302246 64
1689861959448 0.4515414535999298 65
1689861959936 0.45064300298690796 66
1689861960453 0.45184722542762756 67
1689861960908 0.45131078362464905 68
1689861961382 0.4510052502155304 69
1689861961840 0.45111432671546936 70
1689861962289 0.4516400992870331 71
1689861962745 0.45103052258491516 72
1689861963200 0.45147743821144104 73
1689861963750 0.4512794613838196 74
1689861964290 0.451126366853714 75
1689861964790 0.4512021541595459 76
1689861965275 0.45142215490341187 77
1689861965749 0.45097437500953674 78
1689861966223 0.452223539352417 79
1689861966714 0.45146283507347107 80
1689861967226 0.45110851526260376 81
1689861967741 0.4514967203140259 82
