1689600349149 6.680882453918457 0
1689600349379 6.638132572174072 1
1689600349593 6.595823287963867 2
1689600349804 6.554612636566162 3
1689600350023 6.513594627380371 4
1689600350250 6.472349166870117 5
1689600350471 6.431440830230713 6
1689600350764 6.391127109527588 7
1689600350995 6.3510003089904785 8
1689600351237 6.311298847198486 9
1689600351448 6.271536350250244 10
1689600351669 6.232251167297363 11
1689600351874 6.193233489990234 12
1689600352091 6.154409408569336 13
1689600352326 6.11567497253418 14
1689600352550 6.0782270431518555 15
1689600352775 6.042327880859375 16
1689600352996 6.0074782371521 17
1689600353223 5.97335958480835 18
1689600353454 5.939697265625 19
1689600353672 5.906356334686279 20
1689600353903 5.8733391761779785 21
1689600354121 5.840436935424805 22
1689600354330 5.807602405548096 23
1689600354559 5.775261402130127 24
1689600354836 5.743204593658447 25
1689600355070 5.711025714874268 26
1689600355278 5.679172992706299 27
1689600355509 5.647257328033447 28
1689600355735 5.6157965660095215 29
1689600355969 5.584433555603027 30
1689600356170 5.553199291229248 31
1689600356374 5.52192497253418 32
1689600356601 5.491075038909912 33
1689600356817 5.460089683532715 34
1689600357049 5.429388046264648 35
1689600357266 5.3990020751953125 36
1689600357496 5.368407726287842 37
1689600357735 5.337982177734375 38
1689600357964 5.307948112487793 39
1689600358199 5.277518272399902 40
1689600358425 5.24766731262207 41
1689600358632 5.217931747436523 42
1689600358901 5.18834114074707 43
1689600359122 5.1586713790893555 44
1689600359363 5.129024505615234 45
1689600359582 5.099776268005371 46
1689600359818 5.0703206062316895 47
1689600360049 5.041035175323486 48
1689600360288 5.011907577514648 49
1689600360525 4.982896327972412 50
1689600360749 4.954087734222412 51
1689600361002 4.925459861755371 52
1689600361239 4.896949768066406 53
1689600361479 4.868485450744629 54
1689600361709 4.840269088745117 55
1689600361951 4.812073707580566 56
1689600362174 4.784099578857422 57
1689600362394 4.756163120269775 58
1689600362639 4.728429317474365 59
1689600362865 4.700603485107422 60
1689600363089 4.672850131988525 61
1689600363318 4.645190715789795 62
1689600363560 4.617874622344971 63
1689600363815 4.590532302856445 64
1689600364053 4.563325881958008 65
1689600364298 4.536146640777588 66
1689600364535 4.509435176849365 67
1689600364763 4.482657432556152 68
1689600364983 4.455867767333984 69
1689600365216 4.429159641265869 70
1689600365444 4.402608394622803 71
1689600365669 4.376711368560791 72
1689600365909 4.350561618804932 73
1689600366135 4.3244733810424805 74
1689600366366 4.298630714416504 75
1689600366594 4.272988319396973 76
1689600366881 4.24730920791626 77
1689600367116 4.221765518188477 78
1689600367344 4.196657180786133 79
1689600367576 4.17128324508667 80
1689600367790 4.1462531089782715 81
1689600368026 4.121374130249023 82
1689600368235 4.096346855163574 83
1689600368464 4.071482181549072 84
1689600368669 4.046797275543213 85
1689600368904 4.02234411239624 86
