1689600349149 2.3117048740386963 0
1689600349379 2.3026340007781982 1
1689600349593 2.293271541595459 2
1689600349804 2.284198045730591 3
1689600350023 2.275256395339966 4
1689600350250 2.266106367111206 5
1689600350471 2.257063388824463 6
1689600350764 2.247917652130127 7
1689600350995 2.238966941833496 8
1689600351237 2.2299931049346924 9
1689600351448 2.221050262451172 10
1689600351669 2.21221923828125 11
1689600351874 2.2031028270721436 12
1689600352091 2.194190502166748 13
1689600352326 2.1852588653564453 14
1689600352550 2.1766417026519775 15
1689600352775 2.168269634246826 16
1689600352996 2.1602585315704346 17
1689600353223 2.152299404144287 18
1689600353454 2.1443376541137695 19
1689600353672 2.1366617679595947 20
1689600353903 2.1287732124328613 21
1689600354121 2.121000289916992 22
1689600354330 2.1132266521453857 23
1689600354559 2.1054863929748535 24
1689600354836 2.09769868850708 25
1689600355070 2.0899856090545654 26
1689600355278 2.082364320755005 27
1689600355509 2.074615478515625 28
1689600355735 2.066985607147217 29
1689600355969 2.059337854385376 30
1689600356170 2.0516340732574463 31
1689600356374 2.044048547744751 32
1689600356601 2.0363926887512207 33
1689600356817 2.028817653656006 34
1689600357049 2.0212743282318115 35
1689600357266 2.0138065814971924 36
1689600357496 2.0062294006347656 37
1689600357735 1.9987646341323853 38
1689600357964 1.991274356842041 39
1689600358199 1.983883023262024 40
1689600358425 1.9764678478240967 41
1689600358632 1.9691529273986816 42
1689600358901 1.9618324041366577 43
1689600359122 1.9545111656188965 44
1689600359363 1.9472529888153076 45
1689600359582 1.9399988651275635 46
1689600359818 1.9326995611190796 47
1689600360049 1.9254997968673706 48
1689600360288 1.9183753728866577 49
1689600360525 1.911238670349121 50
1689600360749 1.904101848602295 51
1689600361002 1.8969852924346924 52
1689600361239 1.8899129629135132 53
1689600361479 1.8830592632293701 54
1689600361709 1.8759312629699707 55
1689600361951 1.8688409328460693 56
1689600362174 1.8618687391281128 57
1689600362394 1.854912281036377 58
1689600362639 1.847989559173584 59
1689600362865 1.8410700559616089 60
1689600363089 1.8342238664627075 61
1689600363318 1.8273248672485352 62
1689600363560 1.8203811645507812 63
1689600363815 1.8136179447174072 64
1689600364053 1.8067729473114014 65
1689600364298 1.799952745437622 66
1689600364535 1.7932078838348389 67
1689600364763 1.7865710258483887 68
1689600364983 1.7799679040908813 69
1689600365216 1.7731549739837646 70
1689600365444 1.766593098640442 71
1689600365669 1.760014533996582 72
1689600365909 1.753652572631836 73
1689600366135 1.7470141649246216 74
1689600366366 1.7405372858047485 75
1689600366594 1.7340807914733887 76
1689600366881 1.7278059720993042 77
1689600367116 1.721353530883789 78
1689600367344 1.7151176929473877 79
1689600367576 1.708797574043274 80
1689600367790 1.702513575553894 81
1689600368026 1.696379542350769 82
1689600368235 1.6901837587356567 83
1689600368464 1.6840049028396606 84
1689600368669 1.6778564453125 85
1689600368904 1.6718107461929321 86
