1689600600223 1.9659101963043213 0
1689600600533 1.729749083518982 1
1689600600842 1.7023221254348755 2
1689600601135 1.634663701057434 3
1689600601426 1.6935651302337646 4
1689600601729 1.6613879203796387 5
1689600602047 1.829982876777649 6
1689600602359 1.9105979204177856 7
1689600602657 1.8424128293991089 8
1689600602995 1.6886873245239258 9
1689600603298 1.6152622699737549 10
1689600603602 1.5338811874389648 11
1689600603893 1.78515625 12
1689600604205 1.5047407150268555 13
1689600604511 1.5898829698562622 14
1689600604842 1.8950858116149902 15
1689600605148 1.7381861209869385 16
1689600605458 1.8578178882598877 17
1689600605768 1.7865363359451294 18
1689600606066 1.6719564199447632 19
1689600606379 1.6724835634231567 20
1689600606669 2.0723183155059814 21
1689600606985 1.8014696836471558 22
1689600607291 2.354142189025879 23
1689600607591 2.027798652648926 24
1689600607893 1.7390201091766357 25
1689600608202 1.7531496286392212 26
1689600608508 1.7344181537628174 27
1689600608805 1.5619107484817505 28
1689600609112 1.8417288064956665 29
1689600609411 1.8278536796569824 30
1689600609719 1.5349258184432983 31
1689600610012 1.6049495935440063 32
1689600610367 1.6054528951644897 33
1689600610670 1.488162636756897 34
1689600610973 1.6073172092437744 35
1689600611319 1.9832236766815186 36
1689600611634 1.923871636390686 37
1689600611975 1.649340271949768 38
1689600612289 1.7865275144577026 39
1689600612590 1.5807230472564697 40
1689600612893 1.4872303009033203 41
1689600613189 1.547625184059143 42
1689600613493 1.6399940252304077 43
1689600613799 1.52351975440979 44
1689600614132 1.981398344039917 45
1689600614443 1.7179311513900757 46
1689600614746 1.665998935699463 47
1689600615058 1.5464699268341064 48
1689600615357 1.8077894449234009 49
1689600615698 1.613197922706604 50
1689600615998 1.6735073328018188 51
1689600616341 1.6038938760757446 52
1689600616651 2.2855823040008545 53
1689600616954 1.951579213142395 54
1689600617269 2.088887929916382 55
1689600617560 2.1280887126922607 56
1689600617865 1.6457818746566772 57
1689600618172 1.6191143989562988 58
1689600618489 1.830491304397583 59
1689600618801 1.6235125064849854 60
1689600619108 1.853451132774353 61
1689600619422 1.5191463232040405 62
1689600619723 1.4621576070785522 63
1689600620024 1.9843652248382568 64
1689600620319 1.5989189147949219 65
1689600620626 1.615187406539917 66
1689600620926 1.7643311023712158 67
1689600621233 1.8870152235031128 68
1689600621540 1.7036021947860718 69
1689600621847 1.70344078540802 70
1689600622151 1.634222388267517 71
1689600622452 1.6330387592315674 72
1689600622757 1.6036534309387207 73
1689600623126 1.644863247871399 74
1689600623448 1.9309861660003662 75
1689600623763 1.6069527864456177 76
1689600624071 1.6439810991287231 77
1689600624373 1.5886856317520142 78
1689600624671 1.5438075065612793 79
1689600624999 1.965976595878601 80
1689600625300 1.5762382745742798 81
1689600625605 1.745766520500183 82
1689600625915 1.5986802577972412 83
1689600626213 2.0059540271759033 84
1689600626530 1.6968966722488403 85
1689600626835 1.5807355642318726 86
1689600627133 1.9420626163482666 87
1689600627433 1.9789001941680908 88
1689600627750 1.632596492767334 89
1689600628046 1.7188382148742676 90
1689600628350 1.6180319786071777 91
1689600628653 1.5215072631835938 92
1689600628953 1.6379461288452148 93
1689600629264 1.6906986236572266 94
1689600629562 1.6327048540115356 95
1689600629912 1.7695107460021973 96
1689600630215 1.7985327243804932 97
1689600630530 1.6199078559875488 98
1689600630836 1.6668051481246948 99
1689600631131 1.6453882455825806 100
1689600631439 1.9286216497421265 101
1689600631745 1.643601417541504 102
1689600632069 1.7195669412612915 103
1689600632403 1.5338811874389648 104
1689600632710 1.7336194515228271 105
1689600633017 1.7105679512023926 106
1689600633318 1.6356662511825562 107
1689600633630 1.7621303796768188 108
1689600633924 1.768044114112854 109
1689600634236 1.5407580137252808 110
1689600634541 1.657049536705017 111
1689600634855 1.9004266262054443 112
1689600635167 1.6253275871276855 113
1689600635479 1.6231887340545654 114
1689600635785 1.6082760095596313 115
1689600636085 1.5237150192260742 116
1689600636417 1.5367904901504517 117
1689600636709 1.7005763053894043 118
1689600637018 1.6496800184249878 119
1689600637326 1.6982475519180298 120
1689600637634 1.7293484210968018 121
1689600637944 1.5372724533081055 122
1689600638246 1.5676718950271606 123
1689600638583 1.780011773109436 124
1689600638885 1.5815629959106445 125
1689600639191 1.9050287008285522 126
1689600639487 1.726455569267273 127
1689600639792 1.6776196956634521 128
1689600640097 1.54667067527771 129
1689600640394 2.0819802284240723 130
1689600640694 1.7052026987075806 131
1689600640993 1.540527105331421 132
1689600641324 1.6184940338134766 133
1689600641621 1.5879687070846558 134
1689600641930 1.460395336151123 135
1689600642226 1.6021801233291626 136
1689600642526 1.5623233318328857 137
1689600642833 1.7310072183609009 138
1689600643129 1.6298441886901855 139
1689600643491 1.7088984251022339 140
1689600643799 1.6544408798217773 141
1689600644101 1.648336410522461 142
1689600644425 1.676815390586853 143
1689600644737 1.5533138513565063 144
1689600645054 1.896926760673523 145
1689600645379 1.6994036436080933 146
1689600645694 1.8719322681427002 147
1689600645993 1.6103209257125854 148
1689600646298 2.0940399169921875 149
