1689600600223 1.1577900648117065 0
1689600600533 1.1036350727081299 1
1689600600842 1.1094878911972046 2
1689600601135 1.0725668668746948 3
1689600601426 1.0975433588027954 4
1689600601729 1.0963579416275024 5
1689600602047 1.1108366250991821 6
1689600602359 1.1449769735336304 7
1689600602657 1.1031956672668457 8
1689600602995 1.0870873928070068 9
1689600603298 1.074891209602356 10
1689600603602 1.0530598163604736 11
1689600603893 1.1128708124160767 12
1689600604205 1.0525444746017456 13
1689600604511 1.0516752004623413 14
1689600604842 1.1484127044677734 15
1689600605148 1.107486367225647 16
1689600605458 1.1471233367919922 17
1689600605768 1.1272286176681519 18
1689600606066 1.09038507938385 19
1689600606379 1.0777353048324585 20
1689600606669 1.1749635934829712 21
1689600606985 1.1257026195526123 22
1689600607291 1.262001395225525 23
1689600607591 1.167581558227539 24
1689600607893 1.1144177913665771 25
1689600608202 1.1032048463821411 26
1689600608508 1.11246657371521 27
1689600608805 1.0630254745483398 28
1689600609112 1.125238060951233 29
1689600609411 1.137055516242981 30
1689600609719 1.0426461696624756 31
1689600610012 1.0713346004486084 32
1689600610367 1.0727977752685547 33
1689600610670 1.0445753335952759 34
1689600610973 1.0634359121322632 35
1689600611319 1.1895705461502075 36
1689600611634 1.1528878211975098 37
1689600611975 1.0769219398498535 38
1689600612289 1.1237602233886719 39
1689600612590 1.062424659729004 40
1689600612893 1.049335241317749 41
1689600613189 1.0595324039459229 42
1689600613493 1.0751707553863525 43
1689600613799 1.048819899559021 44
1689600614132 1.1585869789123535 45
1689600614443 1.0961357355117798 46
1689600614746 1.0698654651641846 47
1689600615058 1.0642938613891602 48
1689600615357 1.1093825101852417 49
1689600615698 1.0658239126205444 50
1689600615998 1.0907535552978516 51
1689600616341 1.0687007904052734 52
1689600616651 1.2429171800613403 53
1689600616954 1.1583231687545776 54
1689600617269 1.1822500228881836 55
1689600617560 1.2050096988677979 56
1689600617865 1.086873173713684 57
1689600618172 1.0909051895141602 58
1689600618489 1.1047868728637695 59
1689600618801 1.0741629600524902 60
1689600619108 1.1425336599349976 61
1689600619422 1.0508737564086914 62
1689600619723 1.0322645902633667 63
1689600620024 1.1660652160644531 64
1689600620319 1.0794864892959595 65
1689600620626 1.0712459087371826 66
1689600620926 1.1177138090133667 67
1689600621233 1.149469256401062 68
1689600621540 1.0934072732925415 69
1689600621847 1.0832781791687012 70
1689600622151 1.07395339012146 71
1689600622452 1.06565523147583 72
1689600622757 1.0660467147827148 73
1689600623126 1.075209617614746 74
1689600623448 1.1460344791412354 75
1689600623763 1.0605350732803345 76
1689600624071 1.0960196256637573 77
1689600624373 1.0699256658554077 78
1689600624671 1.0557136535644531 79
1689600624999 1.1466082334518433 80
1689600625300 1.0639839172363281 81
1689600625605 1.093538522720337 82
1689600625915 1.0565403699874878 83
1689600626213 1.1913601160049438 84
1689600626530 1.089828372001648 85
1689600626835 1.0470248460769653 86
1689600627133 1.1562340259552002 87
1689600627433 1.174730896949768 88
1689600627750 1.0938469171524048 89
1689600628046 1.0823075771331787 90
1689600628350 1.0714857578277588 91
1689600628653 1.0580202341079712 92
1689600628953 1.0762741565704346 93
1689600629264 1.0874509811401367 94
1689600629562 1.070831060409546 95
1689600629912 1.1262162923812866 96
1689600630215 1.1137197017669678 97
1689600630530 1.0771360397338867 98
1689600630836 1.0857126712799072 99
1689600631131 1.0914329290390015 100
1689600631439 1.1652781963348389 101
1689600631745 1.071074366569519 102
1689600632069 1.0979093313217163 103
1689600632403 1.0643779039382935 104
1689600632710 1.1011221408843994 105
1689600633017 1.1003037691116333 106
1689600633318 1.073519229888916 107
1689600633630 1.0967942476272583 108
1689600633924 1.1139217615127563 109
1689600634236 1.039967656135559 110
1689600634541 1.091827154159546 111
1689600634855 1.1583425998687744 112
1689600635167 1.073635458946228 113
1689600635479 1.0760830640792847 114
1689600635785 1.0692014694213867 115
1689600636085 1.0306435823440552 116
1689600636417 1.032414197921753 117
1689600636709 1.097635269165039 118
1689600637018 1.0930252075195312 119
1689600637326 1.0769438743591309 120
1689600637634 1.0853897333145142 121
1689600637944 1.0505527257919312 122
1689600638246 1.0643953084945679 123
1689600638583 1.1130225658416748 124
1689600638885 1.0610699653625488 125
1689600639191 1.135483741760254 126
1689600639487 1.08628249168396 127
1689600639792 1.091775894165039 128
1689600640097 1.048079013824463 129
1689600640394 1.2012324333190918 130
1689600640694 1.0921084880828857 131
1689600640993 1.059503436088562 132
1689600641324 1.0817149877548218 133
1689600641621 1.0595546960830688 134
1689600641930 1.032097339630127 135
1689600642226 1.063278317451477 136
1689600642526 1.0629780292510986 137
1689600642833 1.0991315841674805 138
1689600643129 1.074617862701416 139
1689600643491 1.084705114364624 140
1689600643799 1.0870112180709839 141
1689600644101 1.078796148300171 142
1689600644425 1.1048446893692017 143
1689600644737 1.049875259399414 144
1689600645054 1.1611815690994263 145
1689600645379 1.1035593748092651 146
1689600645694 1.1392873525619507 147
1689600645993 1.0755246877670288 148
1689600646298 1.2013667821884155 149
