1690193312931 0.9881278276443481 0
1690193313408 0.6890792846679688 1
1690193313888 0.4849638342857361 2
1690193314377 0.30721408128738403 3
1690193314837 0.21774932742118835 4
1690193315309 0.2028580904006958 5
1690193315774 0.10650898516178131 6
1690193316235 0.12821732461452484 7
1690193316717 0.12682873010635376 8
1690193317222 0.08443070203065872 9
1690193317714 0.08688905090093613 10
1690193318179 0.08964239060878754 11
1690193318651 0.07995745539665222 12
1690193319117 0.07998111099004745 13
1690193319578 0.06831113994121552 14
1690193320041 0.07765626162290573 15
1690193320506 0.07261578738689423 16
1690193321024 0.05288265272974968 17
1690193321510 0.06107176095247269 18
1690193321963 0.05653688684105873 19
1690193322426 0.05671152472496033 20
1690193322892 0.046483248472213745 21
1690193323351 0.05093800276517868 22
1690193323814 0.04148610681295395 23
1690193324295 0.051085107028484344 24
1690193324799 0.037448544055223465 25
1690193325273 0.04449525475502014 26
1690193325739 0.037647102028131485 27
1690193326224 0.03251330927014351 28
1690193326709 0.027194801717996597 29
1690193327165 0.029358040541410446 30
1690193327625 0.03232197090983391 31
1690193328149 0.030513618141412735 32
1690193328620 0.03012298047542572 33
1690193329077 0.02814009226858616 34
1690193329536 0.02128518559038639 35
1690193330004 0.018236834555864334 36
1690193330468 0.025295235216617584 37
1690193330951 0.025354482233524323 38
1690193331491 0.01164126768708229 39
1690193331980 0.019893750548362732 40
1690193332452 0.02970248833298683 41
1690193332916 0.017276128754019737 42
1690193333384 0.013016268610954285 43
1690193333855 0.020778564736247063 44
1690193334318 0.011295665055513382 45
1690193334782 0.011259476654231548 46
1690193335308 0.021577315405011177 47
1690193335781 0.017869312316179276 48
1690193336245 0.016420340165495872 49
1690193336706 0.004663643892854452 50
1690193337161 0.019251741468906403 51
1690193337630 0.014079757034778595 52
1690193338092 0.011690565384924412 53
1690193338613 0.019414599984884262 54
1690193339098 0.009590180590748787 55
1690193339579 0.018900496885180473 56
1690193340038 0.008466833271086216 57
1690193340506 0.011553878895938396 58
1690193340976 0.012699190527200699 59
1690193341433 0.009001655504107475 60
1690193341892 0.004180103074759245 61
1690193342413 0.019297976046800613 62
1690193342892 0.006617986597120762 63
1690193343356 0.008711864240467548 64
1690193343822 0.009756437502801418 65
1690193344291 0.009299230761826038 66
1690193344805 0.008240151219069958 67
1690193345268 0.009038859978318214 68
1690193345804 0.00783726666122675 69
1690193346286 0.012438458390533924 70
1690193346739 0.004442237317562103 71
1690193347195 0.005682912189513445 72
1690193347657 0.012820800766348839 73
1690193348119 0.010551299899816513 74
1690193348580 0.006049050018191338 75
1690193349040 0.005962259601801634 76
1690193349552 0.010003730654716492 77
1690193350021 0.0037018992006778717 78
1690193350487 0.007444150745868683 79
1690193350939 0.007541733328253031 80
1690193351413 0.007422226946800947 81
1690193351884 0.004588337615132332 82
1690193352338 0.005039226729422808 83
1690193352853 0.01152061391621828 84
1690193353340 0.006379503756761551 85
1690193353802 0.006735039409250021 86
1690193354264 0.0030065528117120266 87
1690193354737 0.010374876670539379 88
1690193355206 0.003892592154443264 89
1690193355657 0.007408771198242903 90
1690193356135 0.004087530076503754 91
1690193356654 0.009708822704851627 92
1690193357119 0.0012727455468848348 93
1690193357587 0.009109098464250565 94
1690193358052 0.0027380292303860188 95
1690193358525 0.009131229482591152 96
1690193358979 0.005438947584480047 97
1690193359440 0.0020467559807002544 98
1690193359907 0.009425755590200424 99
