1690145356051 1.3271793127059937 0
1690145356450 1.0247650146484375 1
1690145356836 0.8355146646499634 2
1690145357221 0.8412145376205444 3
1690145357568 0.5529846549034119 4
1690145357925 0.6162487268447876 5
1690145358450 0.37451282143592834 6
1690145358816 0.3729632496833801 7
1690145359197 0.3638795018196106 8
1690145359857 0.2501867711544037 9
1690145360365 0.2351527065038681 10
1690145360728 0.23741070926189423 11
1690145361136 0.2317872941493988 12
1690145361571 0.1559447944164276 13
1690145361912 0.10855060070753098 14
1690145362317 0.16295939683914185 15
1690145362669 0.09574352204799652 16
1690145363043 0.13365045189857483 17
1690145363448 0.09341034293174744 18
1690145363779 0.1892126053571701 19
1690145364130 0.06738347560167313 20
1690145364535 0.09646611660718918 21
1690145364889 0.10658124834299088 22
1690145365269 0.06904992461204529 23
1690145365645 0.04825272783637047 24
1690145366029 0.029831163585186005 25
1690145366464 0.07566813379526138 26
1690145366829 0.07145746797323227 27
1690145367143 0.061619024723768234 28
1690145367502 0.056588683277368546 29
1690145367858 0.03666817769408226 30
1690145368216 0.05441960319876671 31
1690145368556 0.07459084689617157 32
1690145368912 0.06283256411552429 33
1690145369304 0.03364907205104828 34
1690145369683 0.06215362995862961 35
1690145370061 0.034397002309560776 36
1690145370402 0.04202573001384735 37
1690145370755 0.06742881238460541 38
1690145371128 0.01364781055599451 39
1690145371476 0.024312904104590416 40
1690145371811 0.06410602480173111 41
1690145372173 0.03320728987455368 42
1690145372757 0.04810541123151779 43
1690145373123 0.016699641942977905 44
1690145373564 0.04826918616890907 45
1690145373957 0.06214054301381111 46
1690145374285 0.05518404766917229 47
1690145374663 0.01906391605734825 48
1690145375034 0.03361533209681511 49
