1690195063453 0.3741200268268585 0
1690195063712 0.1929095983505249 1
1690195063962 0.18590058386325836 2
1690195064195 0.18044795095920563 3
1690195064419 0.16731049120426178 4
1690195064650 0.1409720778465271 5
1690195064869 0.13967013359069824 6
1690195065106 0.12018878012895584 7
1690195065334 0.104821115732193 8
1690195065571 0.11666902154684067 9
1690195065792 0.10179843008518219 10
1690195066027 0.101624496281147 11
1690195066262 0.10414264351129532 12
1690195066491 0.08880417793989182 13
1690195066734 0.09146034717559814 14
1690195066959 0.08471868932247162 15
1690195067200 0.06927827000617981 16
1690195067427 0.0817471370100975 17
1690195067666 0.0808333083987236 18
1690195067895 0.07073495537042618 19
1690195068119 0.07019098848104477 20
1690195068352 0.07267270982265472 21
1690195068572 0.06978607922792435 22
1690195068814 0.06902899593114853 23
1690195069045 0.06810981780290604 24
1690195069290 0.0582084022462368 25
1690195069528 0.07037579268217087 26
1690195069760 0.0643322616815567 27
1690195070003 0.06302974373102188 28
1690195070227 0.05615832656621933 29
