1690193145465 1.1582789421081543 0
1690193146124 0.6784546375274658 1
1690193146722 0.46189144253730774 2
1690193147227 0.3519354462623596 3
1690193147766 0.22174783051013947 4
1690193148264 0.17895862460136414 5
1690193148760 0.14575812220573425 6
1690193149229 0.14772029221057892 7
1690193149767 0.09666790813207626 8
1690193150270 0.1115068718791008 9
1690193150825 0.09902036190032959 10
1690193151386 0.09154557436704636 11
1690193152088 0.07337522506713867 12
1690193152705 0.09230675548315048 13
1690193153376 0.07427696883678436 14
1690193153984 0.07302870601415634 15
1690193154572 0.06035411357879639 16
1690193155206 0.059315335005521774 17
1690193155790 0.055903028696775436 18
1690193156419 0.05304792523384094 19
1690193157158 0.04898175224661827 20
1690193157705 0.05536781996488571 21
1690193158187 0.04741896688938141 22
1690193158714 0.042384110391139984 23
1690193159211 0.057076528668403625 24
1690193159854 0.038237690925598145 25
1690193160522 0.034058742225170135 26
1690193161230 0.033329565078020096 27
1690193161781 0.031698159873485565 28
1690193162293 0.03021237626671791 29
1690193162776 0.034061580896377563 30
1690193163255 0.03581785038113594 31
1690193163716 0.03267297521233559 32
1690193164157 0.01909739151597023 33
1690193164629 0.012493142858147621 34
1690193165122 0.025474000722169876 35
1690193165691 0.031926851719617844 36
1690193166183 0.022260794416069984 37
1690193166647 0.027713488787412643 38
1690193167167 0.008495420217514038 39
1690193167653 0.027279842644929886 40
1690193168140 0.014178368262946606 41
1690193168663 0.020475363358855247 42
1690193169282 0.02549700066447258 43
1690193169893 0.016696792095899582 44
1690193170402 0.012041379697620869 45
1690193170895 0.02104111947119236 46
1690193171496 0.017754530534148216 47
1690193172037 0.013269901275634766 48
1690193172606 0.015306075103580952 49
1690193173097 0.007632649037986994 50
1690193173626 0.013996058143675327 51
1690193174167 0.016743198037147522 52
1690193174635 0.015268439427018166 53
1690193175151 0.013343660160899162 54
1690193175785 0.006528292782604694 55
1690193176354 0.01567966304719448 56
1690193176908 0.011301356367766857 57
1690193177397 0.014676019549369812 58
1690193177900 0.006980069447308779 59
1690193178386 0.014612836763262749 60
1690193178843 0.009197525680065155 61
1690193179376 0.013586930930614471 62
1690193179893 0.013287419453263283 63
1690193180351 0.011115826666355133 64
1690193180852 0.013866698369383812 65
1690193181350 0.010211620479822159 66
1690193181818 0.008307995274662971 67
1690193182285 0.011413664557039738 68
1690193182806 0.008330019190907478 69
1690193183368 0.00890490785241127 70
1690193183861 0.014169706031680107 71
1690193184347 0.00842442736029625 72
1690193184825 0.007631577551364899 73
1690193185307 0.004040643572807312 74
1690193185775 0.01025310531258583 75
1690193186311 0.008909277617931366 76
1690193186824 0.010913646779954433 77
1690193187298 0.012997106648981571 78
1690193187781 0.0050942059606313705 79
1690193188351 0.009782745502889156 80
