1690137727231 0.08770634233951569 0
1690137727303 0.08293243497610092 1
1690137727319 0.08024518936872482 2
1690137727343 0.0782969743013382 3
1690137727359 0.07675431668758392 4
1690137727384 0.07547099888324738 5
1690137727408 0.07436928898096085 6
1690137727416 0.07340256869792938 7
1690137727432 0.07254070043563843 8
1690137727448 0.0717630460858345 9
1690137727472 0.07105489075183868 10
1690137727488 0.07040544599294662 11
1690137727504 0.0698065459728241 12
1690137727520 0.06925179064273834 13
1690137727536 0.06873615831136703 14
1690137727552 0.06825565546751022 15
1690137727632 0.06780697405338287 16
1690137727640 0.06738729774951935 17
1690137727656 0.06699434667825699 18
1690137727676 0.06662624329328537 19
1690137727688 0.06628125160932541 20
1690137727704 0.06595797836780548 21
1690137727720 0.0656551718711853 22
1690137727736 0.06537178158760071 23
1690137727752 0.06510670483112335 24
1690137727768 0.06485918164253235 25
1690137727784 0.06462837755680084 26
1690137727800 0.06441361457109451 27
1690137727816 0.06421415507793427 28
1690137727832 0.06402941048145294 29
1690137727848 0.06385869532823563 30
1690137727864 0.06370159238576889 31
1690137727880 0.0635574460029602 32
1690137727896 0.06342568248510361 33
1690137727912 0.0633057951927185 34
1690137727928 0.06319715827703476 35
1690137727944 0.06309929490089417 36
1690137727960 0.06301157921552658 37
1690137727976 0.06293345987796783 38
1690137727992 0.06286437809467316 39
1690137728008 0.06280367821455002 40
1690137728016 0.06275075674057007 41
1690137728032 0.06270505487918854 42
1690137728048 0.06266593933105469 43
1690137728064 0.06263275444507599 44
1690137728080 0.06260500848293304 45
1690137728096 0.06258219480514526 46
1690137728112 0.06256547570228577 47
1690137728128 0.06256917119026184 48
1690137728144 0.06267646700143814 49
1690137728160 0.06281720846891403 50
1690137728184 0.0627356469631195 51
1690137728200 0.06260897219181061 52
1690137728361 0.06255237758159637 53
1690137728385 0.06252890825271606 54
1690137728409 0.06251861155033112 55
1690137728417 0.06251343339681625 56
1690137728441 0.06251083314418793 57
1690137728457 0.06250987946987152 58
1690137728465 0.062510646879673 59
1690137728481 0.06251383572816849 60
1690137728497 0.06252163648605347 61
1690137728513 0.06253834068775177 62
1690137728529 0.06257088482379913 63
1690137728545 0.06261752545833588 64
1690137728561 0.06265193223953247 65
1690137728577 0.06264194846153259 66
1690137728593 0.06260590255260468 67
1690137728609 0.0625714510679245 68
1690137728625 0.06254911422729492 69
1690137728641 0.06253641843795776 70
1690137728657 0.06253020465373993 71
1690137728681 0.06252816319465637 72
1690137728697 0.06252958625555038 73
1690137728713 0.0625344067811966 74
1690137728729 0.06254352629184723 75
1690137728745 0.06255735456943512 76
1690137728761 0.06257525831460953 77
1690137728777 0.06259232759475708 78
1690137728793 0.06260174512863159 79
1690137728809 0.06259840726852417 80
1690137728825 0.06258649379014969 81
1690137728833 0.06257179379463196 82
1690137728849 0.06255961954593658 83
1690137728865 0.06255092471837997 84
1690137728881 0.06254608929157257 85
1690137728897 0.06254439055919647 86
1690137728905 0.0625457614660263 87
1690137728921 0.06254971027374268 88
1690137728945 0.06255626678466797 89
1690137728961 0.06256427615880966 90
1690137728977 0.06257262825965881 91
1690137728993 0.06257878243923187 92
1690137729009 0.06258125603199005 93
1690137729025 0.06257901340723038 94
1690137729033 0.06257390230894089 95
1690137729049 0.06256741285324097 96
1690137729065 0.06256164610385895 97
1690137729089 0.06255712360143661 98
1690137729105 0.06255467236042023 99
1690137729121 0.06255397945642471 100
1690137729137 0.0625552386045456 101
1690137729153 0.06255782395601273 102
1690137729169 0.06256164610385895 103
1690137729185 0.0625656247138977 104
1690137729201 0.06256936490535736 105
1690137729217 0.06257151067256927 106
1690137729233 0.06257208436727524 107
1690137729249 0.06257064640522003 108
1690137729257 0.06256823241710663 109
1690137729277 0.06256513297557831 110
1690137729289 0.0625624805688858 111
1690137729305 0.0625602975487709 112
1690137729337 0.06255924701690674 113
1690137729361 0.062559112906456 114
1690137729385 0.06256004422903061 115
1690137729401 0.06256148964166641 116
1690137729417 0.06256355345249176 117
1690137729441 0.0625654086470604 118
1690137729457 0.06256704032421112 119
1690137729481 0.06256774067878723 120
1690137729497 0.06256783753633499 121
1690137729513 0.06256695091724396 122
1690137729529 0.06256575882434845 123
1690137729553 0.06256423890590668 124
1690137729569 0.06256304681301117 125
1690137729585 0.0625620037317276 126
1690137729609 0.06256163865327835 127
1690137729625 0.06256166100502014 128
1690137729641 0.06256228685379028 129
1690137729948 0.06256301701068878 130
1690137729978 0.06256411969661713 131
1690137730002 0.0625649094581604 132
1690137730026 0.0625656470656395 133
1690137730042 0.06256583333015442 134
1690137730090 0.06256580352783203 135
1690137730114 0.06256525218486786 136
1690137730130 0.06256470829248428 137
1690137730154 0.0625639408826828 138
1690137730178 0.06256339699029922 139
1690137730194 0.06256289035081863 140
1690137730210 0.06256286054849625 141
1690137730226 0.06256286799907684 142
1690137730242 0.06256327778100967 143
1690137730250 0.06256361305713654 144
1690137730266 0.06256421655416489 145
1690137730282 0.06256446987390518 146
1690137730298 0.06256487220525742 147
1690137730314 0.06256482005119324 148
1690137730338 0.06256482005119324 149
1690137730354 0.06256446242332458 150
1690137730378 0.06256423890590668 151
1690137730402 0.06256380677223206 152
1690137730426 0.0625636875629425 153
1690137730450 0.06256337463855743 154
1690137730474 0.0625634640455246 155
1690137730490 0.06256338208913803 156
1690137730514 0.0625637099146843 157
1690137730530 0.06256382167339325 158
1690137730546 0.06256416440010071 159
1690137730570 0.06256423890590668 160
1690137730578 0.0625644326210022 161
1690137730594 0.06256429851055145 162
1690137730610 0.06256435811519623 163
1690137730626 0.06256408989429474 164
1690137730642 0.06256400793790817 165
1690137730658 0.06256376206874847 166
1690137730682 0.06256376206874847 167
1690137730698 0.06256354600191116 168
1690137730714 0.06256367266178131 169
1690137730738 0.06256361305713654 170
1690137730754 0.06256380677223206 171
1690137730770 0.06256384402513504 172
1690137730786 0.06256403774023056 173
1690137730810 0.06256403028964996 174
1690137730826 0.06256416440010071 175
1690137730842 0.06256403028964996 176
1690137730858 0.06256407499313354 177
1690137730866 0.0625639259815216 178
1690137730882 0.0625639334321022 179
1690137730898 0.06256373226642609 180
1690137730914 0.06256376951932907 181
1690137730930 0.06256367266178131 182
1690137730946 0.06256377696990967 183
1690137730962 0.0625636950135231 184
1690137730978 0.06256383657455444 185
1690137730994 0.06256379187107086 186
1690137731010 0.06256397813558578 187
1690137731026 0.06256385892629623 188
1690137731042 0.06256398558616638 189
1690137731058 0.06256385147571564 190
1690137731082 0.06256396323442459 191
1690137731098 0.06256376951932907 192
1690137731114 0.06256382912397385 193
1690137731130 0.06256367266178131 194
1690137731138 0.06256380677223206 195
1690137731162 0.06256367266178131 196
1690137731178 0.06256374716758728 197
1690137731194 0.06256368011236191 198
1690137731210 0.06256380677223206 199
1690137731226 0.0625637024641037 200
1690137731242 0.06256383657455444 201
1690137731258 0.06256374716758728 202
1690137731278 0.06256384402513504 203
1690137731290 0.06256377696990967 204
1690137731306 0.06256383657455444 205
1690137731322 0.0625637024641037 206
1690137731347 0.06256380677223206 207
1690137731362 0.06256364285945892 208
1690137731378 0.06256373226642609 209
1690137731394 0.06256363540887833 210
1690137731410 0.06256374716758728 211
1690137731426 0.06256365031003952 212
1690137731442 0.06256374716758728 213
1690137731458 0.06256364285945892 214
1690137731478 0.06256376951932907 215
1690137731499 0.06256367266178131 216
1690137731515 0.06256376206874847 217
1690137731531 0.06256364285945892 218
1690137731547 0.06256373226642609 219
1690137731571 0.06256358325481415 220
1690137731579 0.06256371736526489 221
1690137731595 0.06256358325481415 222
1690137731611 0.06256372481584549 223
1690137731635 0.06256356835365295 224
1690137731651 0.0625636950135231 225
1690137731667 0.06256361305713654 226
1690137731683 0.0625637024641037 227
1690137731699 0.06256356835365295 228
1690137731715 0.0625636875629425 229
1690137731731 0.06256358325481415 230
1690137731747 0.06256367266178131 231
1690137731763 0.06256356090307236 232
1690137731779 0.06256368011236191 233
1690137731803 0.06256355345249176 234
1690137731819 0.06256367266178131 235
1690137731835 0.06256356835365295 236
1690137731851 0.06256365776062012 237
1690137731867 0.06256352365016937 238
1690137731879 0.06256366521120071 239
1690137731891 0.06256352365016937 240
1690137731915 0.06256359070539474 241
1690137731931 0.06256347894668579 242
1690137731947 0.06256359815597534 243
1690137731955 0.06256350874900818 244
1690137731971 0.06256358325481415 245
1690137731987 0.06256347894668579 246
1690137732003 0.06256356835365295 247
1690137732019 0.06256349384784698 248
1690137732035 0.06256356090307236 249
1690137732051 0.062563456594944 250
1690137732067 0.06256356090307236 251
1690137732083 0.06256347894668579 252
1690137732091 0.06256357580423355 253
1690137732107 0.0625634491443634 254
1690137732131 0.06256355345249176 255
1690137732662 0.06256342679262161 256
1690137732691 0.06256355345249176 257
1690137732715 0.06256340444087982 258
1690137732739 0.06256351619958878 259
1690137732763 0.0625634491443634 260
1690137732779 0.06256353855133057 261
1690137732795 0.06256340444087982 262
1690137732819 0.06256350874900818 263
1690137732843 0.06256341934204102 264
1690137732859 0.06256351619958878 265
1690137732879 0.06256340444087982 266
1690137732891 0.06256350874900818 267
1690137732907 0.06256337463855743 268
1690137732931 0.06256350129842758 269
1690137732947 0.06256337463855743 270
1690137732964 0.06256349384784698 271
1690137732979 0.06256337463855743 272
1690137732995 0.06256349384784698 273
1690137733011 0.06256337463855743 274
1690137733027 0.0625634491443634 275
1690137733043 0.06256335973739624 276
1690137733059 0.062563456594944 277
1690137733079 0.06256331503391266 278
1690137733091 0.0625634416937828 279
1690137733107 0.06256333738565445 280
1690137733123 0.06256343424320221 281
1690137733131 0.06256330758333206 282
1690137733147 0.0625634491443634 283
1690137733171 0.06256332248449326 284
1690137733195 0.06256341189146042 285
1690137733211 0.06256329268217087 286
1690137733227 0.06256340444087982 287
1690137733243 0.06256330758333206 288
1690137733267 0.06256338953971863 289
1690137733283 0.06256330013275146 290
1690137733299 0.06256338208913803 291
1690137733315 0.06256327033042908 292
1690137733331 0.06256338208913803 293
1690137733347 0.06256325542926788 294
1690137733363 0.06256335973739624 295
1690137733379 0.06256324797868729 296
1690137733395 0.06256335973739624 297
1690137733411 0.06256324052810669 298
1690137733427 0.06256333738565445 299
