1690145999602 0.3923400044441223 0
1690145999928 0.12357241660356522 1
1690146000173 0.11989250034093857 2
1690146000441 0.11925454437732697 3
1690146000813 0.11518371850252151 4
1690146001122 0.11104536801576614 5
1690146001336 0.1193011999130249 6
1690146001693 0.10643817484378815 7
1690146001923 0.11052266508340836 8
1690146002189 0.10325548052787781 9
1690146002589 0.11633891612291336 10
1690146002988 0.11163700371980667 11
1690146003330 0.11096981912851334 12
1690146003565 0.10998541116714478 13
1690146003823 0.10645478963851929 14
1690146004195 0.10590016841888428 15
1690146004540 0.11693374812602997 16
1690146004840 0.1035979613661766 17
1690146005169 0.10412247478961945 18
1690146005539 0.10034060478210449 19
1690146005891 0.10847648233175278 20
1690146006199 0.10035944730043411 21
1690146006456 0.11035017669200897 22
1690146006738 0.10241321474313736 23
1690146006999 0.11343345046043396 24
1690146007309 0.10297884047031403 25
1690146007589 0.10125517845153809 26
1690146007896 0.10278529673814774 27
1690146008207 0.10173767060041428 28
1690146008472 0.10623085498809814 29
1690146008791 0.10494624078273773 30
1690146009237 0.10117045789957047 31
1690146009560 0.10292184352874756 32
1690146009807 0.10641474276781082 33
1690146010088 0.10521665215492249 34
1690146010442 0.10392747074365616 35
1690146010733 0.10199376195669174 36
1690146011010 0.10164755582809448 37
1690146011282 0.10286206752061844 38
1690146011661 0.10876373201608658 39
1690146011959 0.10013802349567413 40
1690146012227 0.10103289037942886 41
1690146012504 0.10132088512182236 42
1690146012953 0.10077507793903351 43
1690146013257 0.10253302752971649 44
1690146013537 0.11037065833806992 45
1690146013816 0.09987074136734009 46
1690146014093 0.10501301288604736 47
1690146014321 0.10123858600854874 48
1690146014581 0.09888321906328201 49
1690146014862 0.09776479750871658 50
1690146015096 0.10061247646808624 51
1690146015416 0.10023966431617737 52
1690146015733 0.10590880364179611 53
1690146015988 0.09867505729198456 54
1690146016216 0.09886865317821503 55
1690146016472 0.10097558796405792 56
1690146016721 0.10865779966115952 57
1690146017069 0.10924986749887466 58
1690146017399 0.10788465291261673 59
1690146017709 0.10031332075595856 60
1690146018062 0.09723754972219467 61
1690146018337 0.11058123409748077 62
1690146018585 0.09770727902650833 63
1690146018817 0.10600537061691284 64
1690146019063 0.10574574023485184 65
1690146019415 0.09804102778434753 66
1690146019695 0.10084135830402374 67
1690146020008 0.0964522510766983 68
1690146020335 0.09831993281841278 69
1690146020575 0.0963527038693428 70
1690146020785 0.10068139433860779 71
1690146021186 0.09944459050893784 72
1690146021432 0.10049455612897873 73
1690146021744 0.10024210810661316 74
1690146022165 0.09673094749450684 75
1690146022415 0.0948992520570755 76
1690146022722 0.10316687077283859 77
1690146022993 0.09606412053108215 78
1690146023207 0.10132753849029541 79
1690146023507 0.10138434916734695 80
1690146023735 0.09825897216796875 81
1690146023953 0.09695369750261307 82
1690146024211 0.09948476403951645 83
1690146024453 0.10175707936286926 84
1690146024738 0.09829507768154144 85
1690146024955 0.09490732848644257 86
1690146025208 0.09590496867895126 87
1690146025475 0.10839088261127472 88
1690146025741 0.09705471992492676 89
1690146026034 0.09709922969341278 90
1690146026318 0.1007099598646164 91
1690146026701 0.10086596012115479 92
1690146026964 0.09974957257509232 93
1690146027245 0.10167521983385086 94
1690146027554 0.09813391417264938 95
1690146027821 0.10227890312671661 96
1690146028100 0.09992723912000656 97
1690146028408 0.09974948316812515 98
1690146028653 0.10006089508533478 99
