1690136317198 0.5101901292800903 0
1690136317246 0.5067015886306763 1
1690136317262 0.5040145516395569 2
1690136317286 0.5021145343780518 3
1690136317302 0.5008854269981384 4
1690136317318 0.500159502029419 5
1690136317334 0.49977076053619385 6
1690136317350 0.49958711862564087 7
1690136317366 0.4995182156562805 8
1690136317382 0.499508261680603 9
1690136317398 0.4995255470275879 10
1690136317414 0.49955272674560547 11
1690136317430 0.4995812177658081 12
1690136317446 0.4996066689491272 13
1690136317526 0.4996272921562195 14
1690136317542 0.49964261054992676 15
1690136317558 0.4996524453163147 16
1690136317566 0.49965694546699524 17
1690136317582 0.4996562600135803 18
1690136317598 0.49965041875839233 19
1690136317614 0.4996393620967865 20
1690136317630 0.4996229112148285 21
1690136317646 0.49960076808929443 22
1690136317654 0.4995723366737366 23
1690136317674 0.49953681230545044 24
1690136317686 0.49949318170547485 25
1690136317702 0.4994402825832367 26
1690136317718 0.4993762671947479 27
1690136317734 0.49929898977279663 28
1690136317750 0.49920570850372314 29
1690136317758 0.499092698097229 30
1690136317774 0.49895530939102173 31
1690136317790 0.49878740310668945 32
1690136317806 0.4985809922218323 33
1690136317830 0.4983254671096802 34
1690136317838 0.49800676107406616 35
1690136317854 0.49760621786117554 36
1690136317878 0.4970988631248474 37
1690136317886 0.49645137786865234 38
1690136317910 0.49562007188796997 39
1690136317926 0.4945473074913025 40
1690136317942 0.49315905570983887 41
1690136317950 0.4913623332977295 42
1690136317966 0.48904290795326233 43
1690136317982 0.48606619238853455 44
1690136317998 0.4822823405265808 45
1690136318014 0.47754061222076416 46
1690136318135 0.4717116355895996 47
1690136318159 0.4647107720375061 48
1690136318175 0.456516295671463 49
1690136318183 0.4471798241138458 50
1690136318207 0.43683019280433655 51
1690136318223 0.4256693422794342 52
1690136318239 0.41395479440689087 53
1690136318255 0.4019635319709778 54
1690136318275 0.38993722200393677 55
1690136318287 0.37803134322166443 56
1690136318303 0.3663190007209778 57
1690136318319 0.3548755645751953 58
1690136318335 0.3438664376735687 59
1690136318351 0.3335290253162384 60
1690136318367 0.3240545392036438 61
1690136318383 0.3154917061328888 62
1690136318391 0.30776405334472656 63
1690136318407 0.3007712960243225 64
1690136318423 0.2944639027118683 65
1690136318439 0.28884267807006836 66
1690136318455 0.28391438722610474 67
1690136318471 0.2796526253223419 68
1690136318487 0.2759900391101837 69
1690136318503 0.2728387117385864 70
1690136318519 0.2701151967048645 71
1690136318535 0.26775479316711426 72
1690136318551 0.26571089029312134 73
1690136318559 0.2639480233192444 74
1690136318575 0.262434184551239 75
1690136318591 0.2611374855041504 76
1690136318607 0.26002609729766846 77
1690136318623 0.25906991958618164 78
1690136318639 0.2582424283027649 79
1690136318655 0.2575218677520752 80
1690136318675 0.25689107179641724 81
1690136318687 0.2563368082046509 82
1690136318703 0.25584876537323 83
1690136318719 0.255418598651886 84
1690136318735 0.25503912568092346 85
1690136318751 0.25470393896102905 86
1690136318767 0.25440719723701477 87
1690136318783 0.25414377450942993 88
1690136318799 0.25390905141830444 89
1690136318815 0.2536989748477936 90
1690136318823 0.25351014733314514 91
1690136318847 0.2533396780490875 92
1690136318855 0.2531851828098297 93
1690136318875 0.25304466485977173 94
1690136318887 0.2529165744781494 95
1690136318911 0.25279945135116577 96
1690136318927 0.25269222259521484 97
1690136318943 0.2525937557220459 98
1690136318959 0.2525032162666321 99
1690136318967 0.2524198293685913 100
1690136318983 0.2523428797721863 101
1690136319007 0.2522716522216797 102
1690136319015 0.2522055506706238 103
1690136319039 0.25214409828186035 104
1690136319055 0.2520867586135864 105
1690136319303 0.2520330846309662 106
1690136319322 0.25198277831077576 107
1690136319354 0.2519354224205017 108
1690136319378 0.2518908381462097 109
1690136319402 0.2518486976623535 110
1690136319426 0.2518088221549988 111
1690136319434 0.2517710328102112 112
1690136319450 0.2517350912094116 113
1690136319466 0.2517009675502777 114
1690136319482 0.25166842341423035 115
1690136319498 0.25163736939430237 116
1690136319514 0.251607745885849 117
1690136319522 0.2515793442726135 118
1690136319538 0.25155216455459595 119
1690136319554 0.2515260875225067 120
1690136319570 0.25150105357170105 121
1690136319586 0.25147688388824463 122
1690136319602 0.2514536380767822 123
1690136319618 0.2514312267303467 124
1690136319634 0.25140953063964844 125
1690136319650 0.2513886094093323 126
1690136319666 0.25136831402778625 127
1690136319682 0.2513486444950104 128
1690136319698 0.25132957100868225 129
1690136319714 0.2513110637664795 130
1690136319730 0.2512930631637573 131
1690136319746 0.25127553939819336 132
1690136319770 0.2512585520744324 133
1690136319786 0.2512419521808624 134
1690136319802 0.2512258291244507 135
1690136319818 0.2512100636959076 136
1690136319834 0.25119471549987793 137
1690136319850 0.2511797547340393 138
1690136319874 0.25116512179374695 139
1690136319882 0.25115081667900085 140
1690136319906 0.251136839389801 141
1690136319923 0.25112318992614746 142
1690136319938 0.2511098086833954 143
1690136319954 0.2510967254638672 144
1690136319970 0.25108394026756287 145
1690136319986 0.25107139348983765 146
1690136320011 0.25105908513069153 147
1690136320026 0.2510470449924469 148
1690136320042 0.25103524327278137 149
1690136320058 0.25102365016937256 150
1690136320077 0.25101226568222046 151
1690136320114 0.25100111961364746 152
1690136320146 0.2509901821613312 153
1690136320177 0.2509794533252716 154
1690136320195 0.250968873500824 155
1690136320211 0.25095853209495544 156
1690136320235 0.25094836950302124 157
1690136320251 0.250938355922699 158
1690136320267 0.25092852115631104 159
1690136320283 0.2509188652038574 160
1690136320299 0.25090935826301575 161
1690136320307 0.2509000301361084 162
1690136320323 0.2508908808231354 163
1690136320339 0.2508818507194519 164
1690136320355 0.25087296962738037 165
1690136320363 0.2508642077445984 166
1690136320379 0.25085562467575073 167
1690136320395 0.2508471608161926 168
1690136320411 0.2508388161659241 169
1690136320427 0.25083062052726746 170
1690136320443 0.25082260370254517 171
1690136320459 0.25081464648246765 172
1690136320467 0.2508068382740021 173
1690136320483 0.25079911947250366 174
1690136320507 0.2507915496826172 175
1690136320523 0.2507840394973755 176
1690136320539 0.2507767081260681 177
1690136320555 0.2507694661617279 178
1690136320571 0.25076231360435486 179
1690136320587 0.25075528025627136 180
1690136320603 0.25074833631515503 181
1690136320619 0.25074148178100586 182
1690136320635 0.25073474645614624 183
1690136320651 0.25072813034057617 184
1690136320675 0.2507215738296509 185
1690136320691 0.25071510672569275 186
1690136320699 0.25070875883102417 187
1690136320723 0.25070247054100037 188
1690136320739 0.2506963014602661 189
1690136320755 0.25069019198417664 190
1690136320771 0.2506841719150543 191
1690136320779 0.25067824125289917 192
1690136320795 0.2506723701953888 193
1690136320811 0.25066661834716797 194
1690136320827 0.25066089630126953 195
1690136320843 0.25065526366233826 196
1690136320859 0.25064969062805176 197
1690136320875 0.2506442666053772 198
1690136320899 0.250638872385025 199
1690136342313 0.2506335261714412 0
