1690141485400 1.3710721731185913 0
1690141485736 1.2146549224853516 1
1690141486064 1.0818932056427002 2
1690141486309 0.9265397787094116 3
1690141486635 0.7488769292831421 4
1690141486948 0.5576749444007874 5
1690141487196 0.3726097047328949 6
1690141487543 0.2206348180770874 7
1690141487874 0.1127871721982956 8
1690141488161 0.05027692764997482 9
1690141488434 0.020198429003357887 10
1690141488759 0.00822528451681137 11
1690141489094 0.003908694256097078 12
1690141489377 0.002345871878787875 13
1690141489690 0.0016317068366333842 14
1690141489973 0.0011813833843916655 15
1690141490236 0.0008861797396093607 16
1690141490496 0.0006709675071761012 17
1690141490730 0.0005147533374838531 18
1690141491014 0.0003987965756095946 19
1690141491307 0.0003128583775833249 20
1690141491621 0.0002574336831457913 21
1690141491928 0.000200820664758794 22
1690141492270 0.00016370657249353826 23
1690141492601 0.00013577070785686374 24
1690141492932 0.00011435573833296075 25
1690141493196 9.68581807683222e-05 26
1690141493504 8.231812535086647e-05 27
1690141493780 7.030279084574431e-05 28
1690141494150 6.0571128415176645e-05 29
1690141494489 5.283756763674319e-05 30
1690141494905 4.590642129187472e-05 31
1690141495241 4.034707308164798e-05 32
1690141495639 3.531439142534509e-05 33
1690141496050 2.966475221910514e-05 34
1690141496433 2.584461799415294e-05 35
1690141496825 2.3127076929085888e-05 36
1690141497298 2.067887908197008e-05 37
1690141497818 1.8801310943672433e-05 38
1690141498246 1.685046845523175e-05 39
1690141498804 1.5242454537656158e-05 40
1690141499221 1.3716409739572555e-05 41
1690141499734 1.2507036444731057e-05 42
1690141500170 1.121082459576428e-05 43
1690141500718 1.0166918400500435e-05 44
1690141501136 9.109363418247085e-06 45
1690141501525 8.391696610487998e-06 46
1690141501882 7.604134225402959e-06 47
1690141502201 6.991191185079515e-06 48
1690141502509 6.299316282820655e-06 49
1690141502807 5.7722022575035226e-06 50
1690141503097 5.203950877330499e-06 51
1690141503521 4.749266281578457e-06 52
1690141503808 4.315911610319745e-06 53
1690141504070 4.019676453026477e-06 54
1690141504320 3.697615966302692e-06 55
1690141504599 3.3390567750757327e-06 56
1690141504850 3.161762833769899e-06 57
1690141505128 2.714952643145807e-06 58
1690141505375 2.520231191738276e-06 59
1690141505650 2.276039367643534e-06 60
1690141505910 2.071646576951025e-06 61
1690141506149 1.919223223012523e-06 62
1690141506390 1.7719225979817566e-06 63
1690141506619 1.5986337302820175e-06 64
1690141506859 1.5051255104481243e-06 65
1690141507164 1.3361906212594477e-06 66
1690141507406 1.2985178727831226e-06 67
1690141507730 1.1919916005354025e-06 68
1690141508007 1.0550405704634613e-06 69
1690141508274 9.85593828772835e-07 70
1690141508525 9.100844522436091e-07 71
1690141508781 8.037157499529712e-07 72
1690141509023 7.480521730940382e-07 73
1690141509264 6.64575395603606e-07 74
1690141509583 6.442251105909236e-07 75
1690141509906 5.89408728046692e-07 76
1690141510208 5.133918534738768e-07 77
1690141510460 4.6550206889151013e-07 78
1690141510710 4.414168586208689e-07 79
