1690141485400 1.005724549293518 0
1690141485736 0.9546884298324585 1
1690141486064 0.9000866413116455 2
1690141486309 0.8328069448471069 3
1690141486635 0.7486650943756104 4
1690141486948 0.6439273357391357 5
1690141487196 0.5247420072555542 6
1690141487543 0.4006446301937103 7
1690141487874 0.28211867809295654 8
1690141488161 0.1819991022348404 9
1690141488434 0.1072690337896347 10
1690141488759 0.059526726603507996 11
1690141489094 0.032304052263498306 12
1690141489377 0.022388478741049767 13
1690141489690 0.016939479857683182 14
1690141489973 0.014071861281991005 15
1690141490236 0.011801358312368393 16
1690141490496 0.010781599208712578 17
1690141490730 0.009051883593201637 18
1690141491014 0.00762981316074729 19
1690141491307 0.0068083093501627445 20
1690141491621 0.006227286998182535 21
1690141491928 0.0053693801164627075 22
1690141492270 0.00484769232571125 23
1690141492601 0.004146623890846968 24
1690141492932 0.00389493559487164 25
1690141493196 0.003779269754886627 26
1690141493504 0.0033260800410062075 27
1690141493780 0.0031971479766070843 28
1690141494150 0.003057074034586549 29
1690141494489 0.0027592102997004986 30
1690141494905 0.002698369789868593 31
1690141495241 0.0025465565267950296 32
1690141495639 0.002484823577105999 33
1690141496050 0.002412600675597787 34
1690141496433 0.002276074141263962 35
1690141496825 0.0020421184599399567 36
1690141497298 0.0018796795047819614 37
1690141497818 0.0018827930325642228 38
1690141498246 0.0017908161971718073 39
1690141498804 0.0016308615449815989 40
1690141499221 0.0015246965922415257 41
1690141499734 0.0015731796156615019 42
1690141500170 0.0013576281489804387 43
1690141500718 0.001482390332967043 44
1690141501136 0.001291582826524973 45
1690141501525 0.0011519906111061573 46
1690141501882 0.0012100714957341552 47
1690141502201 0.001106016687117517 48
1690141502509 0.0010513101005926728 49
1690141502807 0.0010041020577773452 50
1690141503097 0.0009253474418073893 51
1690141503521 0.0009414585074409842 52
1690141503808 0.0008079046965576708 53
1690141504070 0.000926766253542155 54
1690141504320 0.000853746896609664 55
1690141504599 0.0006959985475987196 56
1690141504850 0.0008383510867133737 57
1690141505128 0.0006818666006438434 58
1690141505375 0.0006379599799402058 59
1690141505650 0.0005902730044908822 60
1690141505910 0.0005607161438092589 61
1690141506149 0.0005707175005227327 62
1690141506390 0.00045896973460912704 63
1690141506619 0.0004828665405511856 64
1690141506859 0.0004920698120258749 65
1690141507164 0.000434855290222913 66
1690141507406 0.0005500027909874916 67
1690141507730 0.0004237484245095402 68
1690141508007 0.00036291725700721145 69
1690141508274 0.000374687893781811 70
1690141508525 0.00042060037958435714 71
1690141508781 0.0003684324328787625 72
1690141509023 0.0003426905022934079 73
1690141509264 0.0002894264762289822 74
1690141509583 0.00030792964389547706 75
1690141509906 0.00030163920018821955 76
1690141510208 0.0002625672786962241 77
1690141510460 0.00023055236670188606 78
1690141510710 0.0002818172797560692 79
