1689600526638 1.9256213903427124 0
1689600526886 1.346032977104187 1
1689600527117 1.3483920097351074 2
1689600527345 1.3441972732543945 3
1689600527569 1.3448717594146729 4
1689600527811 1.3465678691864014 5
1689600528049 1.345191478729248 6
1689600528302 1.3507722616195679 7
1689600528569 1.343125581741333 8
1689600528828 1.343726634979248 9
1689600529053 1.347395420074463 10
1689600529279 1.342099666595459 11
1689600529526 1.3478467464447021 12
1689600529769 1.3422688245773315 13
1689600530018 1.3406227827072144 14
1689600530242 1.3393809795379639 15
1689600530481 1.3538252115249634 16
1689600530716 1.338539481163025 17
1689600530946 1.3508274555206299 18
1689600531176 1.344157338142395 19
1689600531412 1.3402962684631348 20
1689600531658 1.3445332050323486 21
1689600531896 1.3441665172576904 22
1689600532151 1.3441497087478638 23
1689600532384 1.3439706563949585 24
1689600532622 1.3535939455032349 25
1689600532856 1.33953857421875 26
1689600533072 1.3410941362380981 27
1689600533309 1.3448460102081299 28
1689600533543 1.3445316553115845 29
1689600533784 1.3420878648757935 30
1689600534033 1.3410248756408691 31
1689600534282 1.3396714925765991 32
1689600534541 1.346722960472107 33
1689600534797 1.3423542976379395 34
1689600535048 1.3458225727081299 35
1689600535294 1.3449946641921997 36
1689600535558 1.342793345451355 37
1689600535797 1.3402162790298462 38
1689600536044 1.3418974876403809 39
