1689600526638 1.1523038148880005 0
1689600526886 1.0040305852890015 1
1689600527117 1.0053189992904663 2
1689600527345 1.0035080909729004 3
1689600527569 1.0029195547103882 4
1689600527811 1.0065045356750488 5
1689600528049 1.0042294263839722 6
1689600528302 1.0075300931930542 7
1689600528569 1.0038774013519287 8
1689600528828 1.0020411014556885 9
1689600529053 1.005125641822815 10
1689600529279 1.0035696029663086 11
1689600529526 1.0046429634094238 12
1689600529769 1.0029070377349854 13
1689600530018 1.003273367881775 14
1689600530242 1.0023466348648071 15
1689600530481 1.0073226690292358 16
1689600530716 1.0021370649337769 17
1689600530946 1.0041019916534424 18
1689600531176 1.0041228532791138 19
1689600531412 1.00159752368927 20
1689600531658 1.0048887729644775 21
1689600531896 1.0036447048187256 22
1689600532151 1.0043411254882812 23
1689600532384 1.0039767026901245 24
1689600532622 1.0086169242858887 25
1689600532856 1.0018528699874878 26
1689600533072 1.001639723777771 27
1689600533309 1.0023061037063599 28
1689600533543 1.0021785497665405 29
1689600533784 1.001867651939392 30
1689600534033 1.0032685995101929 31
1689600534282 1.0034852027893066 32
1689600534541 1.0060847997665405 33
1689600534797 1.0032764673233032 34
1689600535048 1.0056419372558594 35
1689600535294 1.0051525831222534 36
1689600535558 1.002536654472351 37
1689600535797 1.0022826194763184 38
1689600536044 1.0030884742736816 39
