1689084798293 0.19700706005096436 0
1689084798316 0.18896964192390442 1
1689084798330 0.18356792628765106 2
1689084798344 0.17929020524024963 3
1689084798357 0.17566826939582825 4
1689084798370 0.1724875420331955 5
1689084798385 0.16962935030460358 6
1689084798419 0.1670203059911728 7
1689084798434 0.1646115630865097 8
1689084798449 0.16236867010593414 9
1689084798464 0.16026641428470612 10
1689084798477 0.1582857221364975 11
1689084798489 0.1564117670059204 12
1689084798503 0.1546327918767929 13
1689084798517 0.1529393196105957 14
1689084798531 0.15132354199886322 15
1689084798546 0.1497790664434433 16
1689084798562 0.14830027520656586 17
1689084798606 0.14688266813755035 18
1689084798621 0.1455221325159073 19
1689084798636 0.14421527087688446 20
1689084798652 0.14295899868011475 21
1689084798666 0.14175055921077728 22
1689084798681 0.14058755338191986 23
1689084798696 0.13946785032749176 24
1689084798713 0.13838933408260345 25
1689084798732 0.1373501718044281 26
1689084798752 0.1363486647605896 27
1689084798771 0.13538312911987305 28
1689084798788 0.13445205986499786 29
1689084798806 0.13355392217636108 30
1689084798827 0.13268721103668213 31
1689084798847 0.13185055553913116 32
1689084798889 0.13104256987571716 33
1689084798969 0.13026173412799835 34
1689084798987 0.12950670719146729 35
1689084799005 0.12877598404884338 36
1689084799022 0.12806816399097443 37
1689084799041 0.12738166749477386 38
1689084799061 0.1267150491476059 39
1689084799079 0.12606671452522278 40
1689084799101 0.12543505430221558 41
1689084799120 0.12481848150491714 42
1689084799138 0.12421537190675735 43
1689084799156 0.12362401932477951 44
1689084799174 0.12304282188415527 45
1689084799193 0.12247016280889511 46
1689084799214 0.12190447002649307 47
1689084799229 0.12134431302547455 48
1689084799247 0.12078820168972015 49
1689084799263 0.12023497372865677 50
1689084799283 0.11968350410461426 51
1689084799308 0.11913289874792099 52
1689084799346 0.1185823380947113 53
1689084799370 0.11803136765956879 54
1689084799396 0.11747957020998001 55
1689084799417 0.11692667007446289 56
1689084799437 0.1163727268576622 57
1689084799456 0.11581764370203018 58
1689084799473 0.11526170372962952 59
1689084799489 0.11470505595207214 60
1689084799504 0.11414796113967896 61
1689084799589 0.11359076201915741 62
1689084799603 0.11303375661373138 63
1689084799620 0.11247724294662476 64
1689084799637 0.11192154139280319 65
1689084799655 0.11136698722839355 66
1689084799681 0.11081376671791077 67
1689084799704 0.11026223003864288 68
1689084799728 0.109712615609169 69
1689084799749 0.10916514694690704 70
1689084799766 0.10862003266811371 71
1689084799781 0.10807747393846512 72
1689084799796 0.10753762722015381 73
1689084799811 0.1070006787776947 74
1689084799826 0.10646677017211914 75
1689084799839 0.10593602061271667 76
1689084799854 0.10540858656167984 77
1689084799869 0.1048845499753952 78
1689084799884 0.10436399281024933 79
1689084799899 0.10384707152843475 80
1689084799915 0.10333378612995148 81
1689084799929 0.10282427072525024 82
1689084799941 0.10231854766607285 83
1689084799955 0.10181667655706406 84
1689084799970 0.10131875425577164 85
1689084799987 0.10082478076219559 86
1689084800003 0.10033481568098068 87
1689084800017 0.09984886646270752 88
1689084800031 0.09936702996492386 89
1689084800045 0.09888927638530731 90
1689084800059 0.09841561317443848 91
1689084800073 0.09794613718986511 92
1689084800086 0.09748079627752304 93
1689084800101 0.09701966494321823 94
1689084800115 0.0965627059340477 95
1689084800130 0.09610992670059204 96
1689084800143 0.09566137939691544 97
1689084800157 0.09521704912185669 98
1689084800170 0.09477690607309341 99
1689084800185 0.09434100985527039 100
1689084800200 0.09390933066606522 101
1689084800215 0.0934818759560585 102
1689084800229 0.09305864572525024 103
1689084800336 0.09263963997364044 104
1689084800350 0.09222482144832611 105
1689084800365 0.09181421995162964 106
1689084800380 0.09140785783529282 107
1689084800393 0.09100566059350967 108
1689084800408 0.09060768783092499 109
1689084800422 0.0902138501405716 110
1689084800436 0.08982419222593307 111
1689084800449 0.08943869173526764 112
1689084800464 0.08905735611915588 113
1689084800479 0.08868014812469482 114
1689084800492 0.08830705285072327 115
1689084800504 0.08793805539608002 116
1689084800518 0.08757311850786209 117
1689084800533 0.08721226453781128 118
1689084800547 0.0868554413318634 119
1689084800561 0.08650266379117966 120
1689084800574 0.08615384995937347 121
1689084800588 0.08580902218818665 122
1689084800602 0.08546812832355499 123
1689084800616 0.08513113856315613 124
1689084800630 0.08479802310466766 125
1689084800643 0.08446875214576721 126
1689084800655 0.08414326608181 127
1689084800669 0.08382156491279602 128
1689084800683 0.08350354433059692 129
1689084800700 0.08318918943405151 130
1689084800716 0.08287844806909561 131
1689084800732 0.08257120102643967 132
1689084800747 0.08226744830608368 133
1689084800762 0.0819670557975769 134
1689084800775 0.08167000859975815 135
1689084800789 0.08137615025043488 136
1689084800802 0.08108540624380112 137
1689084800817 0.08079767972230911 138
1689084800831 0.08051285147666931 139
1689084800844 0.08023073524236679 140
1689084800857 0.07995124906301498 141
1689084800871 0.07967426627874374 142
1689084800885 0.07939959317445755 143
1689084800900 0.07912712544202805 144
1689084800914 0.0788566842675209 145
1689084800929 0.07858818024396896 146
1689084800942 0.07832149416208267 147
1689084800956 0.07805652171373367 148
1689084800970 0.07779321074485779 149
1689084800983 0.07753150165081024 150
1689084800997 0.07727140188217163 151
1689084801011 0.07701289653778076 152
1689084801024 0.07675603032112122 153
1689084801037 0.0765007883310318 154
1689084801052 0.07624728977680206 155
1689084801066 0.07599551230669022 156
1689084801080 0.07574556022882462 157
1689084801093 0.07549744099378586 158
1689084801107 0.0752512663602829 159
1689084801120 0.07500705868005753 160
1689084801136 0.07476489245891571 161
1689084801150 0.07452479749917984 162
1689084801165 0.07428683340549469 163
1689084801179 0.07405105233192444 164
1689084801327 0.07381755113601685 165
1689084801341 0.07358657568693161 166
1689084801356 0.07336054742336273 167
1689084801371 0.07314126193523407 168
1689084801384 0.07292574644088745 169
1689084801424 0.07269356399774551 170
1689084801444 0.07247310131788254 171
1689084801462 0.07225644588470459 172
1689084801475 0.07204270362854004 173
1689084801490 0.07183128595352173 174
1689084801503 0.07162228226661682 175
1689084801517 0.07141557335853577 176
1689084801531 0.07121126353740692 177
1689084801545 0.07100936770439148 178
1689084801558 0.07080992311239243 179
1689084801573 0.07061289995908737 180
1689084801587 0.0704183280467987 181
1689084801601 0.07022620737552643 182
1689084801614 0.07003659009933472 183
1689084801629 0.06984945386648178 184
1689084801644 0.0696648508310318 185
1689084801657 0.06948281824588776 186
1689084801671 0.06930387765169144 187
1689084801685 0.0691281408071518 188
1689084801699 0.0689578428864479 189
1689084801713 0.06878594309091568 190
1689084801726 0.06861640512943268 191
1689084801739 0.06844635307788849 192
1689084801752 0.06828048825263977 193
1689084801767 0.0681169182062149 194
1689084801781 0.06795612722635269 195
1689084801796 0.06779736280441284 196
1689084801809 0.06764093786478043 197
1689084801822 0.06748645007610321 198
1689084801840 0.06733420491218567 199
1689084801855 0.06718391180038452 200
1689084801879 0.06703588366508484 201
1689084801900 0.0668899416923523 202
1689084801928 0.06674666702747345 203
1689084801949 0.06660535931587219 204
1689084801966 0.06646720319986343 205
1689084801981 0.06632954627275467 206
1689084801995 0.06619453430175781 207
1689084802010 0.06606010347604752 208
1689084802023 0.06592875719070435 209
1689084802037 0.06579926609992981 210
1689084802051 0.06567265838384628 211
1689084802066 0.06554819643497467 212
1689084802081 0.06542649865150452 213
1689084802095 0.06530705839395523 214
1689084802108 0.06519034504890442 215
1689084802122 0.06507598608732224 216
1689084802136 0.06496459245681763 217
1689084802150 0.06485547870397568 218
1689084802165 0.06474955379962921 219
1689084802179 0.06464561820030212 220
1689084802192 0.06454482674598694 221
1689084802205 0.06444564461708069 222
1689084802219 0.06434968113899231 223
1689084802234 0.06425562500953674 224
1689084802247 0.06416480243206024 225
1689084802261 0.0640762522816658 226
1689084802274 0.06399088352918625 227
1689084802288 0.0639079213142395 228
1689084802302 0.06382806599140167 229
1689084802317 0.06375063955783844 230
1689084802331 0.06367635726928711 231
1689084802346 0.0636044442653656 232
1689084802360 0.063535675406456 233
1689084802372 0.06346912682056427 234
1689084802385 0.06340568512678146 235
1689084802400 0.06334424763917923 236
1689084802414 0.06328584998846054 237
1689084802429 0.06322939693927765 238
1689084802444 0.06317596882581711 239
1689084802456 0.0631246343255043 240
1689084802469 0.0630761981010437 241
1689084802484 0.06302991509437561 242
1689084802498 0.06298643350601196 243
1689084802678 0.06294509023427963 244
1689084802691 0.06290648132562637 245
1689084802705 0.06286989152431488 246
1689084802718 0.06283590197563171 247
1689084802732 0.062803715467453 248
1689084802746 0.06277409195899963 249
1689084802759 0.06274604797363281 250
1689084802772 0.0627204179763794 251
1689084802786 0.06269626319408417 252
1689084802799 0.06267431378364563 253
1689084802813 0.06265383958816528 254
1689084802826 0.06263550370931625 255
1689084802839 0.06261847913265228 256
1689084802853 0.06260344386100769 257
1689084802867 0.06258965283632278 258
1689084802881 0.06257764995098114 259
1689084802894 0.06256677955389023 260
1689084802906 0.06255742907524109 261
1689084802920 0.06254895031452179 262
1689084802934 0.06254184246063232 263
1689084802947 0.06253544986248016 264
1689084802962 0.06253018230199814 265
1689084802975 0.06252545863389969 266
1689084802989 0.06252170354127884 267
1689084803003 0.06251838803291321 268
1689084803016 0.06251582503318787 269
1689084803030 0.06251360476016998 270
1689084803044 0.06251199543476105 271
1689084803056 0.062510646879673 272
1689084803071 0.06250979006290436 273
1689084803087 0.06250904500484467 274
1689084803103 0.06250862777233124 275
1689084803118 0.06250826269388199 276
1689084803132 0.06250810623168945 277
1689084803146 0.06250791996717453 278
1689084803160 0.06250788271427155 279
1689084803173 0.06250782310962677 280
1689084803186 0.06250783801078796 281
1689084803200 0.06250784546136856 282
1689084803214 0.06250788271427155 283
1689084803229 0.06250791251659393 284
1689084803242 0.0625079870223999 285
1689084803256 0.06250807642936707 286
1689084803270 0.06250814348459244 287
1689084803284 0.0625082477927208 288
1689084803299 0.06250833719968796 289
1689084803312 0.06250841915607452 290
1689084803325 0.06250850856304169 291
1689084803338 0.06250856816768646 292
1689084803352 0.06250856071710587 293
1689084803367 0.06250861287117004 294
1689084803382 0.06250864267349243 295
1689084803397 0.06250864267349243 296
1689084803412 0.06250867247581482 297
1689084803426 0.06250868737697601 298
1689084803438 0.06250870227813721 299
1689084803452 0.0625087320804596 300
1689084803466 0.06250876933336258 301
1689084803480 0.06250876933336258 302
1689084803493 0.06250877678394318 303
1689084803506 0.06250882148742676 304
1689084803519 0.06250883638858795 305
1689084803533 0.06250884383916855 306
1689084803548 0.06250883638858795 307
1689084803563 0.06250885128974915 308
1689084803579 0.06250884383916855 309
1689084803595 0.06250882148742676 310
1689084803611 0.06250883638858795 311
1689084803625 0.06250883638858795 312
1689084803640 0.06250882148742676 313
1689084803654 0.06250884383916855 314
1689084803668 0.06250880658626556 315
1689084803683 0.06250887364149094 316
1689084803696 0.06250883638858795 317
1689084803711 0.06250885128974915 318
1689084803724 0.06250886619091034 319
1689084803737 0.06250885874032974 320
1689084803750 0.06250885874032974 321
1689084803765 0.06250885128974915 322
1689084803779 0.06250883638858795 323
1689084803792 0.06250883638858795 324
1689084803805 0.06250882893800735 325
1689084803818 0.06250885128974915 326
1689084803833 0.06250885128974915 327
1689084803847 0.06250884383916855 328
1689084803862 0.06250882893800735 329
1689084803876 0.06250885874032974 330
1689084803889 0.06250883638858795 331
1689084803903 0.06250886619091034 332
1689084803918 0.06250883638858795 333
1689084803931 0.06250887364149094 334
1689084803944 0.06250885128974915 335
1689084803958 0.06250885874032974 336
1689084803971 0.06250882148742676 337
1689084803986 0.06250884383916855 338
1689084803999 0.06250882893800735 339
1689084804013 0.06250885128974915 340
1689084804027 0.06250885128974915 341
1689084804040 0.06250885128974915 342
1689084804053 0.06250883638858795 343
1689084804068 0.06250885128974915 344
1689084804082 0.06250886619091034 345
1689084804096 0.06250886619091034 346
1689084804109 0.06250886619091034 347
1689084804123 0.06250885128974915 348
1689084804136 0.06250885128974915 349
1689084804367 0.06250885128974915 350
1689084804382 0.06250885874032974 351
1689084804412 0.06250883638858795 352
1689084804436 0.06250882148742676 353
1689084804456 0.06250883638858795 354
1689084804471 0.06250885128974915 355
1689084804487 0.06250885128974915 356
1689084804501 0.06250885128974915 357
1689084804516 0.06250885128974915 358
1689084804530 0.06250882893800735 359
1689084804542 0.06250886619091034 360
1689084804554 0.06250885874032974 361
1689084804569 0.06250886619091034 362
1689084804583 0.06250885128974915 363
1689084804596 0.06250884383916855 364
1689084804610 0.06250885128974915 365
1689084804623 0.06250883638858795 366
1689084804636 0.06250886619091034 367
1689084804650 0.06250885128974915 368
1689084804664 0.06250882148742676 369
1689084804678 0.06250882893800735 370
1689084804692 0.06250883638858795 371
1689084804705 0.06250883638858795 372
1689084804718 0.06250883638858795 373
1689084804731 0.06250883638858795 374
1689084804745 0.06250884383916855 375
1689084804758 0.06250884383916855 376
1689084804772 0.06250883638858795 377
1689084804786 0.06250883638858795 378
1689084804801 0.06250882893800735 379
1689084804814 0.06250885128974915 380
1689084804827 0.06250882148742676 381
1689084804840 0.06250882893800735 382
1689084804854 0.06250882148742676 383
1689084804867 0.06250885128974915 384
1689084804882 0.06250884383916855 385
1689084804896 0.06250887364149094 386
1689084804909 0.06250883638858795 387
1689084804922 0.06250885128974915 388
1689084804936 0.06250883638858795 389
1689084804950 0.06250883638858795 390
1689084804966 0.06250882893800735 391
1689084804979 0.06250883638858795 392
1689084804991 0.06250883638858795 393
1689084805005 0.06250885874032974 394
1689084805019 0.06250882893800735 395
1689084805032 0.06250885874032974 396
1689084805047 0.06250882893800735 397
1689084805060 0.06250885128974915 398
1689084805073 0.06250883638858795 399
1689084805090 0.06250885128974915 400
1689084805104 0.06250882148742676 401
1689084805117 0.06250883638858795 402
1689084805131 0.06250880658626556 403
1689084805146 0.06250883638858795 404
1689084805159 0.06250882893800735 405
1689084805174 0.06250884383916855 406
1689084805191 0.06250884383916855 407
1689084805207 0.06250886619091034 408
1689084805224 0.06250883638858795 409
1689084805237 0.06250882893800735 410
1689084805252 0.06250883638858795 411
1689084805270 0.06250883638858795 412
1689084805286 0.06250885128974915 413
1689084805301 0.06250883638858795 414
1689084805316 0.06250882893800735 415
1689084805331 0.06250882893800735 416
1689084805345 0.06250882148742676 417
1689084805359 0.06250884383916855 418
1689084805373 0.06250882148742676 419
1689084805386 0.06250883638858795 420
1689084805400 0.06250882148742676 421
1689084805415 0.06250882148742676 422
1689084805429 0.06250882893800735 423
1689084805441 0.06250880658626556 424
1689084805454 0.06250883638858795 425
1689084805468 0.06250883638858795 426
1689084805482 0.06250883638858795 427
1689084805496 0.06250883638858795 428
1689084805509 0.06250885128974915 429
1689084805521 0.06250884383916855 430
1689084805535 0.06250882893800735 431
1689084805548 0.06250886619091034 432
1689084805562 0.06250882893800735 433
1689084805575 0.06250884383916855 434
1689084805588 0.06250885128974915 435
1689084805601 0.06250883638858795 436
1689084805615 0.06250881403684616 437
1689084805629 0.06250883638858795 438
1689084805642 0.06250882893800735 439
1689084805656 0.06250883638858795 440
1689084805670 0.06250882893800735 441
1689084805684 0.06250886619091034 442
1689084805698 0.06250881403684616 443
1689084805712 0.06250880658626556 444
1689084805725 0.06250883638858795 445
1689084805738 0.06250884383916855 446
1689084805752 0.06250884383916855 447
1689084805766 0.06250882893800735 448
1689084805780 0.06250883638858795 449
1689084805794 0.06250881403684616 450
1689084805806 0.06250883638858795 451
1689084805819 0.06250885128974915 452
1689084805833 0.06250881403684616 453
1689084805847 0.06250883638858795 454
1689084805860 0.06250883638858795 455
1689084805873 0.06250883638858795 456
1689084805886 0.06250882148742676 457
1689084805899 0.06250883638858795 458
1689084805913 0.06250880658626556 459
1689084805927 0.06250883638858795 460
1689084805940 0.06250882148742676 461
1689084805954 0.06250882148742676 462
1689084805968 0.06250882148742676 463
1689084805981 0.06250883638858795 464
1689084805994 0.06250883638858795 465
1689084806007 0.06250882893800735 466
1689084806020 0.06250882148742676 467
1689084806034 0.06250882148742676 468
1689084806047 0.06250884383916855 469
1689084806060 0.06250882893800735 470
1689084806073 0.06250882148742676 471
1689084806087 0.06250883638858795 472
1689084806101 0.06250880658626556 473
1689084806115 0.06250883638858795 474
1689084806129 0.06250882148742676 475
1689084806142 0.06250884383916855 476
1689084806155 0.06250882148742676 477
1689084806168 0.06250882893800735 478
1689084806181 0.06250880658626556 479
1689084806196 0.06250882893800735 480
1689084806478 0.06250882893800735 481
1689084806491 0.06250883638858795 482
1689084806504 0.06250882148742676 483
1689084806518 0.06250884383916855 484
1689084806533 0.06250882148742676 485
1689084806546 0.06250882893800735 486
1689084806561 0.06250883638858795 487
1689084806575 0.06250881403684616 488
1689084806589 0.06250882148742676 489
1689084806604 0.06250882148742676 490
1689084806619 0.06250883638858795 491
1689084806635 0.06250882148742676 492
1689084806648 0.06250879913568497 493
1689084806661 0.06250882148742676 494
1689084806674 0.06250882893800735 495
1689084806686 0.06250882893800735 496
1689084806701 0.06250880658626556 497
1689084806714 0.06250881403684616 498
1689084806729 0.06250882893800735 499
