1689084798293 0.2522565722465515 0
1689084798316 0.2542822062969208 1
1689084798330 0.25727343559265137 2
1689084798344 0.2597174644470215 3
1689084798357 0.2618444859981537 4
1689084798370 0.263759970664978 5
1689084798385 0.2655220329761505 6
1689084798419 0.2671666443347931 7
1689084798434 0.2687176465988159 8
1689084798449 0.2701916992664337 9
1689084798464 0.27160096168518066 10
1689084798477 0.27295446395874023 11
1689084798489 0.2742592394351959 12
1689084798503 0.27552056312561035 13
1689084798517 0.27674275636672974 14
1689084798531 0.27792906761169434 15
1689084798546 0.2790822982788086 16
1689084798562 0.2802043557167053 17
1689084798606 0.281296968460083 18
1689084798621 0.28236138820648193 19
1689084798636 0.28339850902557373 20
1689084798652 0.28440895676612854 21
1689084798666 0.2853931784629822 22
1689084798681 0.2863512933254242 23
1689084798696 0.28728336095809937 24
1689084798713 0.28818899393081665 25
1689084798732 0.28906792402267456 26
1689084798752 0.28991952538490295 27
1689084798771 0.29074302315711975 28
1689084798788 0.2915375530719757 29
1689084798806 0.2923019528388977 30
1689084798827 0.29303503036499023 31
1689084798847 0.2937353253364563 32
1689084798889 0.29440128803253174 33
1689084798969 0.2950310707092285 34
1689084798987 0.2956227660179138 35
1689084799005 0.29617419838905334 36
1689084799022 0.2966831922531128 37
1689084799041 0.29714715480804443 38
1689084799061 0.2975635528564453 39
1689084799079 0.29792964458465576 40
1689084799101 0.29824256896972656 41
1689084799120 0.2984994947910309 42
1689084799138 0.2986975312232971 43
1689084799156 0.29883381724357605 44
1689084799174 0.29890578985214233 45
1689084799193 0.2989110052585602 46
1689084799214 0.2988474667072296 47
1689084799229 0.298713743686676 48
1689084799247 0.29850879311561584 49
1689084799263 0.2982325851917267 50
1689084799283 0.2978856861591339 51
1689084799308 0.2974696159362793 52
1689084799346 0.2969866394996643 53
1689084799370 0.2964400053024292 54
1689084799396 0.29583337903022766 55
1689084799417 0.2951711416244507 56
1689084799437 0.29445815086364746 57
1689084799456 0.2936992049217224 58
1689084799473 0.2928994297981262 59
1689084799489 0.2920635938644409 60
1689084799504 0.291196346282959 61
1689084799589 0.2903020977973938 62
1689084799603 0.28938472270965576 63
1689084799620 0.2884477972984314 64
1689084799637 0.28749439120292664 65
1689084799655 0.2865273356437683 66
1689084799681 0.2855488657951355 67
1689084799704 0.2845610976219177 68
1689084799728 0.2835657000541687 69
1689084799749 0.28256428241729736 70
1689084799766 0.28155791759490967 71
1689084799781 0.2805476784706116 72
1689084799796 0.2795344889163971 73
1689084799811 0.27851903438568115 74
1689084799826 0.2775019705295563 75
1689084799839 0.27648380398750305 76
1689084799854 0.2754650115966797 77
1689084799869 0.27444589138031006 78
1689084799884 0.27342677116394043 79
1689084799899 0.27240797877311707 80
1689084799915 0.2713896632194519 81
1689084799929 0.2703721225261688 82
1689084799941 0.2693554162979126 83
1689084799955 0.26833978295326233 84
1689084799970 0.2673253118991852 85
1689084799987 0.2663121223449707 86
1689084800003 0.26530027389526367 87
1689084800017 0.264289915561676 88
1689084800031 0.26328107714653015 89
1689084800045 0.2622738480567932 90
1689084800059 0.2612682580947876 91
1689084800073 0.26026439666748047 92
1689084800086 0.2592622637748718 93
1689084800101 0.25826194882392883 94
1689084800115 0.2572634518146515 95
1689084800130 0.25626683235168457 96
1689084800143 0.2552720308303833 97
1689084800157 0.2542791962623596 98
1689084800170 0.25328826904296875 99
1689084800185 0.2522992491722107 100
1689084800200 0.2513121962547302 101
1689084800215 0.25032711029052734 102
1689084800229 0.25 103
1689084800336 0.2500000298023224 104
1689084800350 0.25 105
1689084800365 0.2499999850988388 106
1689084800380 0.25 107
1689084800393 0.25 108
1689084800408 0.2500000298023224 109
1689084800422 0.25 110
1689084800436 0.25 111
1689084800449 0.2499999701976776 112
1689084800464 0.25 113
1689084800479 0.25 114
1689084800492 0.25 115
1689084800504 0.25 116
1689084800518 0.25 117
1689084800533 0.25 118
1689084800547 0.25 119
1689084800561 0.25 120
1689084800574 0.25 121
1689084800588 0.25 122
1689084800602 0.25 123
1689084800616 0.25 124
1689084800630 0.25 125
1689084800643 0.25 126
1689084800655 0.25 127
1689084800669 0.25 128
1689084800683 0.25 129
1689084800700 0.25 130
1689084800716 0.25 131
1689084800732 0.25 132
1689084800747 0.25 133
1689084800762 0.2499999701976776 134
1689084800775 0.25 135
1689084800789 0.25 136
1689084800802 0.2499999850988388 137
1689084800817 0.25 138
1689084800831 0.2500000298023224 139
1689084800844 0.2499999850988388 140
1689084800857 0.2499999701976776 141
1689084800871 0.25 142
1689084800885 0.25 143
1689084800900 0.25 144
1689084800914 0.25 145
1689084800929 0.25 146
1689084800942 0.25 147
1689084800956 0.25 148
1689084800970 0.25 149
1689084800983 0.25 150
1689084800997 0.25 151
1689084801011 0.25 152
1689084801024 0.25 153
1689084801037 0.25 154
1689084801052 0.25 155
1689084801066 0.25 156
1689084801080 0.25 157
1689084801093 0.25 158
1689084801107 0.25 159
1689084801120 0.2499999850988388 160
1689084801136 0.25 161
1689084801150 0.25 162
1689084801165 0.25 163
1689084801179 0.25 164
1689084801327 0.2500000298023224 165
1689084801341 0.2500000298023224 166
1689084801356 0.25 167
1689084801371 0.25 168
1689084801384 0.2499999850988388 169
1689084801424 0.2499999850988388 170
1689084801444 0.25 171
1689084801462 0.25 172
1689084801475 0.25 173
1689084801490 0.25 174
1689084801503 0.2500000298023224 175
1689084801517 0.25 176
1689084801531 0.2499999701976776 177
1689084801545 0.2499999701976776 178
1689084801558 0.25 179
1689084801573 0.25 180
1689084801587 0.25 181
1689084801601 0.25 182
1689084801614 0.25 183
1689084801629 0.25 184
1689084801644 0.25 185
1689084801657 0.25 186
1689084801671 0.25 187
1689084801685 0.25 188
1689084801699 0.25 189
1689084801713 0.25 190
1689084801726 0.25 191
1689084801739 0.25 192
1689084801752 0.25 193
1689084801767 0.25 194
1689084801781 0.25 195
1689084801796 0.2499999701976776 196
1689084801809 0.25 197
1689084801822 0.2499999850988388 198
1689084801840 0.25 199
1689084801855 0.25 200
1689084801879 0.2499999701976776 201
1689084801900 0.2500000298023224 202
1689084801928 0.25 203
1689084801949 0.2499999850988388 204
1689084801966 0.25 205
1689084801981 0.25 206
1689084801995 0.2499999701976776 207
1689084802010 0.2499999701976776 208
1689084802023 0.25 209
1689084802037 0.2500000298023224 210
1689084802051 0.2500000298023224 211
1689084802066 0.25 212
1689084802081 0.2500000298023224 213
1689084802095 0.2500000298023224 214
1689084802108 0.25 215
1689084802122 0.2499999850988388 216
1689084802136 0.25 217
1689084802150 0.2499999850988388 218
1689084802165 0.2499999850988388 219
1689084802179 0.2500000298023224 220
1689084802192 0.25 221
1689084802205 0.24999995529651642 222
1689084802219 0.25 223
1689084802234 0.25 224
1689084802247 0.25 225
1689084802261 0.2499999850988388 226
1689084802274 0.25 227
1689084802288 0.25 228
1689084802302 0.25 229
1689084802317 0.25 230
1689084802331 0.25 231
1689084802346 0.25 232
1689084802360 0.2499999701976776 233
1689084802372 0.25 234
1689084802385 0.2499999850988388 235
1689084802400 0.2500000298023224 236
1689084802414 0.25 237
1689084802429 0.2499999850988388 238
1689084802444 0.2499999701976776 239
1689084802456 0.2500000298023224 240
1689084802469 0.2500000298023224 241
1689084802484 0.2500000298023224 242
1689084802498 0.2499999850988388 243
1689084802678 0.25 244
1689084802691 0.25 245
1689084802705 0.2500000596046448 246
1689084802718 0.25 247
1689084802732 0.2499999701976776 248
1689084802746 0.2499999701976776 249
1689084802759 0.2499999850988388 250
1689084802772 0.25 251
1689084802786 0.2500000298023224 252
1689084802799 0.24999994039535522 253
1689084802813 0.25 254
1689084802826 0.2500000298023224 255
1689084802839 0.2499999850988388 256
1689084802853 0.2499999850988388 257
1689084802867 0.2499999701976776 258
1689084802881 0.2499999701976776 259
1689084802894 0.2500000596046448 260
1689084802906 0.2500000596046448 261
1689084802920 0.25 262
1689084802934 0.2499999701976776 263
1689084802947 0.25 264
1689084802962 0.25 265
1689084802975 0.2499999850988388 266
1689084802989 0.25 267
1689084803003 0.2500000596046448 268
1689084803016 0.2500000298023224 269
1689084803030 0.25 270
1689084803044 0.2499999850988388 271
1689084803056 0.2499999701976776 272
1689084803071 0.2500000298023224 273
1689084803087 0.25 274
1689084803103 0.2500000298023224 275
1689084803118 0.25 276
1689084803132 0.25 277
1689084803146 0.2499999701976776 278
1689084803160 0.2499999701976776 279
1689084803173 0.25 280
1689084803186 0.25 281
1689084803200 0.2500000298023224 282
1689084803214 0.2500000298023224 283
1689084803229 0.2499999850988388 284
1689084803242 0.25 285
1689084803256 0.25 286
1689084803270 0.2499999701976776 287
1689084803284 0.2499999701976776 288
1689084803299 0.2499999850988388 289
1689084803312 0.2499999701976776 290
1689084803325 0.25 291
1689084803338 0.25 292
1689084803352 0.24999994039535522 293
1689084803367 0.2499999701976776 294
1689084803382 0.2500000298023224 295
1689084803397 0.2499999701976776 296
1689084803412 0.2500000298023224 297
1689084803426 0.25 298
1689084803438 0.25 299
1689084803452 0.25 300
1689084803466 0.2500000596046448 301
1689084803480 0.2499999701976776 302
1689084803493 0.24999995529651642 303
1689084803506 0.25 304
1689084803519 0.25 305
1689084803533 0.25 306
1689084803548 0.25 307
1689084803563 0.2500000298023224 308
1689084803579 0.2500000298023224 309
1689084803595 0.2499999701976776 310
1689084803611 0.2500000298023224 311
1689084803625 0.2500000298023224 312
1689084803640 0.25 313
1689084803654 0.25 314
1689084803668 0.24999995529651642 315
1689084803683 0.2500000596046448 316
1689084803696 0.2499999850988388 317
1689084803711 0.25 318
1689084803724 0.2500000298023224 319
1689084803737 0.2499999850988388 320
1689084803750 0.25 321
1689084803765 0.2499999701976776 322
1689084803779 0.2499999850988388 323
1689084803792 0.2499999701976776 324
1689084803805 0.25 325
1689084803818 0.25 326
1689084803833 0.2500000298023224 327
1689084803847 0.25 328
1689084803862 0.2499999701976776 329
1689084803876 0.25 330
1689084803889 0.2499999701976776 331
1689084803903 0.25 332
1689084803918 0.2499999850988388 333
1689084803931 0.25 334
1689084803944 0.25 335
1689084803958 0.25 336
1689084803971 0.2499999701976776 337
1689084803986 0.2499999701976776 338
1689084803999 0.2499999850988388 339
1689084804013 0.25 340
1689084804027 0.2500000298023224 341
1689084804040 0.25 342
1689084804053 0.25 343
1689084804068 0.25 344
1689084804082 0.2500000596046448 345
1689084804096 0.2500000298023224 346
1689084804109 0.2500000298023224 347
1689084804123 0.25 348
1689084804136 0.25 349
1689084804367 0.2499999850988388 350
1689084804382 0.2500000298023224 351
1689084804412 0.2499999701976776 352
1689084804436 0.2499999701976776 353
1689084804456 0.2499999701976776 354
1689084804471 0.2500000298023224 355
1689084804487 0.25 356
1689084804501 0.25 357
1689084804516 0.2499999850988388 358
1689084804530 0.2499999701976776 359
1689084804542 0.2500000298023224 360
1689084804554 0.2500000298023224 361
1689084804569 0.2500000298023224 362
1689084804583 0.2500000298023224 363
1689084804596 0.25 364
1689084804610 0.2500000298023224 365
1689084804623 0.2499999701976776 366
1689084804636 0.2500000596046448 367
1689084804650 0.25 368
1689084804664 0.24999994039535522 369
1689084804678 0.2499999701976776 370
1689084804692 0.25 371
1689084804705 0.2499999701976776 372
1689084804718 0.25 373
1689084804731 0.2499999701976776 374
1689084804745 0.25 375
1689084804758 0.25 376
1689084804772 0.25 377
1689084804786 0.2499999701976776 378
1689084804801 0.2499999850988388 379
1689084804814 0.25 380
1689084804827 0.2499999850988388 381
1689084804840 0.24999995529651642 382
1689084804854 0.2499999701976776 383
1689084804867 0.25 384
1689084804882 0.25 385
1689084804896 0.2500000596046448 386
1689084804909 0.2499999850988388 387
1689084804922 0.25 388
1689084804936 0.25 389
1689084804950 0.2499999701976776 390
1689084804966 0.2499999850988388 391
1689084804979 0.25 392
1689084804991 0.25 393
1689084805005 0.2500000298023224 394
1689084805019 0.25 395
1689084805032 0.2500000298023224 396
1689084805047 0.2499999850988388 397
1689084805060 0.25 398
1689084805073 0.25 399
1689084805090 0.25 400
1689084805104 0.2499999701976776 401
1689084805117 0.25 402
1689084805131 0.24999994039535522 403
1689084805146 0.2499999701976776 404
1689084805159 0.25 405
1689084805174 0.25 406
1689084805191 0.2500000298023224 407
1689084805207 0.2500000596046448 408
1689084805224 0.25 409
1689084805237 0.2499999701976776 410
1689084805252 0.25 411
1689084805270 0.2499999850988388 412
1689084805286 0.25 413
1689084805301 0.25 414
1689084805316 0.25 415
1689084805331 0.2499999701976776 416
1689084805345 0.2499999701976776 417
1689084805359 0.25 418
1689084805373 0.2499999701976776 419
1689084805386 0.25 420
1689084805400 0.2499999850988388 421
1689084805415 0.2499999701976776 422
1689084805429 0.25 423
1689084805441 0.24999994039535522 424
1689084805454 0.25 425
1689084805468 0.25 426
1689084805482 0.2500000298023224 427
1689084805496 0.25 428
1689084805509 0.2500000298023224 429
1689084805521 0.25 430
1689084805535 0.25 431
1689084805548 0.2500000596046448 432
1689084805562 0.25 433
1689084805575 0.25 434
1689084805588 0.2500000298023224 435
1689084805601 0.25 436
1689084805615 0.2499999701976776 437
1689084805629 0.25 438
1689084805642 0.25 439
1689084805656 0.25 440
1689084805670 0.25 441
1689084805684 0.2500000596046448 442
1689084805698 0.2499999701976776 443
1689084805712 0.24999994039535522 444
1689084805725 0.25 445
1689084805738 0.25 446
1689084805752 0.2500000298023224 447
1689084805766 0.2499999701976776 448
1689084805780 0.2500000298023224 449
1689084805794 0.2499999701976776 450
1689084805806 0.25 451
1689084805819 0.2500000298023224 452
1689084805833 0.2499999850988388 453
1689084805847 0.25 454
1689084805860 0.25 455
1689084805873 0.25 456
1689084805886 0.25 457
1689084805899 0.25 458
1689084805913 0.2499999701976776 459
1689084805927 0.25 460
1689084805940 0.25 461
1689084805954 0.2499999701976776 462
1689084805968 0.25 463
1689084805981 0.25 464
1689084805994 0.2500000298023224 465
1689084806007 0.25 466
1689084806020 0.25 467
1689084806034 0.2499999701976776 468
1689084806047 0.2500000596046448 469
1689084806060 0.25 470
1689084806073 0.25 471
1689084806087 0.25 472
1689084806101 0.2499999701976776 473
1689084806115 0.25 474
1689084806129 0.25 475
1689084806142 0.2500000298023224 476
1689084806155 0.25 477
1689084806168 0.2499999850988388 478
1689084806181 0.2499999701976776 479
1689084806196 0.25 480
1689084806478 0.25 481
1689084806491 0.2500000298023224 482
1689084806504 0.25 483
1689084806518 0.2500000298023224 484
1689084806533 0.25 485
1689084806546 0.2499999850988388 486
1689084806561 0.2500000298023224 487
1689084806575 0.2499999701976776 488
1689084806589 0.25 489
1689084806604 0.2499999850988388 490
1689084806619 0.2500000298023224 491
1689084806635 0.2499999701976776 492
1689084806648 0.2499999701976776 493
1689084806661 0.2499999850988388 494
1689084806674 0.2500000298023224 495
1689084806686 0.25 496
1689084806701 0.2499999701976776 497
1689084806714 0.2499999701976776 498
1689084806729 0.2500000298023224 499
