1690145842765 0.567817747592926 0
1690145842978 0.12272485345602036 1
1690145843223 0.11361102014780045 2
1690145843650 0.10279687494039536 3
1690145843960 0.15220804512500763 4
1690145844211 0.10667432844638824 5
1690145844611 0.09733007103204727 6
1690145844952 0.12640830874443054 7
1690145845208 0.09722869843244553 8
1690145845454 0.09612711519002914 9
1690145845844 0.09994082897901535 10
1690145846071 0.09484899789094925 11
1690145846327 0.09605371206998825 12
1690145846619 0.10103164613246918 13
1690145846914 0.10205264389514923 14
1690145847230 0.10398773849010468 15
1690145847579 0.09225916862487793 16
1690145847898 0.10748148709535599 17
1690145848165 0.09398476034402847 18
1690145848429 0.09703260660171509 19
1690145848711 0.09139440953731537 20
1690145848954 0.09552568197250366 21
1690145849197 0.09886043518781662 22
1690145849465 0.0924096405506134 23
1690145849773 0.09518343210220337 24
1690145850013 0.09751822799444199 25
1690145850344 0.0953272208571434 26
1690145850797 0.09657019376754761 27
1690145851057 0.09390726685523987 28
1690145851317 0.09206647425889969 29
1690145851522 0.09892501682043076 30
1690145851938 0.09886828809976578 31
1690145852211 0.10077270865440369 32
1690145852453 0.09319192171096802 33
1690145852781 0.11108317226171494 34
1690145853016 0.0910923033952713 35
1690145853275 0.09337478876113892 36
1690145853528 0.09259966760873795 37
1690145853773 0.09573964774608612 38
1690145854072 0.09432633221149445 39
1690145854372 0.09020821005105972 40
1690145854622 0.08890669792890549 41
1690145854864 0.09624160826206207 42
1690145855138 0.09309247881174088 43
1690145855543 0.1002049371600151 44
1690145855851 0.09331748634576797 45
1690145856269 0.0936155766248703 46
1690145856503 0.09746818989515305 47
1690145856753 0.0985194593667984 48
1690145856985 0.0940910056233406 49
1690145857169 0.09083233773708344 50
1690145857402 0.08984984457492828 51
1690145857760 0.09217258542776108 52
1690145857986 0.0927044153213501 53
1690145858223 0.09296762198209763 54
1690145858466 0.09167420119047165 55
1690145858733 0.0933648869395256 56
1690145859036 0.08942276239395142 57
1690145859309 0.08876658231019974 58
1690145859678 0.09457531571388245 59
1690145859946 0.08956357091665268 60
1690145860226 0.09574969112873077 61
1690145860539 0.09131337702274323 62
1690145860845 0.09118404239416122 63
1690145861039 0.09196808189153671 64
1690145861304 0.08882363885641098 65
1690145861557 0.08813311904668808 66
1690145861922 0.09104612469673157 67
1690145862296 0.08993842452764511 68
1690145862599 0.09089983999729156 69
1690145862933 0.08807358145713806 70
1690145863293 0.08861586451530457 71
1690145863543 0.09129608422517776 72
1690145863759 0.09262385964393616 73
1690145864013 0.09131057560443878 74
1690145864270 0.09266921132802963 75
1690145864568 0.09048114717006683 76
1690145864930 0.09347417205572128 77
1690145865198 0.0901772528886795 78
1690145865506 0.08853446692228317 79
1690145865920 0.0928356796503067 80
1690145866201 0.09482363611459732 81
1690145866520 0.08869179338216782 82
1690145866845 0.0896739736199379 83
1690145867096 0.09741135686635971 84
1690145867366 0.09300045669078827 85
1690145867597 0.0885591059923172 86
1690145867867 0.09361138194799423 87
1690145868141 0.08794637024402618 88
1690145868386 0.08845753967761993 89
1690145868690 0.09228286892175674 90
1690145868930 0.08933991193771362 91
1690145869197 0.08868899196386337 92
1690145869517 0.09279605001211166 93
1690145869816 0.08726577460765839 94
1690145870073 0.08866894245147705 95
1690145870317 0.09080012142658234 96
1690145870637 0.09240230172872543 97
1690145870962 0.09004274755716324 98
1690145871342 0.09086614847183228 99
