1690136401665 0.5227667689323425 0
1690136401713 0.5000259280204773 1
1690136401737 0.4997722804546356 2
1690136401745 0.49955061078071594 3
1690136401769 0.4993491768836975 4
1690136401793 0.49915510416030884 5
1690136401801 0.49895554780960083 6
1690136401817 0.49873828887939453 7
1690136401841 0.49849238991737366 8
1690136401857 0.49820849299430847 9
1690136401873 0.49787867069244385 10
1690136401889 0.49749571084976196 11
1690136401905 0.49705278873443604 12
1690136401921 0.49654293060302734 13
1690136401985 0.49595874547958374 14
1690136402001 0.4952922463417053 15
1690136402017 0.4945348799228668 16
1690136402033 0.49367713928222656 17
1690136402049 0.49270886182785034 18
1690136402065 0.4916188418865204 19
1690136402081 0.49039503931999207 20
1690136402097 0.48902449011802673 21
1690136402105 0.4874931573867798 22
1690136402121 0.48578599095344543 23
1690136402137 0.4838871955871582 24
1690136402153 0.48177987337112427 25
1690136402169 0.479446679353714 26
1690136402185 0.4768694341182709 27
1690136402201 0.47402966022491455 28
1690136402209 0.4709085524082184 29
1690136402225 0.4674871265888214 30
1690136402250 0.46374619007110596 31
1690136402265 0.45966672897338867 32
1690136402286 0.4552291929721832 33
1690136402298 0.45041412115097046 34
1690136402314 0.44520169496536255 35
1690136402322 0.439572274684906 36
1690136402338 0.43350645899772644 37
1690136402354 0.4269862771034241 38
1690136402370 0.41999614238739014 39
1690136402386 0.41252389550209045 40
1690136402490 0.4045618772506714 41
1690136402506 0.3961067795753479 42
1690136402522 0.3871588408946991 43
1690136402538 0.39553242921829224 44
1690136402554 0.3926260471343994 45
1690136402562 0.37722155451774597 46
1690136402578 0.3685358762741089 47
1690136402594 0.3672831654548645 48
1690136402610 0.3650965988636017 49
1690136402626 0.36196666955947876 50
1690136402642 0.35790058970451355 51
1690136402650 0.3529176115989685 52
1690136402666 0.34704574942588806 53
1690136402686 0.3403206467628479 54
1690136402698 0.33278489112854004 55
1690136402714 0.3244878053665161 56
1690136402730 0.31548476219177246 57
1690136402746 0.3058362901210785 58
1690136402754 0.30935588479042053 59
1690136402770 0.30491748452186584 60
1690136402794 0.30610522627830505 61
1690136402802 0.31713759899139404 62
1690136402818 0.32180923223495483 63
1690136402834 0.3175857961177826 64
1690136402850 0.31426769495010376 65
1690136402866 0.31558957695961 66
1690136402886 0.31328943371772766 67
1690136402898 0.30789104104042053 68
1690136402906 0.29985854029655457 69
1690136402922 0.2948397696018219 70
1690136402938 0.28976207971572876 71
1690136402954 0.28790363669395447 72
1690136402970 0.28986865282058716 73
1690136402986 0.29153862595558167 74
1690136403002 0.29299306869506836 75
1690136403018 0.2937011420726776 76
1690136403034 0.294144868850708 77
1690136403050 0.2929938733577728 78
1690136403058 0.2903893291950226 79
1690136403082 0.2901809513568878 80
1690136403098 0.28515008091926575 81
1690136403114 0.28238868713378906 82
1690136403130 0.2818908393383026 83
1690136403146 0.28164786100387573 84
1690136403162 0.2817385196685791 85
1690136403178 0.28593283891677856 86
1690136403186 0.2876970171928406 87
1690136403202 0.28651949763298035 88
1690136403218 0.28280720114707947 89
1690136403234 0.27818992733955383 90
1690136403250 0.27868011593818665 91
1690136403266 0.27626726031303406 92
1690136403499 0.2783166170120239 93
1690136403523 0.27873924374580383 94
1690136403539 0.2775310277938843 95
1690136403555 0.2783617377281189 96
1690136403579 0.274556428194046 97
1690136403587 0.27401989698410034 98
1690136403603 0.2770082354545593 99
1690136403619 0.2772771120071411 100
1690136403635 0.27615368366241455 101
1690136403651 0.27570441365242004 102
1690136403667 0.2735590636730194 103
1690136403691 0.275158554315567 104
1690136403707 0.27426475286483765 105
1690136403723 0.27738046646118164 106
1690136403747 0.27516859769821167 107
1690136403771 0.2751021087169647 108
1690136403787 0.27679863572120667 109
1690136403811 0.2768782675266266 110
1690136403835 0.2781200706958771 111
1690136403859 0.2733979821205139 112
1690136403875 0.2772112190723419 113
1690136403891 0.28005748987197876 114
1690136403907 0.27527445554733276 115
1690136403923 0.27480414509773254 116
1690136403939 0.27794912457466125 117
1690136403955 0.27444130182266235 118
1690136403971 0.274318665266037 119
1690136403987 0.2796645164489746 120
1690136404003 0.2781834304332733 121
1690136404011 0.26985523104667664 122
1690136404027 0.2798655033111572 123
1690136404043 0.28542858362197876 124
1690136404059 0.28434258699417114 125
1690136404075 0.2773408889770508 126
1690136404091 0.272495836019516 127
1690136404107 0.2825852632522583 128
1690136404123 0.28776437044143677 129
1690136404139 0.2856818437576294 130
1690136404155 0.27715402841567993 131
1690136404171 0.2742556631565094 132
1690136404187 0.2799920439720154 133
1690136404203 0.2832358777523041 134
1690136404219 0.28028541803359985 135
1690136404235 0.27243170142173767 136
1690136404251 0.27024757862091064 137
1690136404267 0.27262330055236816 138
1690136404287 0.26825863122940063 139
1690136404299 0.273985892534256 140
1690136404323 0.27694448828697205 141
1690136404339 0.27384692430496216 142
1690136404355 0.2672237753868103 143
1690136404363 0.27227574586868286 144
1690136404379 0.27095267176628113 145
1690136404403 0.2681705951690674 146
1690136404419 0.27177852392196655 147
1690136404435 0.2700652480125427 148
1690136404451 0.26765352487564087 149
1690136404467 0.2680278420448303 150
1690136404483 0.26809707283973694 151
1690136404499 0.2709204852581024 152
1690136404507 0.26815205812454224 153
1690136404531 0.2700382173061371 154
1690136404547 0.2714157700538635 155
1690136404555 0.26646652817726135 156
1690136404579 0.27316391468048096 157
1690136404587 0.2765367329120636 158
1690136404611 0.27403849363327026 159
1690136404627 0.26627862453460693 160
1690136404651 0.2755730450153351 161
1690136404667 0.2811080813407898 162
1690136404683 0.28000152111053467 163
1690136404691 0.2729649841785431 164
1690136404707 0.2672329843044281 165
1690136404723 0.2721482217311859 166
1690136404740 0.27115505933761597 167
1690136404747 0.2662374973297119 168
1690136404763 0.2701720893383026 169
1690136404787 0.27111127972602844 170
1690136405068 0.2660234868526459 171
1690136405100 0.271194726228714 172
1690136405124 0.2747134566307068 173
1690136405156 0.2725311517715454 174
1690136405180 0.26523324847221375 175
1690136405204 0.27374663949012756 176
1690136405236 0.27896130084991455 177
1690136405268 0.2777935266494751 178
1690136405300 0.27091914415359497 179
1690136405332 0.26683562994003296 180
1690136405364 0.27167460322380066 181
1690136405388 0.2707694172859192 182
1690136405412 0.2662911117076874 183
1690136405436 0.2681069076061249 184
1690136405468 0.2690441310405731 185
1690136405493 0.26414787769317627 186
1690136405525 0.2708435356616974 187
1690136405557 0.2742461562156677 188
1690136405581 0.2720981240272522 189
1690136405613 0.26496461033821106 190
1690136405637 0.27191343903541565 191
1690136405661 0.27704212069511414 192
1690136405689 0.2759682834148407 193
1690136405717 0.26934248208999634 194
1690136405749 0.26637932658195496 195
1690136405773 0.2710634469985962 196
1690136405797 0.27013686299324036 197
1690136405829 0.2655203640460968 198
1690136405845 0.26697930693626404 199
